-3
-2
2
1
-6
-3
2
6
13
4
-4
-12
-22
-21
-11
-4
3
2
-8
-3
-7
-10
-7
-13
-18
-15
-11
-5
5
10
15
18
19
11
8
11
14
13
9
12
10
14
18
18
25
21
20
22
21
16
18
16
16
18
12
9
7
10
11
13
16
6
-3
-1
-1
3
7
5
-5
-1
-1
-6
0
-4
3
4
2
4
2
1
-1
-3
2
7
7
4
6
12
10
11
6
1
6
13
11
8
14
8
8
14
18
20
12
8
4
2
7
7
2
1
-2
-11
-13
-20
-18
-17
-18
-12
-17
-34
-42
-40
-43
-38
-42
-45
-41
-34
-29
-29
-30
-28
-30
-23
-13
-8
-14
-7
-9
-7
-3
6
14
8
7
2
-1
-9
-8
1
1
-2
3
1
2
5
4
6
11
18
24
24
14
12
5
2
10
13
11
6
0
-9
-1
4
-2
1
4
5
3
2
6
9
12
12
4
-2
-3
-11
-12
-2
6
10
7
-5
-5
0
-3
2
6
9
16
13
7
10
6
1
3
4
5
-8
-8
-9
-8
2
5
3
4
0
2
0
-1
-2
-3
-6
-2
1
-1
-1
-11
-6
1
2
3
4
8
15
24
17
20
18
21
19
14
17
22
20
19
19
12
14
9
5
4
8
10
10
16
20
13
11
19
12
12
6
-7
-8
-20
-21
-11
-14
-17
-20
-19
-19
-23
-21
-24
-29
-29
-31
-32
-30
-27
-25
-17
-14
-17
-16
-19
-24
-21
-19
-13
-14
-18
-12
-13
-11
-6
-2
3
8
8
14
10
-11
-9
-4
-7
3
-1
1
4
24
36
27
31
22
17
20
10
6
9
6
14
16
9
10
14
13
14
18
18
11
4
4
9
14
13
7
-1
-4
-7
-5
-7
-12
-7
-9
-12
-1
0
-1
5
5
2
2
-3
-3
-4
-3
1
-4
2
1
-9
-9
-6
-9
-12
-5
-5
-4
0
0
-4
-6
-7
-13
-15
-8
-6
2
2
-2
-2
0
7
6
9
4
-4
-12
-11
-5
0
-2
-3
-1
6
-2
-17
-16
-18
-13
-10
-7
-4
-7
-7
-2
0
1
-3
-5
0
6
12
10
8
4
13
14
11
10
11
13
8
9
11
9
5
3
2
-3
1
0
1
5
6
12
13
10
14
14
5
1
6
7
12
17
18
11
16
15
11
14
0
-6
-9
-3
0
2
4
1
0
-4
-1
-3
-8
-13
-19
-15
-7
-6
-1
3
-3
-6
-7
-14
-17
-15
-3
8
3
-4
-11
-11
-11
-17
-15
-18
-23
-18
-15
-17
-15
-14
-15
-2
12
8
-5
-11
-11
-10
-2
9
4
-3
0
1
10
13
19
22
21
19
13
8
3
5
15
20
14
4
1
4
12
16
10
14
13
11
8
2
-5
-4
-3
1
7
2
1
-9
-17
-20
-21
-15
-15
-19
-12
-10
-5
-4
-3
-3
4
5
0
3
-5
-2
4
0
-10
-15
-11
-1
5
11
5
8
9
15
20
12
6
-6
-11
-9
-14
-13
-3
1
4
7
3
-2
-12
-16
-13
-9
-13
-21
-16
-16
-15
-17
-20
-18
-19
-10
-1
-5
-4
-6
-8
-3
-2
-4
-1
7
7
10
10
9
11
12
17
23
26
29
35
33
32
25
20
21
20
31
37
38
33
26
27
27
25
20
21
16
17
15
6
10
3
-10
-6
-7
-14
-15
-22
-26
-22
-22
-22
-24
-22
-22
-26
-22
-28
-35
-32
-28
-19
-17
-14
-20
-18
-13
-4
-1
-4
-6
-9
-4
3
4
3
3
1
6
11
11
7
11
9
16
13
5
10
14
18
18
16
5
9
1
-3
1
-6
-6
1
-2
-9
-8
-12
-12
-15
-8
-4
-5
-1
-9
-11
-15
-19
-19
-15
-14
1
10
6
2
-2
-4
-8
-3
-5
-10
-7
-2
-5
1
7
6
-3
-3
1
-5
-4
-2
8
12
7
-5
-5
-5
-3
3
1
1
-7
-1
0
-2
1
8
12
12
13
7
-2
-6
-1
7
12
11
9
6
-2
-2
-5
-5
-6
1
12
11
8
2
-2
2
13
13
9
3
-1
-2
2
4
3
-3
-5
1
1
1
-3
-7
-12
-1
2
-1
-4
-8
-10
-8
-4
3
5
8
9
2
1
1
3
0
7
12
4
-2
-4
0
0
0
8
8
10
19
17
19
16
13
20
11
8
5
2
11
10
18
24
22
15
18
25
27
24
19
6
-3
3
5
7
-2
-7
-7
-10
-18
-24
-31
-24
-18
-23
-19
-19
-27
-32
-30
-24
-15
-10
-18
-23
-25
-26
-27
-22
-23
-18
-17
-20
-12
-16
-17
-10
-7
-7
-7
-14
-12
-11
-5
-4
-3
10
16
12
9
5
12
12
10
12
6
7
9
8
8
18
14
6
5
7
9
9
-2
-6
-6
-6
-2
-6
-4
-9
-12
-8
-11
-11
-13
-14
-10
-8
-5
-6
-6
-3
-3
0
-6
-15
-13
-11
-4
1
0
3
6
10
17
16
22
18
11
19
26
13
5
6
11
18
18
26
22
21
26
34
30
27
24
24
30
28
24
21
11
10
9
1
-4
0
-1
0
4
-1
-5
-10
-15
-9
-8
-13
-6
-3
-3
5
5
6
1
1
5
3
0
2
4
3
7
2
-4
-8
-8
-9
-8
-10
-18
-16
-11
-4
1
-3
-7
-6
-9
-5
-3
-5
-7
-18
-20
-19
-16
-14
-13
-12
-9
-10
-13
-16
-14
-8
-3
-5
-2
1
-6
-13
-14
-11
-18
-22
-11
1
2
5
-3
-8
1
9
7
5
1
-3
-6
-5
-1
-1
-1
-2
3
4
9
12
0
-1
-5
-9
-11
-12
-8
-3
1
-7
-5
-7
-15
-20
-17
-16
-12
-6
-8
-5
-3
3
4
2
1
3
5
1
3
7
11
12
4
4
3
3
2
7
16
12
12
23
29
30
32
30
21
25
23
15
10
8
13
18
17
17
10
8
7
5
1
-2
0
-1
-3
-3
-3
-7
-12
-6
-5
-9
-7
-7
-11
-14
-8
-5
-3
8
11
11
10
-4
-3
-1
8
8
4
4
0
4
9
13
18
7
-5
0
7
1
-5
-7
-4
0
0
3
0
0
-3
-4
-4
-1
-6
-6
-8
-13
-10
-20
-15
-7
-9
-4
-3
-5
-11
-9
0
1
1
2
1
-1
3
4
-3
1
4
5
12
11
8
9
10
10
4
3
6
9
13
14
12
16
10
8
7
-7
-11
-19
-28
-23
-18
-21
-26
-22
-26
-28
-36
-34
-36
-42
-29
-31
-29
-22
-28
-26
-21
-20
-17
-17
-19
-11
-7
-6
-2
1
7
15
17
17
23
16
16
20
18
17
19
16
16
16
26
34
27
30
35
27
16
18
19
13
11
11
11
11
6
5
4
6
1
1
0
4
9
0
-16
-18
-21
-17
-7
-6
-5
-7
-5
-5
-5
-2
1
0
-1
-2
0
0
0
1
6
11
5
13
14
7
10
14
8
0
2
-1
1
2
-2
-1
2
6
12
15
10
6
0
7
-2
-9
-5
-10
-9
-11
-5
-7
-6
-5
1
2
-4
-2
-4
-7
-1
0
-2
1
-5
3
19
19
20
21
14
17
18
16
12
9
9
9
5
5
9
-1
-4
6
-3
-5
-2
-1
-1
0
-7
-9
-9
-16
-15
-20
-28
-26
-31
-27
-21
-22
-19
-16
-24
-16
-1
-6
-9
-15
-16
-17
-18
-12
-8
-5
-3
-4
-3
-2
1
4
9
5
-4
-5
-4
3
7
7
7
10
2
0
1
-5
5
-2
-5
-2
0
4
2
1
2
0
-2
-4
-12
-8
-9
-6
-1
-3
2
7
9
7
4
5
0
-2
-3
-1
-1
-5
-5
-7
-3
3
5
4
5
3
4
14
14
15
15
22
20
22
18
9
11
8
12
13
15
25
33
29
19
8
-1
-9
-2
0
-1
1
0
1
6
3
-2
-10
-17
-17
-18
-18
-15
-12
-17
-11
-6
-9
-5
-8
-8
-6
-9
-8
-12
-9
-4
-2
3
5
6
10
5
1
6
3
9
18
20
26
30
27
29
30
21
18
17
16
21
21
22
18
8
8
7
8
7
3
2
2
-10
-11
-3
-1
3
3
-6
-2
-7
-12
-10
-13
-13
-16
-21
-21
-16
-15
-15
-22
-21
-21
-28
-25
-26
-29
-31
-33
-31
-26
-20
-22
-33
-33
-33
-30
-24
-14
-12
-8
-2
-4
-4
0
-5
-5
-2
-8
-9
-11
-5
5
8
7
7
3
1
4
6
4
1
-2
3
12
19
18
16
12
11
9
8
5
6
13
20
13
20
23
17
20
20
19
18
24
21
19
15
18
21
14
16
15
6
-2
2
5
8
11
9
9
5
0
-1
-6
-10
-1
0
1
-3
-11
-11
-14
-18
-9
-13
-13
-8
-10
-4
-3
-5
-6
0
-3
1
3
3
12
15
20
25
19
20
12
7
14
8
8
10
4
3
5
5
6
5
1
1
2
7
7
11
6
4
0
-3
-2
-5
-4
-3
-8
-16
-15
-8
-15
-9
-7
-12
-15
-14
-13
-9
-7
-12
-11
-12
-6
-1
-2
1
5
-8
-8
-19
-19
-15
-15
-2
1
-4
-10
-16
-17
-10
-1
1
3
-1
-7
-8
-2
1
2
4
3
12
11
7
5
5
2
-6
-9
-7
-7
1
1
-6
-6
-10
-6
-6
-10
-4
-5
-7
-2
2
-4
-9
-14
-12
0
1
2
2
0
-1
6
9
7
1
0
3
-3
6
13
16
16
15
12
9
2
4
8
9
8
3
-4
-8
-9
0
7
0
-10
-10
-2
4
5
3
-8
-12
-12
-10
-5
-1
-5
-4
-4
-9
-4
-7
-6
-2
-2
-3
2
1
3
8
13
15
19
21
22
20
24
20
10
8
9
18
30
31
30
30
26
20
20
16
9
10
13
9
17
18
10
7
6
13
9
7
-3
-5
-12
-16
-11
-8
-6
-4
-9
-15
-18
-26
-25
-22
-18
-19
-15
-11
-9
-12
-7
-7
-13
-16
-15
-11
-10
-6
-6
-4
-2
0
1
9
3
5
9
1
-2
1
2
3
9
9
7
2
-2
0
0
-3
-6
-2
1
-8
-15
-19
-19
-13
-3
1
2
-5
-13
-12
-11
-14
-11
-11
-15
-11
-3
-5
-7
-4
-7
-12
-7
-6
-6
-13
-13
-12
-14
-10
-8
-12
-8
-8
-14
-10
-8
-2
2
3
3
2
1
3
6
3
3
-3
-5
-3
-2
-3
-4
-5
-7
-1
2
2
1
7
8
7
7
18
21
14
14
15
10
10
6
10
8
7
7
8
11
8
7
16
13
13
21
20
13
8
3
-3
1
3
7
6
-3
3
8
4
-2
-3
-1
3
4
10
11
11
16
22
18
8
6
-1
4
3
3
5
5
10
11
9
11
0
-3
2
4
6
8
0
0
6
6
13
10
12
6
0
1
4
10
11
9
6
5
-2
-6
-4
4
4
6
0
-5
-5
1
-1
-2
-6
-12
-15
-12
-8
-6
-3
-8
-13
-11
-10
-9
-13
-19
-19
-15
-8
-7
-4
-8
-10
-15
-19
-25
-31
-31
-28
-29
-29
-20
-23
-11
-4
-8
-5
-5
-7
-1
-1
-9
-7
-14
-12
1
5
2
-6
-10
-9
-11
-7
-5
-11
-11
-9
-5
3
-3
-11
-12
-25
-24
-24
-21
-7
0
6
4
-3
-8
-3
1
6
6
8
11
9
12
24
24
19
17
12
9
10
14
11
13
20
19
23
29
25
24
31
30
23
16
14
10
10
14
16
15
16
13
5
7
7
-1
-4
0
-2
-2
5
4
12
7
-2
-3
-3
0
5
4
5
5
2
0
2
4
3
0
-1
1
4
4
13
15
10
12
7
6
3
-1
-3
0
6
3
7
14
17
10
0
-1
-7
-9
0
4
4
1
-2
-5
-6
-3
-3
-4
-7
-10
-13
-17
-17
-17
-14
-11
-6
3
1
-3
-6
-15
-7
-10
-12
-13
-9
-2
-5
-8
-10
-5
-1
4
-2
-5
-7
-11
-13
-14
-16
-18
-22
-10
-6
-8
-11
-12
-8
-8
-12
-16
-22
-26
-27
-24
-22
-27
-33
-32
-23
-18
-13
-8
-12
-13
-4
-9
-16
-12
-9
-3
4
4
3
10
16
22
29
27
22
18
19
20
28
27
19
18
18
19
22
31
31
28
25
19
22
22
12
12
5
1
3
-3
3
3
5
1
-3
-6
-12
-11
-6
-9
-15
-15
-19
-17
-9
0
0
-4
1
3
2
6
5
0
1
4
0
0
7
13
14
11
5
7
16
26
31
34
31
16
9
14
23
29
27
22
19
14
13
19
21
26
24
26
23
21
12
7
7
4
-2
-9
-5
0
-10
-15
-15
-23
-27
-22
-19
-22
-25
-25
-30
-33
-35
-33
-27
-24
-23
-13
-12
-21
-19
-20
-22
-23
-20
-27
-28
-26
-21
-20
-13
-8
-21
-16
-9
-10
-12
-3
3
4
4
-3
-6
-8
-7
1
2
-3
-3
-3
7
17
10
7
1
-8
1
9
8
8
-1
-7
-3
0
-1
3
3
6
12
11
8
1
0
-2
-7
-6
-9
-11
-5
3
11
10
0
1
5
7
6
-3
-8
-11
-8
-8
-6
-6
-10
-20
-16
-10
-6
5
5
-7
-1
4
-1
1
0
-3
-4
-2
-3
6
9
13
22
18
21
24
25
24
25
20
15
17
22
29
26
30
41
39
43
43
35
31
21
21
18
11
15
12
9
23
30
25
19
16
8
6
9
6
7
0
0
-6
-10
-9
-21
-27
-27
-27
-29
-24
-25
-23
-15
-18
-20
-22
-25
-19
-13
-13
-10
-18
-14
-10
-9
-9
-8
-10
-8
3
8
8
5
8
3
4
8
8
5
6
2
-8
-10
-8
-3
7
7
4
4
-3
-15
-15
-11
-19
-20
-22
-31
-24
-21
-30
-30
-29
-24
-12
-16
-13
-19
-17
-20
-31
-29
-36
-35
-29
-19
-10
-8
-2
-3
0
3
0
2
6
9
12
18
16
9
9
12
12
9
3
-2
2
6
4
15
17
6
10
17
17
16
6
2
4
12
24
18
11
5
1
-4
-10
-11
-9
-5
-4
-5
-11
-10
-6
-1
16
15
11
10
2
-1
4
4
3
2
10
12
11
19
18
13
18
25
27
23
26
31
33
36
31
29
26
19
16
14
12
17
11
13
17
13
10
6
1
1
6
3
2
3
5
2
4
12
3
-3
-1
-10
-9
-4
-14
-19
-12
-17
-18
-15
-12
-8
-11
-17
-19
-17
-15
-17
-14
-9
-10
-14
-16
-16
-8
-7
-7
0
-6
-9
-9
-15
-17
-24
-27
-21
-23
-25
-29
-30
-27
-16
-12
-15
-19
-15
-12
-10
-4
-4
-4
2
7
2
-2
-7
-8
-4
8
14
21
15
12
7
3
5
4
11
11
13
18
15
12
17
17
19
13
7
7
8
8
5
9
12
9
7
9
6
-2
4
1
0
2
-5
-6
-8
-8
-3
-11
-13
-14
-20
-11
-4
-6
-8
-12
-14
-1
4
8
11
0
-1
-5
-6
0
3
-5
-9
-11
-10
-4
5
7
9
5
1
1
-3
8
20
22
18
9
3
3
4
5
8
10
4
5
8
12
6
1
1
-8
-21
-17
-13
-15
-11
-6
-4
-5
-5
-8
-10
-14
-12
-15
1
10
17
20
17
14
8
9
16
18
15
12
9
15
21
24
20
16
13
6
9
6
6
8
9
14
15
12
13
7
5
6
1
6
6
4
4
5
9
4
-3
1
-8
-17
-11
-11
-8
-5
-7
-5
-5
-14
-11
0
-2
0
-6
-16
-19
-23
-23
-23
-18
-15
-16
-18
-9
-14
-15
-8
-9
-5
-4
-6
-5
-3
-12
-13
-21
-27
-19
-19
-18
-16
-19
-21
-7
1
1
-4
-4
-4
-7
-7
-3
-13
-17
-13
-17
-8
-7
-4
7
6
2
5
3
4
2
10
10
3
3
-1
-1
14
20
24
21
13
14
21
23
18
15
13
18
19
23
18
11
5
2
5
2
7
11
16
18
25
22
16
9
7
10
5
5
0
1
8
5
6
9
5
-1
-4
-9
-7
-1
-1
-5
-3
-7
-10
-8
-8
-8
-9
-11
-12
-6
-7
-9
-4
-6
-2
0
1
0
-5
-5
-8
-8
-10
-12
-7
-6
-3
2
3
4
5
-1
-5
-3
0
4
5
2
-8
-11
-17
-16
-4
-7
-4
-6
-13
-11
-17
-13
-2
1
10
11
11
10
14
12
15
10
7
7
11
8
3
8
10
11
18
23
19
22
18
15
16
14
15
16
16
17
8
4
1
-3
-6
-10
-11
-16
-14
-12
-1
-2
-3
-6
-17
-13
-16
-13
-11
-11
-12
-10
-15
-14
-21
-27
-19
-12
-13
-13
-10
-9
-4
1
2
6
6
6
8
2
-5
-11
-14
-9
-7
-7
-7
-5
-3
-1
6
5
-6
-11
-21
-21
-13
-16
-12
-9
-12
-8
-2
-3
-6
-12
-11
-9
-11
-15
-18
-13
-10
-7
-5
-10
0
4
6
14
14
15
13
15
20
23
24
26
20
22
27
32
29
25
25
21
22
26
23
24
24
20
15
13
9
10
10
7
6
5
2
-2
-4
-5
5
1
-9
-4
-14
-10
-12
-14
-13
-21
-25
-27
-20
-17
-6
-9
-6
-5
-4
3
2
3
-1
0
-6
-7
-7
-9
-5
1
8
13
18
18
19
20
22
23
18
17
13
7
13
23
19
13
12
9
6
5
2
0
-4
-5
3
1
4
5
0
5
5
7
3
0
5
3
3
0
-5
-8
-8
-3
-3
-5
-8
-10
-20
-22
-19
-19
-16
-18
-14
-14
-20
-27
-30
-28
-23
-23
-25
-31
-33
-35
-37
-42
-41
-35
-36
-26
-19
-13
-22
-21
-15
-16
-14
-13
-9
-11
-12
-11
-13
-15
-11
-5
6
5
6
9
13
15
24
23
30
26
24
32
23
20
18
22
28
33
32
29
20
24
31
29
34
29
17
20
23
22
33
27
20
15
11
15
20
24
23
18
11
8
6
1
-4
2
6
-1
-5
-1
-5
-16
-11
-8
-20
-21
-14
-19
-22
-23
-21
-21
-21
-15
-15
-16
-13
-12
-11
-1
-9
-13
-11
-7
-2
0
2
-1
-5
0
5
-4
-5
3
2
4
7
17
14
12
12
9
9
5
6
14
18
17
14
10
11
11
15
7
5
0
5
10
12
14
19
21
13
11
8
8
4
7
13
11
5
8
12
9
7
0
-5
-9
-11
-11
-11
-12
-8
-4
-11
-7
-4
-3
-3
-11
-10
-12
-9
-7
-14
-11
-11
-17
-19
-18
-24
-26
-28
-31
-25
-25
-26
-24
-33
-41
-40
-41
-40
-39
-40
-38
-38
-37
-37
-36
-25
-21
-29
-32
-27
-21
-12
-12
-5
1
-1
-1
4
1
6
9
15
16
17
23
23
31
37
39
41
38
40
43
44
46
49
53
48
52
53
44
38
34
35
39
32
28
25
23
28
25
16
13
7
7
6
7
3
0
-7
-8
-3
-3
1
-3
-10
-13
-12
-17
-12
-13
-10
-10
-14
-15
-19
-21
-18
-18
-14
-6
-16
-15
0
0
0
-7
-9
-7
0
1
-3
4
6
3
2
2
3
5
0
12
14
9
8
-3
-7
-6
1
0
4
-5
-11
-15
-18
-18
-19
-14
-7
-12
-17
-11
-11
-9
-13
-12
-8
-10
0
9
16
18
18
9
1
-2
-2
4
0
-4
-2
-2
-7
-10
-11
-6
-4
-1
0
-1
2
4
-3
-6
-13
-11
-13
-17
-13
-5
3
10
12
2
2
-5
-13
-11
-4
4
6
7
3
-6
-15
-8
-8
-12
-7
-5
-1
4
4
3
5
7
7
11
17
14
16
11
7
9
4
10
9
6
16
7
0
-2
-8
-3
0
0
-2
-3
0
2
3
-1
-4
-9
-16
-6
1
5
6
6
11
7
7
9
7
4
8
10
13
15
13
9
3
3
8
8
7
6
8
12
7
8
11
7
8
13
7
3
4
5
4
4
-6
-6
-10
-22
-24
-22
-20
-18
-14
-13
-10
-13
-6
-2
-4
-3
-11
-13
-17
-25
-24
-13
-11
-11
-12
-8
-5
-8
-5
1
10
11
8
4
4
5
7
12
12
13
10
13
9
6
3
6
12
8
10
5
4
3
-4
-1
-1
-3
-8
-5
-2
-5
0
-3
-1
1
-3
-6
-10
-17
-15
-12
-9
-15
-11
-13
-13
-13
-9
-7
-6
2
3
10
11
8
8
19
22
22
19
14
16
15
16
17
23
23
16
10
15
14
18
16
13
10
7
-1
-9
-7
-5
-5
-8
-6
-3
-5
-12
-13
-17
-14
-14
-9
-8
-11
-9
-11
-10
-9
-2
-2
-3
-8
-16
-11
-8
-10
-7
-2
-8
-1
-7
-2
1
-7
2
7
2
1
-4
-9
-3
2
5
-1
-5
-13
-9
0
-4
-3
-7
-13
-13
-16
-17
-11
-12
-10
-7
-10
-13
-12
-12
-10
-3
-8
-9
-1
7
9
16
18
17
10
9
10
8
9
11
14
24
26
26
32
26
32
34
26
30
33
29
32
26
18
14
5
15
13
2
0
2
-3
2
9
6
4
5
4
7
1
-8
-8
-7
-12
-14
-14
-21
-23
-21
-14
-13
-16
-15
-19
-15
-11
-14
-17
-15
-18
-15
-4
-12
-11
-19
-14
-10
-10
-5
-12
-4
-5
-8
-3
-8
-14
-12
-10
-3
-1
-4
-5
-7
-9
-6
-10
-6
5
2
-1
-3
-5
-1
-5
-4
5
4
-2
-6
-5
-3
-6
0
6
4
8
12
9
12
19
19
31
33
29
28
25
23
19
15
14
12
13
23
29
27
23
14
8
5
2
8
16
11
17
18
6
6
-13
-22
-17
-19
-17
-9
-9
-9
-5
-4
-12
-18
-29
-33
-32
-32
-29
-33
-31
-29
-25
-20
-19
-16
-20
-24
-17
-13
-13
-9
-5
-5
-6
-6
-10
-15
-11
-8
-12
-2
5
6
8
12
25
16
7
4
5
7
9
12
11
2
-7
-7
-12
-7
1
3
-3
-2
-1
3
6
10
12
12
11
14
7
4
7
1
-5
-7
1
5
1
1
6
2
13
21
16
23
18
10
6
6
10
19
28
36
33
27
32
33
31
34
36
37
33
25
23
21
18
11
17
24
27
31
29
18
7
6
1
-4
-10
-10
-11
-14
-16
-17
-24
-31
-34
-35
-32
-39
-43
-43
-35
-27
-32
-40
-35
-32
-28
-29
-28
-26
-24
-29
-22
-18
-29
-19
-21
-19
-12
-13
-12
-7
-10
-4
0
-2
2
5
8
15
12
8
-1
-7
6
6
2
13
20
22
24
13
13
7
3
13
16
9
5
-6
-8
0
-1
5
2
-12
-9
-5
-14
-5
-9
-19
-13
-7
-3
-1
4
2
4
7
-1
-2
-6
-7
-1
3
4
9
12
9
4
-5
-11
-15
-8
-4
-4
-5
-6
-9
1
10
16
19
8
4
4
5
-4
-7
-12
-13
-5
2
3
7
7
-2
3
17
16
14
16
10
10
8
9
9
9
16
23
24
21
22
20
20
17
20
22
19
25
21
10
1
-6
1
5
12
15
11
3
3
8
2
-4
-4
-20
-26
-22
-26
-21
-16
-10
-9
-10
-11
-13
-12
-4
-2
-2
-7
-5
-1
11
19
21
22
16
21
20
18
18
14
7
2
6
12
18
18
21
23
21
16
10
3
-1
0
-1
-7
-5
1
-8
-8
-17
-20
-23
-22
-16
-22
-26
-28
-29
-29
-31
-28
-30
-36
-34
-26
-24
-23
-28
-35
-35
-34
-31
-38
-38
-30
-28
-38
-37
-32
-31
-30
-22
-19
-24
-24
-22
-18
-11
3
10
5
5
1
1
2
3
8
10
13
11
10
5
15
17
21
27
26
26
28
27
29
28
28
27
28
34
33
32
25
28
20
28
28
20
21
21
24
17
24
20
20
21
27
30
24
20
14
4
6
1
5
5
0
2
1
1
3
3
6
7
-1
-4
-9
-18
-24
-18
-9
5
6
-2
-4
-3
-3
-9
-15
-13
-9
-16
-15
-4
-8
-6
-1
-7
-6
-9
-10
-10
-5
4
9
10
16
12
10
12
9
15
20
19
17
16
8
10
13
11
14
14
8
9
13
12
7
-2
-7
-4
1
4
12
9
6
6
-3
-7
-9
-13
-8
-4
0
4
-5
-6
-8
-17
-17
-24
-27
-30
-36
-32
-30
-28
-23
-28
-24
-24
-25
-24
-29
-26
-29
-24
-24
-24
-24
-31
-31
-33
-34
-26
-17
-13
-17
-18
-19
-16
-15
-8
-8
-6
-2
-7
-9
-14
-11
-7
-7
-5
-4
-14
-14
-7
-3
-1
3
8
9
6
8
11
4
-1
-3
4
9
19
19
7
8
14
23
33
37
40
35
33
35
30
31
38
39
41
40
44
45
41
41
38
37
34
32
31
29
40
42
35
32
26
29
29
25
25
13
1
3
2
8
15
4
0
0
-11
-19
-21
-19
-19
-18
-16
-12
-18
-28
-20
-15
-13
-11
-17
-18
-13
-8
-10
-18
-18
-18
-21
-19
-29
-32
-22
-16
-6
-6
-15
-18
-18
-17
-10
-10
-10
-16
-17
-15
-17
-7
-6
0
8
7
7
9
7
10
11
12
9
-4
-15
-14
-11
-11
-12
-13
-11
-8
-9
-4
4
10
0
-7
-3
-7
-1
1
3
6
3
5
4
9
9
7
7
6
8
1
6
11
6
-2
-5
1
-5
-13
-12
-9
-13
-8
-1
-9
-11
-15
-16
-12
-6
-5
-11
-14
-17
-19
-21
-25
-24
-22
-17
-11
-6
-9
-10
-16
-12
-8
-8
0
1
-4
-3
-2
-9
-1
0
8
19
16
11
3
1
8
10
11
20
19
18
21
20
23
19
17
13
7
14
16
17
22
22
20
20
22
18
18
15
4
3
5
10
15
23
21
22
19
20
26
17
13
15
22
23
21
22
17
9
9
9
7
0
-1
-1
-6
7
17
11
1
3
0
-5
-9
-8
-8
-7
-3
-6
-10
-8
-14
-11
-6
-9
-2
-10
-16
-13
-17
-16
-16
-20
-10
-10
-19
-27
-30
-25
-18
-15
-11
-8
-13
-16
-18
-13
-4
-7
-5
-6
-8
-10
-9
-8
0
5
5
-4
-9
-3
-1
-1
1
1
-4
-11
-10
-10
-15
-15
-14
-16
-18
-14
-17
-17
-13
-19
-19
-19
-24
-29
-29
-25
-22
-17
-20
-14
-8
-2
-5
-8
-9
-8
8
20
27
17
17
5
2
13
20
27
22
25
28
36
38
37
31
29
29
26
22
18
14
12
15
20
24
20
14
13
7
1
3
5
4
3
-3
-7
-12
-9
-10
-12
-14
-20
-17
-19
-22
-15
-10
-11
-1
1
-3
-8
-14
-14
-10
-9
-2
4
2
10
9
7
9
4
5
17
23
24
13
16
15
21
31
21
24
29
23
29
28
31
29
16
10
6
15
14
15
20
21
18
13
9
10
7
10
25
25
14
2
-8
-16
-19
-17
-20
-19
-16
-19
-21
-13
-15
-15
-11
-13
-18
-26
-32
-23
-16
-12
-5
-15
-25
-28
-31
-26
-21
-16
-13
-12
-18
-25
-29
-32
-34
-39
-35
-35
-27
-23
-28
-28
-30
-31
-27
-23
-14
-16
-16
-18
-19
-13
-8
-9
-13
-13
-12
-3
11
18
17
14
15
18
15
14
11
10
5
10
19
29
34
41
45
44
31
16
19
22
16
23
27
17
9
10
9
17
22
24
20
13
8
-1
-7
-13
-10
-2
5
11
4
-3
-8
-9
-1
9
1
-2
-1
-6
-4
-9
-11
-10
-6
-4
-7
-8
-10
-2
-1
5
9
-1
3
-3
-9
-6
1
4
5
10
0
4
1
-2
-6
2
12
4
-2
-5
-5
-7
3
12
11
9
2
4
0
2
12
11
16
12
4
3
2
3
10
18
19
14
12
13
16
24
26
23
20
16
15
9
8
12
11
8
11
3
-4
1
5
1
0
7
8
5
0
-7
-9
-10
-10
-8
-10
-12
-13
-17
-16
-17
-27
-29
-38
-39
-24
-22
-27
-27
-32
-30
-25
-30
-29
-33
-28
-16
-14
-12
-13
-23
-22
-14
-8
-1
-1
-2
4
5
0
3
-2
-7
-3
3
11
13
7
12
7
5
6
3
6
1
-5
-5
-3
-2
7
2
6
13
6
-1
2
6
2
2
0
-1
-3
-2
-7
-10
-6
-7
-4
-2
-4
-1
-4
5
10
8
5
-1
-4
7
7
11
7
-9
-4
-3
10
19
19
20
18
9
8
14
16
12
10
12
10
14
5
5
12
10
3
-1
1
-2
-12
-9
-7
-9
1
13
12
12
15
5
1
-3
-8
0
-2
3
8
6
7
4
-4
-4
0
0
0
3
9
10
8
7
6
5
4
-2
-2
3
4
6
13
19
21
19
9
6
8
3
5
5
0
1
10
17
23
16
17
19
6
7
11
6
2
-2
-6
-13
-18
-14
-12
-5
0
2
4
1
-5
-4
-5
-6
-2
1
-4
-4
-13
-21
-23
-20
-16
-12
-8
-10
-4
-7
-10
-8
-13
-14
-15
-16
-23
-26
-29
-32
-28
-26
-28
-22
-18
-18
-19
-18
-17
-17
-20
-21
-21
-19
-16
-19
-13
-13
-15
-18
-12
-9
-6
5
3
1
6
3
-5
-6
5
8
15
18
19
16
6
4
11
15
16
17
11
13
10
-1
4
11
14
19
15
17
19
11
14
15
14
17
18
11
-2
-3
4
9
9
12
1
-1
1
-2
7
1
-3
4
7
5
6
0
0
5
8
12
6
5
10
9
10
9
-1
-6
-3
1
1
-3
-3
-2
-6
-3
7
8
0
2
5
5
4
0
-1
0
-2
-2
-2
3
8
11
12
13
10
11
14
23
17
10
17
7
8
18
22
10
10
10
12
11
12
11
5
11
15
15
17
17
16
16
20
25
18
11
10
3
-4
-4
-8
-10
-15
-15
-16
-12
-15
-20
-19
-16
-12
-15
-18
-25
-23
-29
-29
-24
-27
-25
-24
-26
-28
-31
-36
-41
-41
-34
-26
-26
-29
-31
-27
-25
-25
-23
-23
-29
-34
-29
-19
-17
-13
-9
-10
-21
-29
-31
-29
-18
-13
-4
0
0
-1
-4
4
7
8
9
10
2
-5
-9
2
9
2
10
9
7
7
7
14
20
18
21
20
19
25
20
12
15
20
22
26
21
19
19
20
17
20
27
16
15
17
16
23
19
21
32
32
36
34
32
24
23
20
21
21
17
10
14
22
15
9
12
16
19
21
20
21
12
11
-1
-6
4
-2
0
2
1
0
-5
0
1
1
-5
-5
-2
-7
-3
3
3
1
2
6
3
0
1
6
8
14
10
10
11
2
3
6
4
7
3
1
0
1
-2
-7
-11
-16
-13
-12
-14
-14
-15
-24
-35
-33
-25
-23
-15
-17
-25
-37
-37
-37
-38
-31
-30
-35
-36
-36
-31
-18
-10
-6
-13
-17
-15
-17
-17
-24
-22
-16
-18
-15
-9
-11
-10
-4
-1
1
3
-9
-12
-5
-1
3
-1
-1
-10
-6
6
3
-4
-11
-8
-4
-8
-11
-4
-1
-2
-9
-10
-3
-6
-9
-2
-1
-3
-6
-10
-8
-9
-5
-7
-2
5
5
3
1
1
-1
3
7
12
19
15
18
19
15
15
13
9
8
13
19
17
19
24
24
23
21
15
13
25
23
33
35
21
14
13
18
18
20
14
10
13
20
14
8
7
7
14
18
19
20
21
18
22
26
23
20
21
26
31
31
31
20
14
18
16
7
5
4
7
26
37
32
31
21
14
18
12
3
-5
-7
-8
-5
-6
-14
-13
-15
-16
-11
0
-9
-13
-4
-19
-18
-19
-24
-16
-16
-16
-22
-28
-39
-41
-35
-35
-33
-25
-26
-26
-22
-31
-34
-32
-37
-28
-19
-26
-34
-30
-30
-29
-19
-15
-19
-18
-15
-18
-19
-20
-26
-23
-18
-16
-20
-23
-19
-13
-3
-3
0
-3
-8
-8
-10
-10
-10
-14
-13
-8
-3
7
1
-3
-3
3
0
-4
-6
3
-3
-1
2
-7
-7
-13
-9
-7
-9
-2
-1
-4
-4
-7
-10
-6
-3
-3
-4
5
8
4
12
19
17
13
12
17
22
19
18
22
30
26
29
34
30
29
32
33
31
37
41
33
38
40
36
41
46
48
45
43
37
34
35
31
28
37
42
44
45
34
32
40
38
29
32
34
32
26
19
15
14
13
16
11
3
-2
-3
1
13
12
6
-3
-18
-29
-30
-38
-49
-36
-35
-41
-40
-41
-48
-49
-46
-38
-40
-47
-49
-52
-49
-45
-46
-39
-37
-37
-38
-43
-45
-50
-44
-32
-20
-10
-5
-15
-22
-21
-22
-12
-7
-3
2
6
1
-1
-4
-2
-3
-4
-1
-1
-2
0
-2
-5
-8
0
1
1
4
3
0
-11
-12
-7
5
3
-4
-15
-21
-16
-13
-5
-4
-8
-7
-6
-10
-13
-7
-5
0
3
7
2
-4
6
10
9
0
-1
-5
-1
3
8
9
12
12
11
11
10
8
12
24
26
27
21
11
15
23
24
27
19
14
17
25
30
33
30
24
25
27
26
25
18
13
21
14
14
13
9
15
19
17
17
14
12
20
24
26
27
20
11
20
18
18
20
14
14
15
16
7
-2
-6
-16
-23
-11
-8
-14
-9
-15
-27
-34
-31
-26
-21
-18
-15
-20
-27
-26
-23
-16
-10
-12
-16
-21
-15
-7
-10
-14
-11
-11
-10
-3
-2
-3
-2
-3
-5
-9
-3
-1
10
19
16
7
-4
2
9
11
2
2
13
9
14
21
18
10
2
5
6
9
9
-8
-11
-5
3
-1
-6
-11
-8
-10
-12
-17
-19
-19
-20
-17
-15
-18
-27
-32
-24
-22
-22
-19
-29
-20
-14
-15
-18
-17
-23
-23
-13
-16
-17
-15
-23
-23
-25
-22
-19
-12
-3
-1
-5
-10
-10
-16
-13
-7
-5
-3
5
3
5
4
4
1
-6
1
1
-2
0
-1
-5
2
9
14
14
5
2
3
12
22
16
13
23
22
17
24
31
31
39
45
45
44
40
38
38
38
40
36
43
46
38
40
44
42
41
38
33
33
32
23
17
18
17
14
8
5
10
5
12
14
8
7
2
-8
-12
-8
-16
-19
-20
-23
-22
-20
-15
-11
-13
-14
-13
-16
-20
-22
-30
-28
-28
-31
-30
-32
-27
-25
-34
-31
-21
-19
-20
-20
-19
-13
-9
-9
-7
-8
-15
-13
-10
-14
-6
-11
-14
-12
-9
-4
-8
-9
-5
-3
-1
1
-1
0
4
0
2
4
1
0
4
3
-1
-4
-8
-3
-2
-12
-13
-21
-22
-19
-9
-8
-6
0
-6
-11
-13
-12
-3
0
-2
8
6
0
-5
-10
-12
-12
-14
-14
-8
-2
2
3
4
3
8
3
-1
-6
-8
-6
-5
-3
0
4
4
-1
4
7
6
6
6
9
10
9
5
7
10
10
17
22
24
23
20
15
11
6
6
8
12
20
18
14
4
12
11
7
11
8
11
10
16
20
23
24
17
10
17
17
18
20
6
7
15
8
12
15
15
18
13
11
10
8
4
2
6
14
11
10
13
11
6
2
2
1
-4
-5
-6
-2
-3
-1
9
11
18
5
-4
-10
-12
-16
-14
-12
-22
-29
-28
-22
-15
-13
-11
-12
-17
-18
-23
-29
-29
-32
-28
-32
-29
-25
-31
-18
-14
-9
-5
-6
-11
-15
-13
-17
-8
1
12
10
-2
-7
-15
-17
-8
0
1
-3
-9
-6
-1
1
-2
-2
3
-1
-5
1
2
6
15
12
11
8
-7
-12
-16
-15
-8
-11
-10
-9
1
2
1
-4
-11
-7
-9
-7
-6
-6
-3
-1
2
2
9
4
6
12
17
20
13
12
4
5
9
5
3
6
9
10
11
13
13
12
12
14
13
11
11
12
10
12
7
2
-4
-3
6
10
12
13
10
9
15
14
13
14
9
5
-2
-2
-6
-10
-7
-13
-9
-4
-6
-8
-2
-8
-8
-7
-3
3
7
7
2
6
4
15
14
18
14
9
7
6
9
9
2
3
10
11
16
20
20
18
19
12
16
12
6
17
17
20
17
8
12
7
-4
-6
-15
-21
-17
-11
-8
-7
-5
-9
-18
-26
-19
-15
-13
-12
-10
-6
-13
-16
-15
-12
-18
-23
-27
-33
-33
-30
-29
-20
-14
-18
-23
-17
-11
-14
-15
-19
-18
-11
-18
-22
-26
-27
-20
-17
-7
-10
-13
-14
-16
-12
-9
-6
-1
10
9
6
0
-6
-6
2
4
5
1
3
12
17
13
14
12
11
7
3
6
4
5
10
15
14
17
20
16
22
31
28
24
20
24
33
26
21
24
18
19
20
26
25
16
15
13
14
23
21
13
9
12
8
6
-2
-7
-8
-10
-8
-12
-6
-8
-9
-9
-9
-7
-5
-8
-11
-9
-11
-18
-18
-13
-10
-7
-11
-14
-15
-13
-6
-7
-7
-7
-9
-2
1
-3
-8
-9
-1
4
1
9
7
4
14
12
9
5
-1
-2
6
4
0
-2
-3
6
15
16
10
5
2
1
1
13
15
14
15
14
20
21
11
10
3
7
10
5
0
1
-1
-2
-5
-5
-8
-14
-8
-10
-17
-17
-23
-16
-6
0
-2
-5
-7
-2
5
3
1
-16
-23
-15
-6
-7
-15
-18
-19
-14
-22
-21
-18
-21
-21
-20
-22
-18
-14
-12
-15
-20
-26
-27
-31
-26
-16
-17
-16
-25
-20
-3
-1
2
4
1
5
3
2
10
9
7
14
8
9
6
-4
-6
4
10
8
9
10
16
19
14
11
11
4
3
6
10
8
7
10
18
16
10
13
15
15
11
15
9
5
7
19
26
29
27
20
20
17
23
24
24
27
29
31
29
28
27
27
31
36
26
28
24
21
25
27
29
25
14
15
8
-6
4
-5
-11
-6
-7
-6
-9
-20
-15
-7
-17
-16
-18
-23
-28
-33
-46
-51
-54
-50
-39
-28
-23
-25
-37
-42
-37
-38
-37
-41
-34
-25
-27
-23
-12
-10
-9
-14
-11
-9
-19
-22
-19
-12
-5
-3
3
13
10
15
17
14
7
4
4
7
11
5
4
8
15
14
12
12
8
11
12
10
14
22
18
15
18
18
3
4
17
18
19
19
9
2
13
12
21
20
12
11
9
3
-4
-5
-3
1
5
14
12
5
3
4
9
16
15
7
-5
-11
-15
-17
-13
-18
-14
-20
-26
-31
-33
-32
-35
-34
-35
-39
-42
-43
-38
-39
-45
-38
-41
-34
-20
-19
-16
-21
-24
-14
-8
-4
-5
-3
0
2
6
16
21
21
23
32
33
29
28
24
29
35
46
40
31
33
32
34
44
42
41
38
36
35
22
18
23
26
29
34
40
33
28
15
11
19
15
14
10
11
11
7
-1
-1
0
5
3
-5
-4
-12
-6
-4
-3
-4
0
0
-4
-4
-4
-7
-5
-14
-11
-16
-25
-15
-15
-12
-12
-8
-10
-20
-28
-35
-32
-26
-26
-21
-12
-10
-7
-14
-28
-26
-25
-28
-23
-22
-13
-10
-6
1
-5
-15
-20
-17
-18
-20
-17
-14
-2
0
3
1
0
3
0
-3
-5
3
-9
-5
7
6
9
10
11
11
6
-2
-3
-6
-6
5
-1
-1
0
-10
-4
4
7
-1
-10
-18
-15
-12
-7
0
1
0
-8
-7
-4
-17
-21
-10
-10
-1
10
6
9
21
17
7
2
2
6
16
21
19
19
14
15
11
10
13
8
5
12
14
20
20
16
22
21
19
16
5
6
12
14
23
31
26
20
13
11
7
-1
0
4
3
-2
-9
-18
-11
0
0
0
0
-11
-8
-3
-5
-2
-8
-14
-9
-12
-11
-7
-10
-7
-1
-2
-4
-7
-14
-14
-12
-13
-5
-2
-2
0
-3
-5
-10
-13
-12
-9
1
6
5
0
-2
0
1
10
10
2
-2
-6
-4
-4
5
11
9
19
18
14
11
7
13
16
12
8
8
10
5
6
4
9
14
24
16
-1
-5
-10
-9
-2
9
9
9
6
8
10
6
8
10
4
0
0
-8
-9
-6
-7
-4
-9
-18
-22
-23
-19
-19
-27
-25
-30
-35
-31
-38
-37
-37
-46
-33
-26
-26
-20
-22
-16
-10
-14
-12
-11
-23
-25
-20
-19
-6
-4
-2
4
-2
-3
-2
-2
6
20
24
25
19
16
11
7
10
12
10
14
20
19
26
27
22
21
27
24
22
21
26
26
33
35
26
23
17
22
21
20
23
14
13
11
5
2
1
-2
7
3
-2
-1
-8
-9
-3
-2
-8
-17
-18
-24
-22
-20
-22
-19
-19
-25
-23
-29
-23
-19
-12
-5
-5
-7
-13
-8
-4
-4
-2
4
1
1
0
1
2
0
0
11
12
20
22
7
2
5
3
10
17
16
21
25
26
24
23
20
18
17
25
26
18
15
11
13
16
14
11
9
13
15
13
11
6
10
10
5
4
1
-4
-8
-9
-11
-9
-18
-18
-11
-9
-15
-18
-20
-26
-32
-38
-43
-47
-45
-37
-36
-33
-33
-33
-34
-30
-21
-15
-21
-25
-23
-29
-30
-24
-20
-20
-17
-15
-12
-11
-12
-10
-7
-4
2
6
8
13
7
5
8
13
17
24
18
19
23
24
26
25
21
20
16
5
15
15
9
21
28
27
29
21
20
18
24
26
27
28
29
17
13
16
6
1
3
-4
0
14
10
7
11
7
6
3
-4
-1
-2
-1
-1
-8
-12
-11
-17
-14
-12
-14
-6
-10
-11
-11
-11
-11
-7
-11
-15
-15
-20
-25
-18
-22
-23
-13
-16
-12
-13
-13
-7
-9
-7
-8
-7
-5
1
6
2
0
2
1
-1
2
11
16
16
20
25
30
25
24
27
27
32
32
29
25
24
24
31
28
33
33
31
30
20
13
8
8
13
10
6
4
1
0
8
12
7
-1
-15
-16
-21
-22
-26
-31
-29
-24
-26
-21
-22
-26
-32
-31
-30
-42
-38
-30
-30
-31
-27
-27
-27
-22
-13
-21
-19
-22
-31
-24
-20
-13
-13
-15
-19
-15
-17
-11
-2
2
-8
-11
-11
-18
-23
-18
-10
-8
-19
-20
-12
-13
1
4
10
7
4
7
10
6
7
4
4
13
15
11
10
13
14
13
13
24
14
6
14
23
34
39
31
31
31
31
31
29
28
26
28
27
30
27
27
26
26
27
18
14
18
21
26
30
31
26
20
16
12
4
0
6
2
-2
-6
-4
-13
-15
-9
-10
-13
-19
-12
-10
0
-2
-3
-4
-5
4
7
8
3
-1
-3
-3
-1
-7
-9
-11
-11
-11
-11
-9
-9
-4
0
0
-6
-14
-16
-12
-15
-8
-6
-6
-3
-2
-2
-11
-13
-21
-14
-7
-7
-11
-23
-25
-20
-10
-7
-7
-9
-23
-29
-22
-12
-9
-11
-9
-11
-9
-13
-13
-23
-26
-23
-19
-12
-11
-6
-1
-1
-9
-14
-3
-4
2
14
10
2
-1
-7
-6
3
7
8
5
8
5
3
3
0
-1
1
2
0
3
11
7
13
23
17
12
9
4
7
3
-3
-2
-7
-2
-3
-1
10
14
16
15
11
14
11
1
7
2
-3
-3
-10
-15
-10
-7
-8
-2
-4
-2
4
2
-5
-5
-7
-2
10
19
17
13
3
5
1
-4
4
9
9
15
11
6
10
7
11
26
26
25
21
18
16
8
13
6
3
2
6
13
9
7
10
6
13
17
13
8
9
10
2
11
9
12
19
23
7
-1
-2
-9
-7
-1
-3
-4
-2
-3
0
-4
0
1
-4
-6
-8
-14
-13
-17
-23
-19
-19
-19
-13
-14
-13
-11
-8
-12
-21
-13
-4
3
-2
-10
-14
-16
-12
-7
-11
-12
-15
-14
-9
-9
-10
-12
-15
-9
-5
-10
-14
-15
-16
-17
-16
-20
-14
-20
-21
-14
-12
-8
-12
-17
-13
-4
-7
-10
-17
-9
1
2
8
-1
-12
-17
-7
9
17
17
15
12
7
7
9
4
7
19
25
26
21
18
15
22
28
29
36
37
35
33
24
22
17
23
24
23
26
22
17
15
15
9
5
12
12
11
12
5
3
-5
-4
-8
-13
-10
-16
-19
-9
-9
-13
-10
-16
-18
-20
-21
-28
-32
-22
-18
-8
5
11
3
-6
-13
-17
-12
-2
-3
-2
9
7
2
2
2
0
5
3
0
-6
-11
-12
-14
-7
-4
1
2
1
2
-6
-15
-21
-17
-14
-9
-3
1
0
-6
-5
-7
-8
-10
-14
-11
-12
-10
-10
-2
-2
-1
7
12
13
13
23
17
12
12
13
19
18
14
9
2
5
2
5
6
0
-7
-1
8
6
10
1
-5
-5
-2
3
0
-5
-5
-3
-2
0
-4
-9
-9
-6
-7
-11
-12
-13
-14
-7
-4
-6
2
4
6
7
8
1
-2
-4
-1
11
14
17
15
5
8
1
-2
3
3
6
15
15
17
16
7
13
27
25
25
12
5
2
2
2
5
8
5
16
13
9
4
-2
-7
-8
-5
-4
-2
-5
1
-2
-8
-4
-7
-1
1
-3
-7
-12
-9
-8
-7
-3
-10
-15
-10
-10
-11
-10
-10
-12
-13
-9
-1
0
3
-6
-10
-8
-12
-11
-9
-7
-3
-1
-7
-11
-17
-11
1
1
-3
-7
-13
-7
-9
-9
-5
-10
-21
-21
-14
-10
-5
-4
-4
-2
1
5
3
-1
3
-1
-6
0
-2
3
19
18
20
18
10
9
9
12
15
14
18
18
14
15
14
11
6
8
11
9
7
18
21
17
12
8
5
4
7
9
5
-2
-2
1
5
4
4
0
-8
-5
-12
-14
-9
-5
-2
2
5
3
-10
-15
-15
-11
-7
-2
1
-6
-7
-8
-14
-14
-13
-18
-18
-17
-19
-23
-28
-23
-21
-21
-14
-12
-9
-3
5
3
-4
-12
-7
-11
-8
-5
-6
-5
-3
8
12
5
7
11
13
12
11
10
8
15
14
12
14
11
5
15
21
21
17
19
20
23
27
29
25
22
22
26
27
18
15
17
22
22
24
19
10
14
17
13
12
7
1
4
12
8
4
-4
-9
-14
-12
-17
-26
-30
-31
-24
-23
-14
-16
-20
-23
-28
-30
-34
-37
-31
-21
-20
-17
-25
-35
-36
-29
-25
-22
-11
-14
-16
-22
-22
-21
-21
-21
-11
-7
-7
-5
-2
4
7
12
6
3
0
6
9
7
8
11
18
22
27
25
21
17
19
20
20
18
18
18
27
36
33
30
27
25
20
26
25
17
12
5
-2
5
4
3
4
0
7
1
2
11
13
13
15
5
3
2
-10
-3
1
-3
-1
-7
-6
-5
-14
-16
-16
-14
-7
1
2
-3
-11
-20
-21
-15
-13
-8
-11
-19
-21
-24
-14
-10
-6
-8
-17
-23
-23
-21
-25
-13
-9
-14
-16
-23
-22
-10
-16
-13
-2
3
5
-1
-3
1
0
-1
8
5
2
1
-2
3
10
15
14
14
16
13
8
5
0
2
6
6
5
2
-6
-6
-1
2
3
-1
6
11
3
7
4
-3
8
11
12
20
14
2
0
0
3
5
7
6
6
5
8
13
11
9
14
19
11
14
14
10
7
10
12
5
5
6
4
2
3
3
6
10
5
-3
2
-7
-12
2
1
2
-3
-15
-13
-11
-10
-10
-14
-14
-13
-13
-9
-9
-13
-13
-10
-1
-1
-1
-2
2
5
-3
-8
-17
-17
-21
-15
-11
-10
-10
-7
-7
-5
-6
-9
-5
-3
-3
0
5
6
4
3
8
2
-2
3
7
11
18
21
13
6
2
1
-1
6
18
15
10
10
10
15
16
23
25
24
25
17
15
14
14
15
15
18
17
19
18
12
8
7
12
12
12
8
0
-15
-10
-5
-9
-8
-18
-27
-31
-32
-34
-33
-35
-30
-30
-31
-42
-44
-38
-41
-36
-36
-33
-33
-31
-28
-31
-27
-25
-31
-28
-18
-19
-13
-12
-10
-1
-10
-2
3
2
7
14
12
8
14
16
23
21
26
25
19
17
16
28
31
29
24
22
23
25
21
26
22
23
26
16
12
11
7
8
16
14
10
10
9
13
16
13
2
-4
-3
-5
-3
-5
-6
-3
3
5
8
5
-3
2
5
6
6
0
-9
-9
-8
-3
5
4
0
-1
0
2
-1
-3
0
8
13
8
5
2
4
3
2
0
5
2
2
-3
-7
-7
-10
-5
2
8
8
4
-4
-4
-10
-20
-12
0
5
8
7
8
5
0
3
8
8
5
3
2
3
9
12
13
16
15
2
-7
-9
-13
-13
-13
0
6
6
11
8
11
2
-8
-12
-20
-8
-3
-10
-14
-22
-30
-37
-30
-19
-19
-26
-24
-24
-25
-22
-16
-16
-15
-6
-13
-16
-23
-32
-21
-17
-18
-11
-15
-20
-6
-3
-3
-3
-7
0
-2
-2
-3
-10
-11
-9
-6
-8
-4
0
2
3
4
-5
-7
-6
-1
9
7
5
2
2
5
12
7
12
12
13
16
15
13
14
21
18
19
19
14
15
18
24
36
37
39
38
36
29
25
31
26
25
27
28
20
12
15
9
14
21
26
21
16
8
2
3
0
-1
-6
7
7
2
4
-11
-11
-7
-8
-5
-12
-18
-19
-22
-17
-9
-17
-20
-10
-19
-17
-12
-15
-12
-9
-2
-6
-10
-12
-13
-11
-13
-8
-4
4
5
11
14
14
13
9
9
16
13
12
10
9
8
6
9
6
-4
-3
2
-4
-13
-18
-16
-11
-7
-9
-3
-6
-10
-15
-13
-17
-29
-30
-28
-23
-15
-9
-17
-18
-21
-17
-23
-25
-23
-22
-22
-24
-31
-31
-29
-16
-9
5
17
5
7
12
9
6
2
-7
-6
-2
-1
3
-2
-1
13
23
21
19
11
6
9
11
20
13
9
11
11
3
4
2
6
9
2
4
0
-5
3
9
12
9
1
-1
9
15
11
7
2
-5
-7
-4
1
8
1
1
7
1
-2
-5
-3
3
3
6
10
4
2
18
25
27
24
16
11
2
-2
-2
-1
-1
1
3
7
5
1
7
10
13
10
6
3
4
3
6
9
4
5
1
3
9
8
2
7
9
8
10
10
3
0
6
4
10
11
11
11
6
5
-1
-1
0
7
9
7
8
0
-1
-2
2
-2
-15
-17
-13
-22
-21
-15
-14
-9
-10
-11
-9
-15
-17
-18
-20
-14
-12
-19
-19
-20
-23
-25
-25
-22
-12
-6
-5
-7
-13
-12
-10
-5
-2
-7
-12
-21
-20
-15
-17
-16
-13
-14
-11
-14
-16
-9
-14
-12
-7
-8
-5
-2
-4
-1
5
0
3
6
9
18
20
16
11
5
11
10
10
9
13
14
14
17
15
12
8
10
20
18
10
10
8
12
19
26
27
16
16
17
20
16
15
14
5
-1
-3
-2
-3
-7
0
-6
-8
-14
-19
-8
-8
-11
-9
-16
-18
-10
-9
-8
-4
-5
-4
-4
-6
-5
-7
-13
-11
-9
-14
-13
-13
-6
1
9
17
16
26
23
11
14
13
6
2
8
10
14
16
17
17
17
15
13
10
-1
2
9
8
19
27
18
12
10
-2
-2
0
0
-1
-3
-3
-17
-20
-21
-20
-20
-15
-8
-10
-12
-11
-10
-14
-11
-6
-5
-7
-13
-15
-14
-6
-7
-6
-9
-6
4
10
20
25
30
33
40
48
54
48
37
39
36
44
50
47
50
50
48
41
29
19
14
4
2
2
-6
-13
-22
-27
-23
-31
-37
-38
-52
-58
-62
-67
-61
-71
-79
-79
-89
-95
-101
-111
-114
-118
-117
-103
-100
-102
-97
-98
-92
-78
-73
-61
-47
-41
-37
-28
-23
3
22
32
54
71
86
105
126
133
142
157
164
171
183
179
168
171
162
161
158
151
143
120
108
100
83
63
51
43
35
14
-9
-29
-54
-70
-72
-79
-95
-109
-124
-135
-151
-167
-176
-184
-190
-192
-195
-199
-206
-217
-205
-198
-188
-177
-159
-148
-130
-110
-92
-63
-46
-21
-1
26
67
93
129
166
188
213
240
262
286
308
326
338
343
350
355
347
331
307
284
255
228
205
188
177
153
120
91
59
19
-7
-24
-59
-86
-116
-155
-189
-216
-230
-252
-277
-316
-345
-355
-365
-376
-391
-399
-404
-414
-415
-419
-407
-389
-367
-343
-318
-284
-248
-219
-188
-144
-99
-58
-17
38
105
163
223
285
325
383
419
455
481
501
529
543
567
578
584
574
550
526
491
453
397
351
316
265
227
198
142
87
43
-3
-55
-95
-156
-221
-257
-297
-339
-375
-421
-475
-525
-568
-601
-627
-638
-658
-678
-681
-688
-687
-690
-670
-653
-643
-598
-556
-512
-461
-415
-355
-294
-244
-159
-87
-13
59
118
190
287
385
496
586
667
763
834
883
919
949
982
1026
1060
1075
1046
1016
985
927
871
795
726
650
572
509
438
353
271
198
139
76
-16
-101
-180
-254
-330
-418
-477
-558
-655
-718
-760
-833
-890
-929
-996
-1038
-1075
-1090
-1122
-1136
-1122
-1093
-1048
-1015
-978
-914
-853
-813
-749
-668
-583
-500
-404
-274
-168
-62
72
199
327
476
598
723
835
946
1097
1219
1322
1380
1407
1457
1502
1540
1547
1509
1474
1400
1305
1224
1130
1034
908
810
656
518
417
276
179
49
-65
-172
-302
-436
-520
-616
-714
-806
-902
-984
-1074
-1146
-1231
-1361
-1430
-1500
-1566
-1598
-1632
-1645
-1623
-1590
-1547
-1552
-1546
-1486
-1406
-1278
-1155
-1048
-917
-794
-659
-482
-312
-180
-50
121
311
500
693
895
1108
1271
1443
1642
1768
1844
1931
2044
2121
2200
2256
2290
2290
2252
2165
2037
1867
1656
1462
1321
1176
1010
876
748
559
358
116
-125
-314
-457
-575
-734
-888
-1011
-1165
-1352
-1488
-1607
-1741
-1900
-1965
-2045
-2190
-2254
-2350
-2400
-2359
-2334
-2297
-2230
-2203
-2147
-2057
-1924
-1771
-1635
-1523
-1304
-1104
-894
-668
-466
-207
33
232
445
693
924
1222
1527
1801
2024
2184
2401
2608
2797
2890
3004
3104
3149
3264
3319
3348
3293
3162
2948
2733
2504
2225
1965
1678
1443
1233
1020
715
387
111
-195
-460
-711
-919
-1185
-1423
-1571
-1800
-2022
-2173
-2363
-2503
-2645
-2807
-2962
-3103
-3196
-3215
-3256
-3253
-3207
-3174
-3082
-2935
-2827
-2690
-2545
-2404
-2195
-1952
-1693
-1426
-1166
-877
-589
-310
-59
229
539
845
1120
1393
1654
1915
2217
2423
2590
2815
2951
3073
3213
3342
3363
3386
3350
3296
3302
3285
3217
3004
2753
2504
2234
1904
1589
1313
1071
789
554
285
-61
-400
-678
-881
-1122
-1364
-1543
-1742
-1939
-2057
-2209
-2410
-2584
-2714
-2757
-2777
-2889
-2972
-2996
-3002
-2951
-2852
-2802
-2758
-2724
-2622
-2449
-2258
-2048
-1810
-1619
-1384
-1154
-870
-642
-483
-202
32
239
453
669
901
1142
1349
1540
1732
1903
2122
2295
2459
2631
2740
2853
2947
3028
3095
3049
2955
2897
2861
2838
2776
2624
2449
2271
2072
1849
1670
1375
1020
787
526
236
-91
-302
-518
-725
-922
-1151
-1359
-1535
-1768
-1845
-1966
-2096
-2142
-2255
-2284
-2306
-2414
-2430
-2442
-2521
-2436
-2413
-2421
-2391
-2376
-2312
-2218
-2083
-1924
-1760
-1595
-1438
-1240
-1011
-776
-567
-372
-195
19
247
497
781
983
1198
1381
1572
1741
1840
1975
2088
2231
2358
2420
2442
2498
2558
2546
2567
2527
2518
2468
2416
2316
2139
2012
1856
1706
1570
1420
1125
863
608
327
54
-211
-482
-701
-896
-1103
-1282
-1466
-1683
-1788
-1904
-2102
-2242
-2396
-2552
-2575
-2536
-2593
-2601
-2564
-2551
-2470
-2335
-2261
-2235
-2131
-1962
-1837
-1652
-1492
-1294
-1065
-887
-693
-531
-354
-241
-81
163
366
554
723
974
1173
1293
1507
1611
1765
1947
2035
2187
2283
2331
2333
2309
2310
2290
2223
2160
2095
2005
1895
1798
1680
1503
1308
1191
992
837
696
483
289
86
-68
-236
-407
-556
-711
-846
-1010
-1185
-1397
-1509
-1583
-1722
-1781
-1917
-2010
-2101
-2077
-2003
-1935
-1860
-1878
-1824
-1686
-1538
-1398
-1254
-1132
-1001
-895
-798
-636
-449
-276
-79
23
134
362
489
611
802
943
1068
1161
1316
1470
1494
1548
1635
1679
1722
1746
1794
1795
1706
1682
1653
1631
1604
1477
1341
1205
1087
979
785
595
419
255
93
-78
-220
-349
-424
-507
-533
-602
-723
-873
-1075
-1188
-1265
-1346
-1406
-1546
-1639
-1650
-1615
-1585
-1574
-1623
-1631
-1552
-1494
-1507
-1451
-1318
-1190
-1068
-936
-797
-703
-548
-355
-177
8
106
242
394
523
737
865
1033
1233
1370
1454
1465
1481
1531
1561
1590
1619
1624
1606
1616
1657
1621
1540
1447
1311
1242
1151
1028
900
699
498
327
200
114
-11
-153
-341
-529
-695
-851
-949
-1015
-1071
-1186
-1302
-1457
-1591
-1687
-1752
-1800
-1855
-1864
-1874
-1885
-1815
-1744
-1659
-1621
-1615
-1491
-1356
-1275
-1147
-1004
-837
-603
-386
-214
-82
68
240
422
635
770
786
914
1090
1211
1421
1672
1761
1773
1831
1858
1918
1968
1948
2036
2085
2090
2070
1914
1809
1714
1584
1441
1317
1178
1049
888
717
601
372
163
18
-187
-356
-495
-736
-978
-1170
-1283
-1333
-1516
-1623
-1725
-1812
-1992
-2026
-2079
-2116
-2189
-2237
-2165
-2126
-2006
-1920
-1785
-1687
-1616
-1551
-1475
-1311
-1110
-923
-715
-579
-381
-142
134
350
498
641
808
925
1065
1273
1438
1563
1708
1908
2024
2130
2217
2236
2264
2264
2216
2175
2078
1990
1952
1856
1751
1692
1600
1489
1356
1232
1140
950
763
552
329
79
-165
-325
-431
-564
-758
-959
-1160
-1317
-1361
-1423
-1465
-1576
-1745
-1773
-1861
-1956
-1945
-1590
-1320
-1239
-1258
-1456
-1881
-2411
-2758
-3032
-3007
-2536
-1928
-995
18
711
1046
938
237
-600
-1306
-1950
-2072
-1541
-684
498
1892
2913
3395
3363
2800
1743
735
-189
-815
-876
-438
405
1486
2598
3267
3499
3272
2612
1683
772
-39
-598
-665
-340
164
887
1509
1817
1784
1614
1344
729
84
-489
-1158
-1606
-1838
-1894
-1852
-1455
-958
-459
95
266
240
-144
-861
-1696
-2425
-2897
-2967
-2523
-1679
-759
137
865
1125
986
539
-163
-996
-1620
-1984
-2003
-1634
-920
-57
708
1386
1731
1708
1445
858
260
-206
-558
-545
-160
275
912
1561
1961
2136
2011
1623
1092
587
158
-141
-189
36
403
820
1233
1399
1385
1243
821
334
-87
-422
-761
-748
-549
-386
1
332
556
611
522
254
-148
-474
-833
-1010
-1005
-951
-678
-419
-198
1
74
-46
-236
-485
-807
-1033
-1138
-1212
-1075
-743
-502
-277
3
319
396
319
145
-299
-718
-1035
-1217
-1239
-1117
-846
-455
130
531
776
801
391
-238
-774
-1193
-1462
-1290
-712
-114
542
1225
1590
1636
1528
1091
492
-68
-482
-717
-713
-218
343
873
1452
1744
1750
1644
1266
762
246
-182
-456
-403
-10
526
1019
1362
1526
1369
1011
486
-165
-736
-1011
-1092
-940
-529
-77
317
590
588
263
-204
-677
-1139
-1402
-1505
-1504
-1334
-999
-569
-202
2
-18
-191
-580
-956
-1207
-1394
-1403
-1189
-828
-368
76
417
601
618
542
256
-122
-445
-701
-645
-361
-46
351
746
1067
1295
1296
1076
704
299
67
4
54
312
721
1007
1275
1447
1385
1254
950
589
297
174
170
249
430
593
665
669
545
337
-13
-319
-614
-847
-894
-951
-911
-810
-616
-413
-319
-272
-384
-644
-853
-1130
-1310
-1392
-1333
-1148
-883
-571
-322
-179
-66
17
-191
-335
-419
-599
-600
-354
-148
222
719
1070
1326
1553
1571
1292
1022
735
447
367
503
660
987
1373
1557
1646
1625
1281
776
384
-148
-637
-818
-767
-677
-451
-62
211
319
430
278
-13
-216
-482
-719
-895
-940
-804
-732
-611
-454
-394
-376
-441
-553
-779
-991
-1182
-1369
-1530
-1592
-1653
-1653
-1516
-1355
-1140
-996
-895
-785
-695
-624
-633
-502
-293
-80
147
394
665
1024
1481
1842
2098
2246
2270
2223
2149
1980
1820
1667
1589
1572
1664
1720
1693
1591
1405
1150
673
197
-208
-639
-1009
-1146
-1227
-1360
-1298
-1051
-896
-639
-407
-382
-433
-489
-473
-477
-556
-695
-724
-648
-556
-581
-592
-624
-740
-767
-776
-963
-1217
-1415
-1676
-1891
-2086
-2126
-2232
-2213
-1940
-1632
-1369
-1017
-569
-247
75
364
574
779
1175
1616
1948
2296
2657
2981
3109
3168
3180
3046
2898
2800
2637
2451
2246
2081
1882
1559
1277
984
546
97
-243
-619
-992
-1168
-1264
-1352
-1356
-1268
-1159
-1047
-814
-569
-452
-370
-296
-354
-460
-525
-624
-708
-762
-820
-922
-1041
-1135
-1283
-1402
-1667
-2005
-2271
-2464
-2697
-2832
-2846
-2865
-2631
-2302
-2064
-1771
-1342
-1073
-766
-359
17
514
1098
1587
2101
2590
2968
3306
3544
3619
3611
3515
3370
3287
3216
3045
2828
2619
2243
1702
1249
813
234
-267
-630
-1029
-1387
-1532
-1514
-1551
-1522
-1362
-1225
-1156
-1010
-861
-760
-572
-341
-188
-142
1
54
-32
-159
-356
-666
-962
-1170
-1434
-1593
-1735
-1943
-2108
-2307
-2566
-2822
-3032
-3224
-3251
-3104
-2874
-2525
-1966
-1447
-857
-193
422
1180
1882
2439
2867
3222
3499
3669
3693
3656
3647
3587
3543
3611
3607
3378
3168
2991
2483
1776
1003
148
-702
-1290
-1713
-2013
-2135
-1959
-1630
-1416
-1136
-825
-714
-653
-484
-400
-489
-456
-128
205
453
580
711
621
401
128
-216
-740
-1259
-1601
-1857
-2153
-2412
-2526
-2691
-2927
-3001
-2975
-3015
-2936
-2755
-2557
-2317
-1787
-1118
-598
56
925
1741
2448
3005
3606
3979
3985
3940
3864
3606
3322
3240
3111
2974
2821
2709
2610
2236
1668
1060
235
-713
-1336
-1784
-2284
-2439
-2299
-2175
-1924
-1442
-1024
-762
-516
-273
-145
-137
-17
161
305
347
352
330
213
-17
-261
-637
-1150
-1515
-1855
-2166
-2471
-2667
-2835
-3016
-3189
-3310
-3261
-3184
-3017
-2713
-2354
-2054
-1552
-923
-405
351
1306
2039
2545
3122
3658
3962
4022
3965
3785
3528
3256
3079
2934
2702
2529
2538
2268
1667
1239
638
-302
-960
-1474
-2037
-2358
-2340
-2180
-1913
-1468
-959
-398
-55
169
461
501
325
516
757
676
620
676
612
453
191
-200
-632
-1067
-1582
-1903
-2132
-2570
-2765
-2793
-3115
-3355
-3300
-3366
-3388
-3120
-2758
-2409
-1867
-1116
-508
228
1185
2040
2677
3163
3608
4075
4167
3951
3871
3548
3153
3024
2894
2625
2359
2207
1975
1497
891
320
-380
-1255
-1829
-2252
-2687
-2794
-2536
-2099
-1585
-955
-335
167
549
832
1009
1001
1071
1238
1238
1132
1182
1230
1112
824
286
-286
-839
-1432
-1983
-2335
-2726
-3045
-2997
-3041
-3298
-3255
-3146
-3145
-2955
-2657
-2436
-2072
-1404
-824
-255
635
1653
2518
3131
3711
4261
4377
4130
3770
3292
2650
2077
1861
1684
1479
1403
1376
1175
754
210
-472
-1384
-2267
-2828
-3256
-3489
-3293
-2794
-2215
-1492
-727
62
676
1160
1518
1553
1413
1328
1391
1321
1130
1090
1080
918
620
220
-264
-830
-1331
-1696
-2092
-2608
-2933
-3018
-3194
-3291
-3175
-2922
-2686
-2341
-1930
-1578
-1138
-614
-3
618
1277
2052
2804
3287
3756
4256
4441
4297
3977
3522
2926
2402
1925
1621
1416
1129
1134
1047
550
-7
-548
-1371
-2257
-2867
-3341
-3651
-3569
-3136
-2611
-1920
-1086
-157
642
1087
1391
1705
1616
1361
1465
1511
1215
942
879
661
330
18
-401
-884
-1387
-1898
-2169
-2487
-2887
-2872
-2779
-3053
-3161
-2847
-2833
-2817
-2443
-2035
-1576
-927
-132
632
1482
2371
3221
3895
4191
4384
4541
4320
3783
3391
2924
2295
2036
1890
1673
1496
1400
1216
817
185
-570
-1371
-2244
-2961
-3410
-3677
-3700
-3348
-2654
-1924
-1132
-254
475
971
1405
1717
1777
1629
1460
1505
1308
944
709
489
116
-291
-681
-1175
-1682
-2071
-2266
-2408
-2673
-2835
-2845
-3028
-3257
-3211
-3129
-3225
-2893
-2319
-1785
-1064
-262
473
1234
1954
2758
3640
3987
4015
4211
4278
3883
3545
3238
2690
2265
2016
1793
1624
1479
1275
1123
658
-108
-758
-1476
-2449
-3102
-3426
-3642
-3529
-2989
-2313
-1571
-726
29
708
1319
1674
1860
2040
1815
1462
1485
1490
1217
1002
823
515
128
-340
-872
-1386
-1935
-2429
-2627
-2852
-3137
-3099
-2956
-2965
-2965
-2755
-2606
-2539
-2219
-1824
-1350
-772
-95
672
1428
2149
3009
3819
4009
4075
4331
4105
3552
3145
2711
2080
1617
1490
1387
1238
1048
950
670
81
-594
-1267
-2070
-2909
-3351
-3572
-3675
-3443
-2790
-2113
-1280
-329
476
1212
1743
1948
2147
2270
2064
1955
1828
1528
1227
1050
773
407
-19
-531
-981
-1298
-1653
-1943
-1994
-2130
-2418
-2562
-2750
-3074
-3129
-3090
-2966
-2632
-2218
-1644
-883
-37
772
1450
2050
2685
3277
3583
3558
3644
3636
3421
3115
2721
2307
2007
1777
1588
1455
1174
903
711
267
-503
-1217
-1969
-2806
-3326
-3556
-3639
-3447
-2946
-2285
-1476
-681
11
716
1269
1544
1699
1721
1646
1528
1379
1394
1417
1280
1117
934
664
191
-369
-986
-1578
-2192
-2560
-2735
-2900
-2961
-2911
-2818
-2786
-2709
-2457
-2322
-2266
-1873
-1424
-964
-312
472
1098
1623
2171
2775
3270
3363
3366
3468
3404
3153
2831
2455
1949
1486
1323
1185
889
566
301
95
-361
-985
-1421
-1981
-2585
-2853
-2969
-3035
-2822
-2226
-1551
-852
-92
580
1208
1681
1952
2087
2044
1801
1693
1790
1521
1145
1088
1010
615
148
-369
-932
-1477
-1994
-2237
-2431
-2676
-2704
-2412
-2340
-2387
-2245
-2150
-2058
-1831
-1465
-1130
-647
-89
580
1313
1777
2184
2772
3299
3534
3616
3558
3404
3175
2902
2562
2157
1721
1352
1195
1028
736
508
348
10
-463
-921
-1455
-2071
-2600
-2893
-3010
-3027
-2787
-2201
-1377
-662
68
733
1151
1372
1546
1553
1253
961
828
721
488
364
304
198
-15
-399
-920
-1507
-2150
-2631
-2820
-2935
-3050
-2886
-2508
-2170
-1889
-1663
-1556
-1524
-1477
-1471
-1278
-1000
-570
152
963
1561
2035
2533
3043
3328
3294
3187
2997
2794
2527
2129
1783
1491
1270
1331
1454
1409
1198
1083
899
398
-272
-964
-1735
-2386
-2672
-2733
-2684
-2371
-1659
-811
-30
679
1230
1571
1614
1442
1233
814
445
360
426
380
259
307
319
41
-444
-1008
-1756
-2476
-2944
-3134
-3151
-3089
-2771
-2214
-1766
-1583
-1478
-1509
-1663
-1681
-1586
-1478
-1224
-695
-32
773
1507
1961
2360
2820
3086
3144
3004
2629
2431
2333
2162
2032
2005
1932
2028
2299
2350
2148
1908
1597
1082
390
-289
-1004
-1612
-1970
-2028
-1922
-1621
-1134
-458
236
603
972
1179
1086
930
786
507
94
-157
-43
126
150
52
26
-134
-693
-1328
-1969
-2694
-3202
-3278
-3041
-2797
-2522
-2079
-1728
-1643
-1792
-1936
-2129
-2425
-2421
-2109
-1667
-1107
-298
645
1348
1828
2114
2178
2126
2067
2014
1970
2002
2216
2619
2933
3115
3252
3331
3187
2922
2550
2014
1415
971
484
-86
-453
-816
-1146
-1302
-1298
-1282
-1222
-1008
-684
-447
-167
69
129
115
21
-54
-63
-203
-257
-149
-146
-226
-285
-409
-693
-1080
-1556
-2110
-2680
-3036
-3160
-3077
-2859
-2543
-2212
-1979
-1974
-2034
-2093
-2276
-2344
-2186
-1921
-1479
-767
-72
597
1214
1745
2000
1994
2073
2156
2265
2425
2757
3208
3552
3846
4159
4248
3894
3468
3071
2602
2035
1604
1291
896
448
199
-36
-567
-1086
-1338
-1444
-1580
-1524
-1289
-1087
-851
-420
-96
-71
-71
-35
-36
-183
-360
-381
-390
-445
-451
-487
-742
-1171
-1532
-1934
-2425
-2847
-3066
-3052
-2947
-2706
-2481
-2369
-2443
-2457
-2433
-2480
-2470
-2330
-1956
-1365
-686
1
631
1174
1596
1841
1953
1978
2035
2358
2795
3209
3752
4256
4565
4709
4659
4227
3541
2792
2170
1762
1447
1204
1102
990
795
527
59
-681
-1443
-1882
-2147
-2292
-2221
-1936
-1445
-794
-203
186
248
44
-233
-492
-787
-1106
-1300
-1265
-1001
-752
-583
-617
-888
-1264
-1819
-2470
-3083
-3592
-3796
-3773
-3416
-2932
-2594
-2295
-1995
-1826
-1753
-1744
-1748
-1596
-1296
-811
-139
612
1217
1829
2242
2460
2519
2670
2978
3277
3526
3873
4358
4671
4823
4795
4451
3775
3023
2345
1816
1352
1012
910
855
600
289
-54
-628
-1281
-1755
-2096
-2328
-2346
-2130
-1769
-1339
-962
-674
-518
-598
-761
-937
-1124
-1272
-1222
-965
-773
-599
-459
-635
-1046
-1558
-2212
-2874
-3406
-3706
-3679
-3343
-2960
-2560
-2072
-1822
-1772
-1756
-1847
-1907
-1800
-1476
-955
-306
400
1046
1713
2250
2484
2597
2641
2701
3094
3608
4078
4518
4913
5144
5090
4688
3929
3048
2189
1567
1252
1277
1363
1388
1383
1192
689
-30
-867
-1732
-2380
-2771
-2854
-2565
-2198
-1826
-1305
-895
-823
-977
-1204
-1450
-1637
-1603
-1268
-847
-344
152
409
287
-173
-880
-1851
-2831
-3545
-3813
-3641
-3160
-2489
-1766
-1174
-955
-1054
-1422
-1981
-2394
-2572
-2464
-1925
-1045
-92
866
1740
2313
2508
2481
2454
2379
2449
2911
3525
4146
4617
4919
5098
4895
4202
3262
2420
1731
1285
1258
1623
1903
2015
1909
1321
386
-740
-1994
-3123
-3824
-3990
-3653
-2975
-2221
-1677
-1333
-1238
-1361
-1660
-1958
-2031
-1957
-1587
-943
-214
465
882
911
505
-271
-1222
-2217
-3049
-3538
-3554
-3074
-2393
-1675
-1043
-722
-995
-1660
-2390
-3069
-3428
-3286
-2668
-1681
-497
654
1626
2256
2375
2255
2093
2031
2080
2265
2753
3500
4274
4891
5257
5263
4857
4199
3441
2610
1956
1588
1498
1721
2024
2060
1763
1012
-125
-1350
-2537
-3487
-3938
-3895
-3447
-2739
-1986
-1421
-1234
-1366
-1596
-1711
-1768
-1703
-1296
-631
97
672
1100
1217
920
258
-555
-1265
-1852
-2270
-2363
-2152
-1860
-1517
-1322
-1387
-1778
-2281
-2730
-3014
-2984
-2650
-2024
-1241
-331
489
977
1198
1309
1353
1394
1560
1846
2333
2858
3335
3867
4394
4634
4546
4258
3939
3659
3294
2843
2373
2004
1716
1475
1338
1155
758
143
-568
-1281
-1889
-2317
-2614
-2804
-2768
-2515
-2242
-1991
-1783
-1736
-1711
-1600
-1321
-999
-782
-563
-333
-42
88
78
-44
-253
-624
-1104
-1496
-1707
-1865
-2006
-2085
-2085
-1977
-1947
-1994
-1977
-2001
-2096
-2114
-1954
-1665
-1281
-830
-392
-55
241
550
846
1056
1261
1531
1899
2325
2677
2906
3145
3442
3703
3841
3719
3544
3307
2933
2536
2160
1856
1579
1295
1198
1209
1100
691
58
-634
-1218
-1666
-1956
-2014
-1975
-1809
-1681
-1633
-1602
-1680
-1840
-1920
-1857
-1692
-1322
-877
-591
-389
-304
-282
-334
-517
-805
-1129
-1356
-1472
-1552
-1527
-1417
-1393
-1311
-1247
-1238
-1220
-1219
-1309
-1457
-1432
-1280
-1002
-740
-529
-333
-131
102
471
949
1390
1676
1969
2280
2430
2523
2663
2898
3210
3457
3577
3727
3721
3505
3174
2788
2339
2047
1938
1889
1941
1927
1716
1158
373
-416
-1077
-1626
-1973
-2134
-2135
-2008
-1993
-1977
-1979
-2167
-2374
-2498
-2467
-2216
-1744
-1312
-998
-757
-604
-494
-408
-458
-677
-912
-1064
-1169
-1179
-1010
-855
-811
-811
-810
-907
-1076
-1289
-1593
-1681
-1623
-1498
-1283
-1050
-824
-649
-440
-110
356
731
1070
1273
1478
1759
1913
2114
2439
2798
3161
3408
3486
3452
3232
2889
2445
2016
1730
1689
1770
1780
1823
1693
1265
601
-191
-927
-1496
-1827
-1932
-1922
-1871
-1886
-1944
-2080
-2267
-2326
-2293
-2227
-2008
-1515
-1051
-759
-573
-495
-499
-574
-609
-631
-737
-862
-884
-863
-897
-980
-1012
-1065
-1122
-1067
-939
-840
-771
-766
-786
-795
-836
-747
-584
-367
-65
281
696
1033
1318
1654
1784
1789
1833
1940
2007
2068
2155
2221
2300
2298
2164
1871
1470
1226
1145
1114
1168
1192
1233
1117
990
863
564
183
-148
-370
-512
-643
-723
-659
-632
-567
-514
-483
-463
-490
-503
-539
-602
-753
-907
-1073
-1213
-1400
-1611
-1698
-1640
-1555
-1484
-1387
-1331
-1330
-1345
-1302
-1193
-1057
-924
-797
-630
-441
-278
-163
13
237
308
410
547
740
984
1214
1363
1461
1427
1291
1122
959
848
753
713
706
645
553
490
350
215
183
96
89
164
267
431
472
433
413
338
271
304
401
517
642
799
943
969
934
822
620
435
186
-92
-293
-503
-757
-912
-1093
-1329
-1481
-1671
-1815
-1847
-1824
-1812
-1743
-1620
-1445
-1299
-1166
-1017
-817
-562
-412
-193
89
355
554
674
789
960
1060
1104
1150
1090
998
844
701
557
418
257
131
18
-59
-171
-312
-484
-594
-654
-701
-614
-469
-331
-216
-78
130
366
484
658
805
878
985
1060
1113
1135
1122
1033
922
798
635
451
228
16
-183
-381
-599
-806
-1036
-1230
-1408
-1545
-1627
-1646
-1595
-1531
-1360
-1258
-1165
-1009
-823
-628
-429
-201
69
374
696
989
1166
1303
1364
1387
1347
1317
1298
1230
1227
1193
1165
1067
924
757
582
388
166
55
-15
-136
-227
-286
-356
-382
-384
-238
-124
-34
129
321
490
616
716
725
709
644
675
688
568
466
422
341
154
-1
-210
-503
-855
-1111
-1333
-1581
-1747
-1849
-1912
-1973
-2059
-2123
-2105
-1996
-1917
-1828
-1707
-1583
-1388
-1101
-800
-446
-23
309
608
825
932
1128
1285
1336
1423
1491
1553
1657
1736
1775
1685
1523
1409
1241
1025
863
649
499
433
367
365
305
258
223
152
121
130
175
269
356
439
500
553
612
608
569
545
499
433
367
268
213
126
-47
-308
-585
-862
-1207
-1458
-1701
-1930
-2072
-2130
-2222
-2293
-2303
-2309
-2320
-2341
-2364
-2301
-2120
-1922
-1622
-1320
-1047
-689
-308
31
354
517
666
855
992
1230
1424
1505
1575
1600
1596
1601
1495
1367
1282
1164
1092
1062
1057
1063
1018
975
928
864
787
677
616
552
563
694
863
975
1043
1178
1239
1288
1372
1332
1288
1206
1018
986
889
702
513
376
97
-247
-545
-857
-1072
-1232
-1343
-1395
-1530
-1750
-1930
-2127
-2274
-2355
-2355
-2327
-2246
-2052
-1780
-1528
-1264
-1060
-843
-706
-557
-396
-246
-81
47
178
345
502
573
634
628
671
639
568
551
568
532
480
536
639
649
553
465
370
289
308
336
370
419
480
617
830
976
1061
1095
1098
1151
1150
1134
1055
964
893
816
769
672
553
380
199
118
-33
-247
-422
-588
-776
-944
-1161
-1350
-1529
-1704
-1781
-1781
-1781
-1704
-1633
-1473
-1265
-1167
-1016
-865
-777
-652
-528
-413
-252
-108
66
182
296
445
469
465
467
444
440
498
545
557
552
444
303
167
103
42
-5
11
74
127
196
331
433
547
627
571
609
653
721
783
740
763
780
777
767
802
844
764
707
753
753
655
546
401
237
152
14
-230
-449
-678
-907
-986
-1040
-1120
-1050
-949
-848
-793
-840
-880
-917
-935
-926
-859
-765
-639
-489
-323
-128
1
52
105
122
159
211
288
336
424
500
514
474
409
318
157
3
-122
-181
-214
-117
-8
41
150
160
123
85
-14
-83
-130
-126
-106
13
226
402
556
727
793
845
947
946
932
899
816
834
858
841
783
651
472
298
169
77
-49
-174
-243
-327
-465
-522
-616
-730
-769
-900
-1039
-1211
-1288
-1283
-1142
-1030
-950
-834
-678
-507
-398
-286
-213
-185
-117
45
149
218
286
302
262
289
268
144
21
-98
-142
-199
-254
-273
-273
-228
-209
-271
-363
-429
-506
-443
-373
-308
-173
-42
177
409
628
721
727
733
758
870
932
990
1029
1021
1015
994
936
863
777
617
492
304
184
34
-157
-253
-337
-490
-633
-729
-887
-1001
-1078
-1085
-1105
-1071
-953
-810
-649
-514
-373
-209
-91
-3
145
283
356
520
664
735
748
692
612
506
393
329
234
125
56
28
-55
-73
-59
-86
-132
-232
-316
-383
-407
-364
-275
-193
-81
47
174
315
435
501
544
591
584
570
575
577
576
586
577
505
337
231
116
8
-100
-140
-178
-284
-343
-517
-664
-784
-876
-875
-868
-925
-930
-908
-895
-829
-709
-592
-461
-282
-90
97
166
282
390
513
600
686
722
671
628
494
407
350
249
218
252
240
195
167
101
58
45
-55
-216
-321
-339
-314
-202
-62
33
103
189
263
310
385
409
420
433
436
374
295
274
247
184
72
-62
-178
-268
-272
-301
-320
-292
-282
-378
-451
-594
-852
-1016
-1074
-1126
-1120
-1117
-1084
-979
-850
-663
-579
-444
-351
-288
-112
69
194
300
356
400
453
506
524
464
458
468
492
533
531
580
655
724
728
750
674
478
410
335
263
305
383
372
421
501
507
504
489
461
440
427
396
415
436
440
459
413
356
246
64
-61
-182
-309
-339
-380
-388
-354
-318
-342
-432
-565
-735
-908
-1079
-1161
-1232
-1236
-1177
-1046
-878
-781
-684
-635
-551
-479
-457
-310
-198
-147
24
185
238
271
273
281
347
362
431
475
507
582
615
671
756
680
583
545
438
448
366
306
309
311
343
402
439
444
449
434
417
331
291
244
181
200
247
282
286
280
267
173
29
-47
-168
-257
-248
-269
-296
-295
-336
-401
-553
-662
-774
-903
-986
-999
-977
-936
-870
-802
-685
-553
-464
-411
-393
-338
-257
-152
-8
126
196
251
333
386
453
494
519
560
556
537
572
535
578
580
452
372
247
102
-18
-82
-120
-173
-202
-175
-179
-148
-117
-175
-209
-206
-164
-130
-62
29
46
131
185
201
231
182
122
149
170
42
60
23
-58
-118
-196
-215
-338
-443
-451
-459
-579
-645
-693
-686
-572
-431
-335
-294
-282
-211
-101
-31
84
157
278
456
614
776
875
877
907
1025
988
924
937
833
862
844
788
719
602
540
436
322
208
90
-145
-298
-416
-508
-561
-624
-684
-695
-668
-597
-548
-485
-395
-297
-204
-168
-138
-130
-47
-4
-24
58
32
-10
23
-4
-106
-247
-352
-414
-454
-491
-572
-645
-690
-719
-707
-642
-611
-668
-647
-591
-469
-322
-202
-82
49
200
303
510
715
863
1014
1121
1150
1138
1123
1079
1041
979
921
874
793
821
794
890
1256
1211
759
5
-673
-759
-166
278
-243
-1307
-1951
-1471
-209
594
235
-833
-1841
-1811
-771
226
276
-278
-788
-998
-756
-179
258
73
-607
-1065
-979
-532
-293
-743
-1204
-1172
-792
-526
-591
-657
-476
-285
-341
-529
-480
-240
42
433
901
1304
1355
1117
976
1084
1175
1116
1242
1482
1662
1655
1537
1413
1265
1094
1147
1362
1437
1321
1181
987
616
206
-42
-122
-73
-34
-101
-305
-750
-1123
-1285
-1279
-1216
-1084
-912
-891
-950
-995
-1085
-1243
-1332
-1261
-1105
-912
-807
-872
-1059
-1285
-1419
-1329
-1084
-856
-607
-417
-351
-437
-603
-581
-461
-258
224
758
979
960
922
910
923
1095
1375
1532
1551
1635
1776
1799
1604
1304
1016
777
691
827
953
766
473
190
-114
-315
-290
-213
-207
-239
-278
-327
-332
-421
-614
-740
-630
-539
-544
-555
-650
-847
-893
-844
-812
-774
-837
-890
-975
-1080
-1142
-1297
-1507
-1502
-1252
-1111
-1056
-1015
-1074
-1091
-982
-585
-173
88
492
1096
1453
1489
1651
1807
1820
2026
2372
2594
2716
2864
2996
2951
2629
2304
2055
1725
1336
1135
884
261
-213
-361
-663
-958
-1038
-1197
-1415
-1408
-1337
-1379
-1398
-1301
-1116
-979
-1025
-975
-769
-612
-339
-41
-15
-136
-85
-43
-139
-315
-572
-869
-908
-829
-779
-771
-1104
-1521
-1689
-1995
-2298
-2149
-2045
-2134
-1924
-1581
-1538
-1381
-1138
-945
-613
-167
449
1203
1695
1852
2212
2427
2455
2672
2930
2984
3196
3455
3624
3671
3354
2835
2344
1801
1222
910
572
1
-345
-465
-847
-1222
-1518
-1982
-2284
-2380
-2309
-2187
-2113
-1951
-1552
-1196
-1089
-870
-755
-726
-457
5
402
591
663
615
484
250
6
-167
-417
-715
-779
-816
-993
-1177
-1374
-1663
-1932
-2167
-2355
-2435
-2394
-2206
-1901
-1649
-1354
-1003
-743
-361
330
1132
1643
2046
2415
2723
3014
3206
3329
3439
3487
3633
3911
4133
4075
3795
3305
2588
1865
1380
830
243
-28
-258
-647
-956
-1205
-1581
-2004
-2383
-2584
-2751
-2680
-2277
-1722
-1336
-1178
-1008
-940
-932
-755
-559
-415
-237
-9
129
227
272
196
-41
-481
-931
-1194
-1320
-1477
-1357
-1257
-1506
-1738
-1968
-2323
-2603
-2618
-2534
-2393
-1958
-1555
-1229
-826
-411
127
704
1188
1603
2039
2390
2746
3152
3405
3541
3641
3758
3817
3829
3878
3823
3566
3040
2342
1713
1140
518
78
-236
-560
-806
-959
-1261
-1685
-1907
-2223
-2484
-2447
-2276
-2089
-1915
-1668
-1325
-1104
-945
-782
-731
-693
-605
-433
-260
-258
-232
-99
-79
-267
-546
-811
-1090
-1222
-1264
-1273
-1360
-1496
-1678
-1794
-1928
-1978
-2030
-2134
-2017
-1660
-1202
-855
-429
75
641
1122
1603
2083
2427
2653
2844
3054
3186
3289
3497
3746
3871
3916
3816
3547
3033
2503
1962
1288
696
296
30
-259
-456
-602
-857
-1176
-1469
-1752
-2130
-2442
-2535
-2434
-2279
-1973
-1633
-1385
-1200
-1043
-943
-895
-749
-570
-425
-318
-208
-104
-83
-88
-202
-435
-704
-1025
-1180
-1191
-1154
-1105
-1136
-1303
-1466
-1632
-1765
-1820
-1757
-1636
-1569
-1291
-890
-485
135
789
1236
1578
1889
2065
2209
2437
2667
2810
2920
3120
3371
3650
3772
3795
3520
2934
2343
1768
1227
690
302
-15
-341
-493
-485
-562
-855
-1206
-1715
-2170
-2339
-2341
-2281
-2187
-1953
-1669
-1383
-1107
-855
-802
-910
-1004
-993
-797
-590
-432
-361
-286
-228
-231
-337
-571
-712
-785
-871
-1012
-1141
-1230
-1224
-1263
-1354
-1427
-1573
-1662
-1587
-1449
-1292
-1144
-791
-226
333
860
1346
1750
2028
2157
2374
2574
2619
2736
2946
3177
3371
3568
3638
3606
3300
2806
2373
1758
1143
800
406
-124
-476
-569
-620
-731
-926
-1233
-1674
-2079
-2269
-2347
-2339
-2277
-2179
-2024
-1691
-1317
-1064
-962
-897
-824
-823
-822
-762
-754
-697
-590
-504
-494
-577
-603
-588
-645
-776
-865
-1003
-1221
-1349
-1490
-1633
-1732
-1662
-1501
-1327
-1021
-762
-495
-214
228
693
1071
1495
1966
2363
2666
2822
2893
2984
3222
3547
3688
3846
3913
3781
3593
3226
2753
2171
1567
1121
723
276
-106
-325
-569
-839
-1052
-1291
-1658
-1992
-2148
-2231
-2209
-2190
-2174
-2221
-2186
-2004
-1796
-1591
-1430
-1260
-1165
-1128
-1032
-898
-868
-846
-802
-873
-929
-931
-963
-1089
-1138
-1054
-988
-1055
-1193
-1407
-1615
-1699
-1661
-1500
-1331
-1073
-689
-336
-53
304
688
1006
1384
1936
2402
2646
2832
2991
3119
3234
3452
3660
3676
3668
3677
3536
3291
2963
2585
2125
1506
909
374
-64
-408
-602
-903
-1224
-1441
-1609
-1776
-1911
-1989
-2187
-2349
-2368
-2297
-2306
-2235
-2056
-1920
-1740
-1500
-1328
-1312
-1218
-1088
-996
-993
-939
-950
-992
-1036
-990
-920
-913
-834
-778
-783
-839
-947
-1053
-1058
-1092
-1029
-909
-772
-572
-273
93
362
707
1069
1384
1756
2145
2498
2750
2982
3132
3188
3238
3337
3377
3357
3342
3265
3138
2989
2822
2384
1937
1462
891
416
110
-247
-656
-934
-1186
-1401
-1549
-1650
-1858
-2010
-2064
-2135
-2188
-2253
-2294
-2274
-2179
-2058
-2006
-1969
-1845
-1668
-1545
-1322
-1144
-1106
-1056
-993
-960
-915
-867
-888
-966
-934
-895
-908
-895
-875
-850
-815
-715
-574
-475
-365
-307
-221
18
326
592
919
1277
1551
1826
2120
2444
2683
2940
3153
3181
3113
2998
2926
2874
2910
2948
2813
2673
2410
2023
1652
1315
945
513
87
-302
-670
-977
-1229
-1524
-1733
-1799
-1853
-1924
-1922
-1990
-2169
-2216
-2160
-2231
-2310
-2273
-2249
-2172
-2001
-1805
-1657
-1523
-1398
-1230
-956
-834
-851
-840
-827
-813
-794
-755
-763
-802
-693
-496
-317
-189
-29
117
183
395
647
694
738
861
962
1130
1449
1713
1954
2144
2400
2646
2764
2846
2860
2723
2573
2439
2375
2286
2140
1938
1771
1660
1452
1214
920
557
191
-118
-446
-811
-1124
-1461
-1766
-1963
-2084
-2185
-2265
-2307
-2239
-2216
-2289
-2287
-2278
-2330
-2327
-2264
-2228
-2269
-2190
-1979
-1707
-1369
-1091
-863
-720
-576
-418
-272
-134
-104
-113
-60
-35
71
293
538
731
868
1013
1037
1108
1230
1325
1364
1450
1491
1482
1545
1609
1723
1886
2038
2130
2155
2170
2146
2061
2075
1993
1853
1723
1544
1343
1204
1086
968
774
600
388
151
-95
-389
-676
-973
-1267
-1532
-1738
-1903
-2010
-2063
-2030
-1948
-2018
-2107
-2178
-2223
-2183
-2164
-2194
-2156
-2074
-2050
-1906
-1711
-1474
-1212
-975
-746
-497
-267
-80
6
78
257
347
425
640
794
910
1030
1092
1159
1174
1217
1349
1409
1394
1389
1300
1192
1103
1074
1044
968
978
1061
1081
1119
1224
1252
1205
1131
1067
998
913
867
786
766
732
635
621
478
333
249
38
-238
-431
-619
-801
-970
-1140
-1373
-1674
-1907
-2045
-2054
-2075
-2082
-2128
-2287
-2379
-2250
-2151
-2014
-1922
-1900
-1780
-1671
-1475
-1193
-871
-661
-383
-94
114
344
635
820
937
1117
1265
1391
1517
1633
1623
1611
1543
1482
1414
1331
1274
1173
1066
937
817
780
701
646
638
584
656
742
839
895
906
939
916
895
912
969
1028
1104
1058
1026
959
888
834
737
580
354
142
-75
-361
-659
-910
-1160
-1446
-1689
-1853
-2012
-2144
-2224
-2287
-2361
-2388
-2370
-2301
-2193
-2116
-1954
-1817
-1632
-1389
-1134
-853
-537
-232
36
298
570
847
1105
1279
1330
1368
1391
1389
1401
1437
1386
1316
1250
1123
1015
854
652
477
321
223
153
82
-93
-98
-26
46
90
156
181
153
178
258
485
678
842
1015
1118
1140
1185
1196
1151
1071
944
808
665
492
340
68
-258
-517
-800
-1035
-1268
-1462
-1687
-1980
-2189
-2312
-2368
-2327
-2334
-2288
-2206
-2079
-1903
-1621
-1274
-992
-739
-544
-348
-89
212
509
843
1037
1155
1206
1278
1346
1376
1453
1392
1315
1213
1109
981
838
672
438
202
29
-88
-228
-326
-331
-304
-250
-180
-156
-76
-13
0
107
217
275
400
575
707
876
1114
1274
1277
1252
1264
1145
1090
1057
872
645
440
270
35
-212
-453
-693
-960
-1239
-1466
-1618
-1807
-1902
-1933
-1949
-1952
-1912
-1772
-1565
-1377
-1210
-1009
-780
-524
-198
115
343
607
830
1102
1321
1458
1493
1418
1376
1395
1334
1283
1229
1076
931
756
629
469
227
12
-147
-282
-403
-460
-494
-585
-594
-547
-437
-370
-197
-54
28
182
281
413
536
641
657
672
699
698
718
672
659
633
536
437
265
44
-146
-361
-626
-821
-1001
-1107
-1198
-1300
-1331
-1357
-1433
-1460
-1387
-1299
-1215
-1106
-1026
-947
-807
-558
-274
19
282
423
579
717
886
971
1042
1049
940
856
777
700
617
534
450
377
247
109
-39
-166
-262
-303
-333
-354
-441
-479
-460
-429
-372
-328
-254
-191
-49
144
335
443
475
453
412
373
323
282
220
178
74
19
41
2
-80
-172
-266
-350
-479
-642
-686
-664
-726
-755
-734
-684
-642
-515
-341
-258
-163
-101
-21
119
271
358
416
472
563
695
869
939
932
908
792
812
828
800
701
604
496
386
251
140
146
84
76
61
49
100
142
190
267
276
242
186
183
288
338
390
444
446
481
513
407
342
315
159
8
-89
-263
-451
-548
-684
-783
-944
-1097
-1135
-1204
-1159
-1120
-1105
-1090
-1147
-1171
-1106
-1033
-950
-827
-685
-510
-308
-103
58
160
285
425
569
684
756
757
751
776
769
782
745
617
470
377
316
320
289
185
79
-13
-91
-84
-97
-114
-98
-119
-77
-23
54
168
175
209
260
309
389
448
517
540
568
566
538
513
414
314
188
-4
-135
-220
-291
-440
-634
-838
-986
-1099
-1215
-1244
-1292
-1345
-1324
-1288
-1260
-1238
-1191
-1137
-1063
-951
-829
-643
-445
-193
68
190
340
501
559
642
776
894
942
959
1003
978
976
989
903
856
774
653
570
507
468
464
403
273
204
112
73
51
34
95
114
137
211
292
387
386
431
577
662
699
741
700
619
655
642
639
587
471
351
234
72
-67
-196
-388
-555
-747
-857
-936
-1030
-1073
-1090
-1109
-1205
-1285
-1325
-1272
-1229
-1164
-1024
-915
-856
-686
-488
-350
-247
-94
86
216
404
515
591
674
706
744
824
874
870
824
760
738
660
594
558
588
552
456
331
213
140
103
98
108
107
87
94
95
183
236
236
239
230
261
340
360
390
347
287
255
250
305
274
268
195
48
-29
-214
-388
-452
-552
-687
-752
-829
-939
-1055
-1166
-1236
-1293
-1321
-1336
-1272
-1249
-1172
-1093
-1058
-925
-808
-680
-515
-386
-301
-159
-65
79
245
300
384
429
443
486
531
521
568
562
533
457
418
395
303
298
362
337
272
260
193
170
170
162
215
285
318
321
377
444
526
577
630
681
687
714
738
737
719
718
684
534
440
334
254
174
50
-53
-130
-219
-299
-356
-497
-632
-771
-797
-765
-761
-745
-736
-767
-788
-695
-608
-576
-454
-346
-279
-249
-198
-141
-130
-55
35
118
141
168
219
268
321
343
294
221
128
82
105
64
78
95
85
118
178
188
197
278
256
202
187
230
250
249
300
366
421
473
532
604
665
752
808
815
803
798
704
549
463
367
275
161
95
24
-56
-129
-249
-313
-387
-468
-547
-585
-584
-621
-677
-675
-660
-675
-638
-583
-585
-576
-550
-539
-506
-455
-482
-476
-418
-364
-267
-257
-282
-282
-272
-239
-223
-242
-274
-384
-419
-392
-458
-467
-451
-442
-401
-377
-360
-274
-213
-102
58
97
131
164
204
224
215
306
397
462
547
650
709
734
712
689
692
650
579
526
507
463
425
399
332
268
232
223
182
204
140
9
25
35
27
13
-44
-116
-140
-134
-99
-71
-73
-108
-125
-127
-88
-119
-177
-197
-194
-186
-196
-222
-223
-159
-180
-195
-249
-360
-408
-451
-431
-383
-340
-312
-321
-275
-155
-80
-28
17
44
103
115
141
215
311
342
334
356
372
375
407
436
487
523
523
523
444
371
316
270
233
189
129
100
125
84
54
100
136
147
166
201
218
204
159
123
47
41
94
76
110
166
161
135
85
31
-3
-136
-215
-252
-282
-350
-391
-413
-494
-524
-537
-562
-603
-603
-590
-541
-506
-463
-430
-485
-512
-436
-347
-238
-114
-43
47
107
135
193
207
200
180
165
172
162
187
193
172
139
134
73
18
-12
-54
-97
-136
-178
-249
-269
-279
-250
-222
-192
-98
-40
26
93
88
85
135
152
271
343
374
440
445
403
389
441
401
336
327
332
272
194
111
13
-119
-174
-273
-390
-473
-462
-416
-433
-415
-442
-395
-380
-335
-304
-298
-295
-258
-235
-122
6
52
128
225
270
277
282
204
181
153
190
245
207
192
196
157
122
42
-75
-135
-172
-157
-132
-127
-126
-191
-237
-223
-223
-234
-231
-181
-86
22
86
106
181
232
264
385
496
536
596
613
653
703
650
598
563
510
467
385
315
230
145
74
29
-7
-63
-111
-166
-180
-192
-227
-289
-295
-261
-246
-225
-230
-183
-135
-84
-4
54
84
124
217
268
327
346
287
253
254
268
205
112
11
-90
-145
-192
-233
-223
-312
-431
-468
-564
-600
-613
-647
-630
-624
-643
-644
-575
-473
-367
-263
-202
-183
-183
-160
-72
-12
72
147
192
274
332
371
343
304
278
239
230
196
130
123
106
83
53
9
-109
-144
-151
-161
-165
-156
-152
-155
-112
-133
-128
-125
-63
-21
-35
62
101
86
129
203
229
252
197
177
196
141
100
42
17
-31
-1
-39
-117
-221
-355
-426
-450
-399
-400
-383
-416
-388
-352
-330
-308
-319
-258
-151
-57
37
130
119
124
186
212
267
320
361
421
494
560
559
552
555
569
544
503
423
412
361
315
274
194
97
56
40
23
64
-21
-35
-5
22
39
37
-12
-72
-66
-4
83
73
95
144
156
215
241
274
288
194
188
160
133
69
10
-62
-125
-189
-241
-285
-311
-254
-203
-198
-255
-296
-321
-317
-308
-284
-253
-241
-231
-214
-177
-81
-41
-1
-2
-8
13
20
21
28
65
65
70
84
77
118
124
94
119
86
18
-12
25
-8
-69
-81
-122
-149
-171
-180
-203
-241
-259
-190
-139
-120
-73
-44
10
5
29
41
7
18
46
78
90
44
60
69
40
91
98
75
57
84
66
17
31
0
-64
-99
-99
-138
-187
-232
-263
-245
-255
-232
-247
-256
-219
-205
-177
-207
-249
-252
-236
-190
-177
-157
-149
-121
-98
-66
-55
-34
-31
-17
43
26
8
58
59
61
100
86
88
81
95
62
41
61
58
51
98
146
97
96
127
145
182
223
225
198
191
190
256
322
341
362
382
438
460
438
432
367
357
309
281
270
257
250
240
241
226
219
136
87
70
30
13
-33
-31
-43
-36
-79
-115
-140
-147
-161
-160
-161
-237
-221
-207
-198
-180
-128
-149
-155
-140
-132
-113
-118
-111
-100
-97
-48
-63
-42
-53
-135
-117
-79
-73
-74
-15
-34
-60
-49
-38
-62
-55
11
-4
-18
34
46
26
58
84
143
215
183
165
223
212
184
165
175
201
190
193
169
111
51
12
-27
-68
-102
-139
-168
-200
-229
-239
-280
-329
-377
-409
-372
-419
-421
-431
-445
-418
-399
-401
-384
-368
-377
-350
-376
-364
-332
-338
-301
-259
-217
-193
-133
-92
-57
-46
-37
-30
-61
-39
9
60
79
111
140
189
187
240
261
285
304
297
307
288
308
347
412
469
507
490
483
426
393
378
398
364
344
357
304
334
298
259
241
164
129
91
49
42
32
12
-25
-91
-172
-225
-245
-203
-191
-205
-267
-267
-186
-251
-247
-265
-331
-365
-367
-338
-278
-237
-252
-263
-246
-228
-157
-129
-72
10
16
34
58
67
98
154
164
220
229
230
332
358
411
433
447
453
435
417
448
437
381
385
382
354
357
346
288
320
324
329
317
275
190
120
66
61
94
24
57
63
13
-67
-172
-233
-317
-413
-409
-400
-443
-457
-459
-435
-411
-395
-437
-472
-513
-547
-561
-527
-475
-452
-453
-467
-480
-469
-474
-458
-413
-396
-421
-420
-424
-401
-309
-286
-207
-79
-11
43
65
97
116
126
192
251
260
285
333
332
385
386
343
347
337
299
288
342
292
255
240
271
296
246
218
191
190
158
170
177
193
228
220
155
151
159
63
66
33
18
37
8
10
3
13
-42
-85
-109
-182
-192
-174
-195
-260
-300
-337
-387
-400
-365
-362
-339
-325
-343
-360
-364
-359
-360
-276
-177
-92
-72
-90
-70
-11
34
74
177
247
255
285
304
312
365
345
363
422
421
430
430
442
421
403
400
393
371
367
383
351
290
239
263
258
231
261
263
234
225
189
125
125
128
96
109
128
125
86
75
49
38
54
-37
-96
-148
-191
-237
-282
-336
-375
-429
-465
-465
-464
-463
-520
-477
-483
-530
-548
-563
-509
-413
-375
-348
-314
-312
-274
-235
-153
-58
-42
-15
17
75
110
130
146
129
141
175
156
112
117
127
178
166
139
141
103
56
72
99
120
159
117
132
180
171
172
209
226
265
267
232
212
190
205
167
182
163
116
110
64
12
-41
-60
-155
-187
-171
-201
-248
-277
-276
-351
-398
-409
-452
-439
-464
-488
-494
-422
-433
-463
-423
-424
-379
-354
-304
-251
-189
-125
-48
6
20
-16
-43
-17
41
64
67
73
93
152
238
273
285
294
292
313
299
318
320
340
381
383
406
424
427
437
459
451
428
430
449
468
497
511
468
390
356
361
341
344
336
252
202
141
51
4
-6
-46
-125
-164
-241
-292
-293
-337
-358
-363
-413
-422
-413
-385
-318
-340
-350
-290
-277
-282
-250
-214
-204
-198
-208
-149
-142
-119
-73
-86
-14
-15
-41
-21
13
44
100
75
44
46
50
57
57
70
64
31
45
125
162
198
217
156
162
210
201
176
184
197
177
180
191
227
279
285
251
171
109
48
-61
-92
-69
-104
-166
-237
-269
-298
-354
-336
-344
-356
-331
-309
-328
-335
-343
-361
-388
-455
-425
-389
-352
-315
-240
-196
-168
-162
-120
-70
-75
-2
42
47
36
32
66
68
72
93
78
45
86
55
22
45
21
17
10
-13
47
101
46
125
170
155
193
229
283
327
302
339
389
341
358
406
412
409
376
321
266
239
206
150
137
114
83
47
-13
-86
-146
-171
-216
-231
-198
-231
-278
-262
-207
-247
-240
-205
-201
-117
-87
-75
-67
-83
-73
-72
-75
-57
-65
-35
17
38
60
63
59
113
111
87
107
106
54
-5
17
-22
-24
-54
-60
-46
-64
-50
-49
-31
2
39
68
97
133
163
177
186
171
178
204
246
301
305
257
256
236
176
100
81
62
-2
-34
17
-7
-74
-122
-118
-106
-162
-207
-237
-235
-222
-225
-180
-148
-174
-140
-125
-112
-88
-72
-110
-84
-7
29
32
27
29
19
-7
-36
-3
-44
-74
-65
-69
-69
-88
-77
-98
-83
-50
-89
-92
-131
-145
-229
-211
-165
-166
-128
-111
-44
-26
-27
-16
-1
6
33
109
137
97
129
149
154
179
184
152
76
57
62
31
28
44
50
22
-12
-9
-2
-39
-58
-53
-124
-189
-125
-107
-57
5
6
32
-7
34
108
115
100
103
67
94
132
96
94
115
59
58
125
120
80
62
27
17
-29
-60
-83
-102
-106
-130
-151
-166
-116
-114
-101
-17
-24
-38
-40
-72
-40
-31
-34
-28
-32
27
95
152
143
155
140
95
63
50
41
59
79
95
69
72
93
91
68
-6
-4
-57
-51
8
3
7
-9
-46
-8
8
12
42
8
20
53
30
76
106
93
89
85
110
78
32
35
36
4
35
19
26
84
44
-20
-17
-45
-80
-37
-12
37
-6
-64
-49
-87
-69
-37
-53
-32
-26
-51
-31
-50
-33
-4
-23
-24
-12
-12
-28
-61
-73
-52
-28
11
-8
-52
-39
-72
-77
-50
-34
-28
-56
-69
-52
-85
-107
-90
-80
-62
-40
-49
-68
-49
-39
8
13
-13
1
-11
-34
-20
-7
7
6
-6
30
10
-25
-25
-26
-24
-16
18
34
22
-5
-38
-55
-55
-60
-41
-40
-28
-25
-59
-50
-56
-82
-70
-19
-35
-16
-13
31
119
162
174
179
150
131
115
114
102
96
118
100
89
76
62
48
60
82
91
55
55
36
-27
-40
-52
-53
-43
2
0
-4
-44
-77
-38
-47
-45
-39
-43
-73
-45
1
-44
-53
-78
-76
-24
-24
11
42
40
74
58
23
0
-25
-1
35
55
72
45
24
55
42
23
2
17
8
7
48
46
10
35
63
52
53
49
7
9
12
31
54
53
39
27
38
52
51
22
19
-6
-5
14
11
13
10
-34
-64
-44
-42
-76
-96
-92
-64
-50
-68
-103
-120
-131
-122
-82
-57
-87
-89
-93
-92
-84
-68
-16
35
42
49
45
2
-6
24
34
62
77
18
12
15
8
26
3
20
6
-29
-29
-19
-38
-15
4
-6
9
-27
-67
-73
-47
-39
-30
-7
2
17
13
-37
-32
-29
1
8
25
63
43
51
51
38
53
58
32
25
1
-2
-5
-57
-37
-36
-21
5
5
-18
-65
-55
-59
-40
-66
-50
-33
-30
1
0
-17
-2
25
15
29
37
48
39
46
94
94
81
100
84
50
50
51
10
26
14
17
36
36
24
10
-20
-13
0
-11
2
21
29
17
46
28
60
102
105
80
82
65
61
86
79
85
74
104
88
82
85
48
49
31
13
27
-21
-68
-84
-94
-76
-54
-77
-91
-109
-167
-157
-138
-169
-158
-163
-148
-122
-133
-107
-100
-112
-111
-97
-74
-72
-57
-58
-44
-1
23
46
14
-21
10
27
49
67
102
81
52
60
43
34
41
36
49
55
70
70
49
21
34
56
42
75
108
114
101
80
63
81
59
85
77
43
29
-27
-19
-26
-14
-48
-44
-19
-54
-60
-77
-76
-65
-69
-104
-132
-151
-155
-153
-135
-108
-126
-105
-91
-74
-37
-40
-38
-23
-19
-5
16
7
21
56
74
120
137
130
106
75
57
59
73
66
54
56
60
53
46
39
32
26
26
10
20
23
-15
-8
0
-23
-40
-32
-29
-3
32
59
45
27
54
47
39
32
-7
-25
-62
-70
-72
-97
-103
-99
-101
-104
-97
-109
-105
-92
-99
-84
-61
-45
0
18
26
48
29
4
-7
34
48
52
66
57
66
86
91
93
103
86
85
105
123
120
85
61
33
22
26
33
27
48
70
32
53
60
24
8
37
34
10
33
10
17
29
28
27
35
53
34
26
32
51
15
18
27
16
5
-12
-34
-33
-23
-51
-68
-96
-138
-138
-134
-137
-129
-116
-106
-112
-120
-128
-150
-137
-110
-105
-100
-86
-77
-73
-43
-38
-30
-2
-15
-22
-28
-7
8
19
19
17
43
57
57
51
28
36
61
47
61
49
39
26
0
24
38
48
72
60
37
28
12
13
37
42
46
43
15
-5
-37
-9
-12
-18
-9
-16
-10
-6
-20
-60
-70
-68
-51
-58
-52
-38
-34
-50
-70
-54
-36
-36
-21
-14
-32
-27
-14
5
40
63
41
26
28
35
80
103
92
120
114
110
122
94
93
89
53
69
73
57
45
47
74
57
37
30
18
11
3
-1
-2
-25
-36
-23
-6
-9
0
-19
-44
-32
-21
-22
-6
-17
-48
-53
-43
-23
-19
-14
-4
-3
-13
-26
-43
-34
-39
-62
-51
-35
-46
-21
2
-4
1
1
-20
-37
-10
-4
-2
-14
-9
-8
-11
20
-8
-35
-37
-36
-24
5
6
17
36
33
21
14
19
18
39
38
35
32
26
30
51
65
46
27
9
-1
-4
10
20
18
21
9
28
19
-6
-9
-16
-23
-28
-40
-50
-34
-49
-48
-43
-45
-53
-71
-74
-70
-81
-63
-55
-56
-48
-49
-37
-50
-41
-38
-51
-55
-48
-28
-25
-16
-13
-3
-2
6
9
-1
7
8
19
31
29
28
19
18
27
35
50
46
59
49
30
19
23
48
70
82
91
98
95
95
72
56
45
33
20
11
11
-11
-26
-18
10
8
10
22
24
6
-20
-17
-37
-45
-32
-38
-49
-53
-51
-32
-13
-15
-14
-21
-33
-35
-32
-18
-20
-32
-43
-44
-62
-66
-52
-59
-40
-19
1
2
2
10
18
22
18
20
24
15
22
41
46
38
46
56
59
61
59
57
37
39
38
35
38
37
27
41
50
54
70
46
43
36
21
3
16
38
42
33
33
33
4
-4
-2
-5
0
-8
-5
6
13
5
0
-21
-45
-54
-44
-40
-35
-26
-12
-22
-46
-58
-60
-50
-51
-65
-62
-64
-80
-73
-59
-58
-56
-47
-33
-31
-20
-26
-44
-58
-35
-9
-1
8
9
8
-6
-6
-13
-23
-19
-10
-9
1
8
15
20
39
43
43
20
3
12
11
17
17
13
-11
-25
-22
-6
11
7
3
6
4
1
-3
-8
-8
-9
-8
-6
3
-18
-46
-27
-35
-40
-30
-23
-10
-9
-16
-3
-3
-32
-33
-19
-14
5
12
25
24
14
29
23
26
35
50
64
60
49
39
45
65
83
93
90
91
91
89
94
84
72
60
57
47
27
16
6
0
14
16
12
5
3
-8
-1
-14
-22
-30
-25
-15
-14
-19
-26
-14
-18
-11
-25
-21
-33
-40
-26
-21
-6
8
4
-4
-4
-15
-34
-30
-24
-25
-21
-26
-21
-39
-48
-35
-42
-34
-33
-41
-29
-28
-28
-7
-1
-14
-20
-34
-23
-16
-10
4
-6
5
-5
-18
-2
-1
2
13
21
12
4
-3
-13
-9
-5
-4
2
-7
-2
-6
-18
-15
-20
-13
-9
1
11
10
8
12
19
26
31
30
21
5
-8
-19
-3
8
18
25
20
2
-15
-6
-13
-41
-51
-49
-59
-57
-38
-21
-21
-25
-32
-30
-38
-45
-42
-39
-41
-46
-30
-29
-28
-21
0
13
12
12
17
-2
-18
-13
-7
-12
10
33
29
25
28
25
36
39
57
79
72
68
48
44
48
48
44
46
38
37
49
44
50
65
73
78
69
69
60
52
42
32
32
19
15
9
20
13
-5
-4
8
3
-5
-10
-23
-37
-27
-14
-19
-15
-14
-18
-21
-6
-4
-6
3
6
11
7
2
1
0
4
5
12
12
8
9
5
11
-2
-8
-8
-33
-41
-36
-30
-15
-12
-11
-20
-36
-33
-38
-30
-17
-18
-8
-7
-13
-26
-28
-30
-25
-8
-11
-7
-2
-5
-17
-16
-17
-16
-22
-35
-36
-38
-28
-14
-7
-4
-16
-29
-29
-24
-11
-16
-19
-17
-24
-21
-12
-16
-16
-15
-19
-16
-15
-9
-9
-12
-6
-10
-13
-9
-4
1
2
-12
-24
-27
-37
-28
-18
-23
-35
-42
-35
-28
-19
-7
-7
-17
-15
-8
-15
-16
3
10
18
25
21
33
44
45
44
41
58
58
59
63
65
63
58
52
45
40
29
44
50
45
43
42
37
30
30
23
24
41
29
30
27
10
22
17
15
4
-9
-8
-11
-13
-7
8
7
11
29
11
-9
-5
3
0
-16
-9
-14
-29
-13
-14
-11
-1
-10
-11
-7
-5
-9
-21
-19
-26
-23
-8
-11
-6
-6
-7
-17
-10
-10
3
17
18
15
1
-2
-13
-13
5
10
-3
-4
-11
-9
-12
-21
-15
-11
-13
-17
-21
-15
-15
-4
12
21
33
28
17
-7
-10
-1
2
3
2
0
0
7
8
15
24
22
22
19
5
5
-6
-11
-7
-20
-31
-31
-32
-37
-39
-25
-22
-37
-35
-34
-30
-35
-49
-44
-36
-36
-30
-19
-28
-38
-30
-23
-21
-16
-23
-14
-11
-14
-7
-6
3
7
-1
0
11
7
7
14
22
22
16
16
20
19
19
23
18
23
37
47
53
46
41
36
15
17
19
16
8
-4
9
15
14
8
7
4
-3
-4
-2
-10
-12
-6
-13
-11
-14
-24
-24
-21
-26
-20
-8
-9
-5
4
11
7
5
13
9
10
2
9
2
13
20
15
21
10
11
18
10
12
20
11
3
9
15
12
6
5
4
2
0
4
2
4
21
27
13
9
2
-7
0
3
-13
-12
-10
-6
-1
-2
-3
1
6
14
28
26
21
11
2
10
2
9
10
10
13
7
11
8
7
14
10
4
-7
-11
-18
-14
-7
-5
1
-4
-15
-22
-25
-27
-19
-10
-5
-5
-7
-19
-23
-21
-14
-10
-18
-23
-30
-35
-31
-21
-14
-10
-10
-18
-19
-8
1
-2
-8
-10
-15
-17
-10
-5
0
5
7
3
10
4
1
8
5
10
5
8
8
7
4
-1
11
17
17
12
0
-8
-11
-10
-3
4
7
-2
-13
-16
-24
-20
-13
-10
-6
-1
1
-5
-3
4
-3
-3
3
-9
-13
-12
-7
4
3
-3
-4
2
3
-2
2
6
9
4
8
6
7
9
6
15
17
13
13
9
12
17
9
2
0
-13
-9
-2
-2
2
-2
-3
-5
4
11
3
-3
-3
-4
-3
4
1
11
18
21
27
26
31
25
16
22
18
14
16
17
23
24
22
17
14
15
12
10
12
13
8
9
10
5
-5
0
5
7
17
19
13
12
4
-12
-16
-16
-17
-14
-10
-7
-7
-10
-21
-25
-25
-28
-27
-27
-25
-28
-29
-28
-26
-27
-19
-21
-14
-11
-20
-21
-21
-8
2
10
7
-1
0
2
14
17
9
10
9
5
-2
3
1
4
9
11
17
12
9
2
-2
-10
-13
-11
-14
-10
-5
2
-5
-8
-9
-14
-21
-29
-28
-21
-8
-12
-5
-9
-22
-24
-25
-22
-17
-22
-27
-21
-24
-18
-7
-14
-4
9
8
10
11
9
10
14
16
13
9
5
6
14
25
25
22
23
25
25
21
15
18
15
4
13
23
29
27
17
12
7
9
19
23
24
17
3
-1
0
0
7
10
10
9
1
2
8
13
9
6
3
3
-1
-13
-8
-2
-3
6
5
4
8
-3
-11
-8
-2
-2
-6
-8
-9
-4
-5
2
0
-1
5
1
-6
-7
-8
-7
-3
5
1
-6
-11
-8
-1
-2
-7
-11
-4
-3
7
5
-1
3
-3
-9
2
6
9
13
12
15
18
11
8
15
18
32
28
19
17
8
-3
-3
1
1
8
18
15
15
4
-6
-4
0
1
-5
-15
-15
-17
-31
-27
-26
-37
-31
-25
-19
-17
-26
-32
-33
-32
-35
-33
-41
-41
-37
-33
-34
-40
-39
-40
-37
-28
-30
-30
-28
-23
-12
-7
-7
-11
-15
-19
-14
-8
1
3
8
1
-6
-3
-4
6
15
28
27
22
18
21
29
29
28
16
7
7
16
23
24
28
25
26
29
35
44
48
49
48
43
28
28
23
30
40
32
31
26
28
27
28
37
30
24
22
16
25
27
20
21
16
9
10
13
9
6
-6
-4
0
-8
-8
-10
-11
-17
-22
-26
-22
-14
-7
-8
-10
-20
-28
-26
-33
-26
-23
-29
-39
-34
-34
-33
-29
-32
-30
-22
-17
-22
-24
-21
-19
-14
-12
-12
-12
-14
-6
0
-1
1
7
8
6
13
12
7
5
-1
7
9
2
3
6
15
18
17
15
8
7
14
13
14
14
4
2
1
-6
-11
-20
-22
-13
-8
-9
-8
-6
-7
3
5
4
4
-1
2
-3
-9
-11
-7
-11
0
3
0
0
-5
-5
-5
-2
-2
1
4
7
4
9
-1
-10
-3
-6
-10
-9
-9
-2
-3
-1
6
-3
-12
-9
-11
-10
-9
-13
-11
-11
-17
-16
-13
-11
-8
-2
1
11
6
-1
3
-1
-7
-1
2
4
11
5
5
10
7
8
17
17
17
22
21
14
15
19
16
14
16
14
13
17
20
16
16
20
16
11
6
7
10
7
7
10
10
5
10
8
1
3
-4
-6
-1
-6
-8
-2
-4
-3
-8
-7
-9
-11
-7
-2
4
4
14
12
3
4
8
6
-1
-3
-4
1
0
1
8
12
9
7
11
5
-4
-5
-3
-9
-8
0
0
1
8
8
8
3
3
3
7
6
1
-1
-11
-12
-10
-7
-8
-9
-7
-12
-13
-20
-18
-18
-19
-10
-6
-7
-7
-3
-10
-15
-20
-23
-23
-26
-22
-13
-14
-12
-8
-4
-1
-2
5
7
4
3
-1
-1
4
-5
-2
9
8
10
10
5
1
3
3
3
5
3
-1
-2
1
3
7
8
1
-1
-3
-7
-8
-7
-9
-8
0
5
9
8
6
4
0
2
-2
-6
-8
-12
-14
-14
-9
-7
-8
-12
-13
-13
-10
-6
-8
-9
-6
-11
-12
-12
-21
-20
-13
-8
-3
-2
-1
1
-2
-3
4
4
2
4
8
6
8
6
1
3
6
10
19
23
18
14
13
18
16
21
26
25
21
20
26
24
27
26
26
21
14
19
21
19
21
25
24
21
21
13
12
14
15
20
19
13
12
6
4
5
1
0
3
-1
0
0
-3
-3
-1
-1
-1
-6
-9
-18
-24
-22
-18
-11
-9
-5
-2
-4
-4
-1
-4
-9
-8
-6
-3
-7
-7
-5
-7
-1
-1
-8
-7
-10
-20
-13
-7
-5
4
1
-2
-1
-1
-1
-9
-17
-18
-17
-18
-18
-22
-16
-17
-18
-10
-9
-15
-19
-16
-16
-11
-13
-15
-18
-20
-21
-26
-26
-27
-24
-23
-15
-13
-8
-4
-3
-3
-3
-6
-6
-6
-9
-11
-14
-16
-16
-11
-11
-7
-4
3
7
9
12
13
9
11
13
16
15
12
18
17
14
16
18
13
16
24
22
22
21
20
22
18
19
24
16
11
17
22
20
14
8
4
5
12
15
18
19
17
19
19
13
2
5
3
0
6
7
6
7
6
4
7
10
8
4
2
1
3
2
1
1
1
-2
-6
-10
-13
-12
-15
-14
-10
-4
-1
-1
-3
-10
-10
-7
-7
-4
-7
-8
-12
-13
-9
-7
-6
-1
1
-1
0
3
5
7
6
10
10
11
5
2
6
3
-2
-1
-2
0
6
6
2
2
3
4
1
4
4
0
-2
-6
-3
-2
-5
-7
-7
-5
-6
-7
-7
-6
-8
-9
-13
-15
-17
-17
-12
-6
-4
-9
-12
-10
-7
-5
-12
-17
-19
-18
-15
-4
-4
-5
-8
-15
-10
-8
-8
-8
-5
2
-7
-5
-4
-14
-21
-12
-11
-6
-5
-9
-10
-8
-3
-8
-10
-11
-8
-15
-14
-10
-9
-5
-2
4
5
-2
-1
1
2
4
5
7
10
8
5
3
0
-5
7
19
20
20
13
5
6
9
16
18
15
16
16
18
17
19
22
29
34
33
30
26
26
25
23
22
26
23
11
16
19
16
11
11
9
10
9
6
5
3
3
7
9
7
6
2
1
-2
-4
-1
-3
0
-4
-2
-1
3
6
5
-1
-5
-2
-4
0
5
10
9
4
5
2
-2
-1
-2
-10
-11
-6
-2
-6
-8
-7
-4
0
0
5
0
-8
-12
-12
-7
-15
-15
-15
-14
-10
-8
-9
-10
-13
-14
-12
-17
-20
-21
-24
-21
-18
-20
-24
-26
-27
-20
-21
-22
-15
-13
-11
-11
-15
-17
-18
-17
-13
-14
-17
-12
-12
-13
-7
-9
-15
-16
-17
-13
-5
3
1
-4
-4
-6
-4
2
4
5
2
0
3
1
3
9
16
17
7
-2
-4
-7
0
5
5
6
-1
0
4
6
9
12
7
4
7
8
6
7
14
15
11
8
4
9
13
14
21
20
9
8
11
13
14
9
11
16
15
12
16
23
20
22
18
15
14
10
13
15
15
13
12
8
14
13
12
16
14
15
10
4
0
-2
-1
5
10
7
6
8
3
2
7
10
10
7
5
7
6
6
13
9
8
11
11
10
7
8
6
3
0
-1
-3
-4
-6
-11
-10
-7
-9
-3
-3
-5
-11
-18
-18
-16
-17
-18
-21
-16
-13
-9
-11
-14
-19
-24
-25
-21
-18
-23
-17
-14
-16
-15
-11
-15
-18
-16
-14
-13
-14
-14
-14
-11
-15
-17
-16
-15
-11
-5
-7
-9
-9
-10
-9
-13
-11
-14
-20
-21
-14
-12
-5
3
-2
-5
-9
-9
-7
-4
2
6
9
-3
-6
-5
-2
3
5
5
2
1
2
6
12
10
6
4
10
14
11
17
10
10
14
11
12
13
16
18
20
21
24
17
17
19
15
15
8
3
4
2
6
2
0
-2
0
7
8
6
1
-3
-3
-4
-3
-1
2
4
3
1
0
-1
-1
2
2
1
3
2
1
3
3
1
5
11
11
9
7
3
4
12
17
22
15
10
7
8
8
10
13
16
12
12
18
16
13
4
0
5
5
5
4
0
-1
-4
-6
-6
-6
-5
-5
-3
-5
-3
-6
-8
-7
-4
-5
-9
-8
-11
-9
-11
-9
-10
-14
-13
-18
-15
-8
-8
-6
-7
-9
-9
-10
-9
-6
-2
-4
-6
-6
-6
-8
-8
-5
-9
-8
-8
0
3
-3
-2
-5
-8
-11
-7
-5
-5
-6
-8
-9
-10
-9
-6
-3
-5
-6
-1
1
0
1
2
-2
-6
-9
-4
-2
-1
3
-2
-4
-4
-3
-1
-3
-4
-4
-3
3
13
7
11
12
5
1
-1
3
4
1
2
7
0
3
3
-4
-6
-10
-13
-13
-10
-7
-5
0
1
-2
0
1
-5
-3
-3
-4
5
6
5
9
3
5
8
10
9
7
4
4
8
7
9
11
13
11
8
6
8
10
12
14
11
5
3
1
4
5
8
5
2
7
8
9
11
4
-2
1
8
6
4
1
4
6
4
4
-3
-3
2
3
4
7
10
5
4
7
5
3
2
2
2
6
7
8
10
11
8
8
8
9
9
9
12
9
-1
-4
-7
-4
0
-1
-1
-9
-12
-7
-6
-2
0
-3
-5
-6
-15
-17
-12
-15
-13
-16
-15
-19
-23
-19
-19
-19
-18
-15
-14
-12
-12
-9
-8
-16
-14
-13
-11
-10
-10
-7
-8
-2
3
-1
-1
0
1
-2
0
0
-2
1
5
4
1
-3
-6
-5
2
5
8
7
5
3
-2
0
-1
-4
-6
-8
-10
-13
-12
-11
-4
1
-3
-2
-8
-7
-5
0
5
6
6
5
1
4
1
-3
4
8
14
11
6
6
10
11
16
16
11
10
6
7
11
16
19
21
18
17
17
17
14
13
15
17
16
17
13
9
7
10
5
0
1
0
0
3
1
-1
0
-1
0
1
3
0
-2
0
-3
-4
-1
3
2
2
-3
-4
-5
1
3
5
4
1
0
-2
-1
-6
-4
-5
-5
-3
-6
0
3
1
1
1
-3
-2
-1
-2
0
0
0
1
-2
2
2
1
-3
-10
-12
-15
-16
-13
-15
-14
-8
-13
-15
-13
-12
-16
-14
-11
-7
-5
-5
-10
-11
-6
-6
-11
-12
-9
-11
-5
-4
-7
-10
-11
-9
-8
-7
-6
-6
-6
-10
-8
-3
-5
-6
-5
0
2
0
-2
-4
-7
-2
-5
-3
0
0
4
3
7
8
4
9
5
5
6
4
9
8
6
8
6
6
8
10
12
12
10
9
11
14
12
8
9
9
2
2
7
5
3
3
2
2
0
-1
1
-2
-1
2
0
0
-2
-5
-3
2
2
-3
-3
-1
0
2
4
5
9
9
2
1
5
4
6
8
11
11
6
7
8
9
10
9
12
13
12
11
11
9
11
14
12
8
9
10
9
11
14
10
5
6
-1
-5
-3
-2
-3
4
6
3
0
-7
-5
-2
-4
-7
-8
-9
-8
-9
-7
-7
-10
-12
-11
-11
-14
-16
-10
-7
-5
2
4
3
1
1
0
-5
-6
-9
-9
-5
-5
-1
-2
1
1
2
2
2
-2
-10
-12
-10
-6
-6
-8
-12
-17
-13
-13
-14
-15
-14
-10
-11
-12
-16
-17
-13
-12
-8
-10
-10
-7
-9
-6
-6
-9
-9
-8
-10
-3
-1
-3
-4
-5
-3
-2
3
3
2
3
4
12
9
5
3
-3
-3
2
3
3
6
6
5
8
7
4
-2
-2
-1
-5
-4
0
-1
-2
-2
-4
-6
-6
-4
-4
-3
-4
-4
0
5
8
8
9
11
8
3
3
4
5
7
8
12
13
10
13
14
11
12
9
11
13
13
15
14
16
14
17
19
17
13
12
16
16
14
12
9
0
2
9
5
4
9
8
9
9
11
10
7
7
7
4
2
4
2
0
-1
0
2
0
4
5
5
4
3
-5
-4
-1
-3
0
-2
-2
-2
-4
-3
1
-3
-6
-3
-6
-5
-9
-12
-12
-13
-9
-9
-9
-10
-9
-7
-8
-11
-10
-14
-17
-19
-17
-12
-11
-9
-8
-8
-10
-11
-5
-7
-9
-8
-7
-9
-9
-6
-6
-9
-9
-7
-2
-1
-1
-1
-1
-4
-8
-9
-11
-10
-7
-5
-6
-5
0
0
4
5
0
-4
-9
-12
-9
-5
-3
-3
-2
-6
-8
-10
-9
-6
-7
-10
-6
-12
-16
-13
-13
-7
-3
-3
-1
-2
-2
-1
-2
2
5
4
2
4
2
5
2
3
10
10
11
13
6
7
11
12
15
15
12
10
8
15
19
16
18
17
16
16
17
16
17
14
17
19
13
13
15
16
18
19
12
6
9
13
13
11
8
4
6
7
7
6
8
8
3
7
11
11
6
5
5
-3
-5
-5
-4
4
5
5
6
5
4
2
2
8
6
3
6
3
-1
2
0
-1
3
-1
-3
-10
-11
-13
-10
-10
-12
-12
-12
-11
-13
-9
-13
-15
-18
-22
-22
-18
-17
-17
-17
-17
-17
-17
-14
-13
-17
-17
-15
-16
-18
-17
-15
-14
-11
-13
-9
-8
-9
-9
-7
-6
-6
-4
-5
-2
-2
-4
-4
-2
-3
-3
-6
-1
-2
-3
0
3
5
5
3
3
4
-2
0
1
2
4
4
3
2
4
2
5
4
4
7
6
7
6
6
5
6
5
1
-3
-5
-4
-5
1
3
6
5
2
-1
-3
4
6
6
7
8
6
6
5
4
8
11
8
6
5
5
8
6
5
3
1
2
8
9
10
12
11
11
11
12
12
9
9
11
11
10
7
4
4
7
7
9
12
13
8
5
6
1
0
4
4
3
0
-3
0
6
6
5
6
3
0
-2
1
-1
1
-1
0
5
3
3
2
1
3
1
0
-1
-5
-5
-4
-2
-3
-4
-7
-6
-5
-11
-12
-11
-14
-11
-5
-7
-6
-6
-7
-7
-7
-3
-4
-8
-8
-6
-9
-9
-10
-10
-12
-12
-12
-11
-10
-11
-10
-12
-11
-12
-15
-12
-10
-14
-9
-6
-7
-4
-7
-8
-9
-9
-7
-6
-4
-3
-2
-3
-3
-2
-5
-6
-5
0
6
8
5
3
3
1
2
3
3
1
3
3
1
5
2
1
-1
-3
-1
1
1
4
7
7
5
1
0
-4
-7
-3
-1
2
-1
1
6
4
3
2
0
0
2
1
3
3
3
2
6
7
8
7
8
12
12
7
6
5
8
12
11
12
11
12
13
18
20
23
19
16
16
15
17
16
17
21
21
18
18
17
18
18
14
12
6
5
6
6
4
0
-2
-3
-2
0
0
0
-4
-11
-12
-12
-12
-14
-17
-15
-10
-10
-10
-12
-12
-13
-12
-10
-6
-6
-7
-11
-10
-8
-10
-9
-9
-9
-8
-8
-7
-4
-5
-3
2
-3
-9
-12
-9
-7
-8
-4
1
-2
-7
-6
-6
-9
-7
-3
-3
-5
-6
-4
-6
-7
-11
-11
-11
-13
-11
-9
-9
-8
-8
-8
-6
-7
-5
-6
-7
-3
-4
-6
-6
-8
-6
-4
-9
-9
-7
-7
-4
0
4
5
3
-1
1
6
7
5
7
5
2
2
3
-3
1
3
2
5
8
8
7
9
10
8
6
5
3
4
6
8
10
10
9
9
11
14
14
11
13
9
8
7
8
9
7
6
8
10
9
8
7
9
9
9
11
8
6
7
8
5
2
6
6
7
10
6
1
-2
-1
-2
-3
-1
-4
-7
-8
-8
-7
-4
0
-1
-2
0
0
-3
-2
-1
-1
-1
-3
-2
-1
2
2
0
1
2
2
-1
2
3
4
2
0
0
-1
-3
3
6
4
3
1
4
1
0
1
-1
-4
-4
0
0
-1
-5
-5
-4
-2
1
0
-1
-5
-6
-5
-4
-6
-8
-6
-4
-4
-7
-8
-10
-13
-13
-8
-7
-6
-6
-7
-9
-12
-12
-7
-6
-5
-8
-9
-10
-10
-8
-6
-4
-6
-6
-5
-1
1
0
3
0
-1
-3
-6
-10
-10
-13
-9
-6
-5
-3
-1
-4
-4
-4
-4
-7
-7
-7
-6
-4
-7
-3
-1
-1
0
6
4
3
2
2
0
3
3
3
7
5
8
4
4
6
3
3
9
6
8
12
8
11
10
9
10
12
14
12
8
11
11
8
12
10
7
5
7
7
9
7
6
9
8
6
3
2
4
4
7
8
7
2
3
5
4
6
7
9
8
11
10
7
8
4
3
2
0
-1
0
1
6
8
7
6
1
-4
-3
-5
-4
-1
0
2
0
2
4
3
5
6
3
1
-5
-5
0
-3
-3
-1
-6
-2
-3
-4
-3
-5
-5
-5
-5
-4
-2
-6
-7
-8
-9
-11
-13
-9
-8
-9
-7
-9
-12
-10
-10
-10
-11
-14
-14
-12
-14
-11
-5
-7
-7
-5
-9
-9
-8
-10
-12
-15
-11
-9
-7
-5
-7
-6
-2
-5
-3
-5
-10
-13
-15
-10
-6
-1
-1
0
-3
-7
-8
-8
-6
-4
-4
-3
-1
-1
0
2
4
2
2
5
2
3
4
4
7
10
12
12
10
10
8
9
15
12
14
15
18
18
18
16
12
12
11
13
13
10
8
8
12
14
11
13
13
10
7
9
10
5
3
1
0
-1
-1
-3
1
4
5
3
1
0
-6
-8
-8
-2
-1
3
4
3
0
-4
-3
-2
1
-2
-2
-6
-2
0
4
5
7
8
3
3
3
0
0
3
0
1
3
0
1
3
4
4
2
3
2
-4
-7
-5
-8
-7
-3
3
4
5
1
-1
-1
-4
-6
-4
-4
-6
-8
-3
-1
0
-1
-2
-3
-6
-5
-6
-6
-4
-5
-4
-4
-5
-3
-1
-3
-5
-7
-10
-11
-7
-7
-8
-6
-6
-6
-6
-2
-4
-6
-6
-7
-8
-5
-5
-6
-8
-8
-8
-6
-5
-10
-7
-6
-5
-9
-10
-10
-12
-9
-10
-7
-5
-7
-3
-2
-2
-4
-2
-2
2
5
3
2
3
0
-3
-1
-2
2
3
0
3
4
2
0
4
4
4
1
1
7
7
9
13
11
10
12
7
10
10
9
10
10
10
8
8
10
12
14
12
15
15
13
11
12
12
11
12
11
13
11
10
9
7
6
5
6
7
6
7
10
8
1
0
1
-1
1
4
5
2
0
0
1
2
1
1
1
2
-2
0
-1
-4
-3
-1
0
-3
-2
-1
-3
-2
-2
-2
-4
1
1
2
1
-3
-7
-9
-10
-8
-6
-6
-7
-6
-5
-6
-4
-4
-3
-4
-6
-7
-5
-5
-6
-5
-6
-7
-7
-9
-9
-9
-14
-13
-10
-5
-2
-3
-3
-3
-7
-10
-10
-11
-11
-12
-9
-10
-10
-10
-10
-7
-6
-3
1
-1
-4
-4
-5
-8
-4
-4
-6
-3
-2
-2
-1
-4
-2
1
0
-2
0
-4
-2
-1
-1
1
-1
-3
-4
-3
0
2
1
4
3
1
1
1
0
1
4
6
5
9
8
9
10
4
7
7
5
2
6
8
2
3
9
10
8
9
8
8
7
7
7
10
9
8
10
11
11
10
8
8
8
7
7
6
4
3
3
2
3
4
-1
2
3
7
7
6
6
7
6
5
1
-3
-3
-5
0
5
4
4
1
-3
-1
1
0
1
2
2
2
0
-3
-3
-1
-1
-3
-4
-2
-2
-1
-3
-5
-4
-7
-4
-4
-3
-3
-5
-7
-4
-4
-3
-1
-2
-5
-7
-8
-5
-4
-5
-2
-4
-6
-8
-6
-5
-2
2
0
-3
-6
-3
-4
-5
-4
-2
1
3
3
0
-6
-4
-5
-5
-1
4
1
-1
-3
-4
-1
-2
-1
5
5
1
-2
-6
-2
0
0
4
-1
-6
-6
-5
-4
-1
-3
-7
-6
-7
-6
-6
-6
-6
-4
-4
-3
-3
-3
-3
-4
-5
-2
-2
-2
-6
-6
-8
-6
-5
0
1
0
-1
-4
-9
-7
-3
-1
3
3
5
1
-3
-2
1
3
5
6
5
7
4
4
10
10
9
9
6
7
11
12
14
15
13
13
15
18
18
13
10
13
13
13
13
8
8
10
13
13
11
8
7
7
7
2
0
0
-1
0
0
1
-2
-6
-3
-1
-5
-6
-7
-10
-9
-8
-9
-9
-12
-13
-12
-6
-9
-9
-7
-5
-5
-3
-2
-7
-7
-6
-2
-1
-2
-6
-3
-4
-3
0
0
2
1
0
1
1
0
-1
-1
1
2
-4
2
4
2
3
5
4
0
0
0
1
0
-3
-2
2
2
-1
-2
-4
-5
-7
-6
-3
-8
-9
-7
-5
-6
-4
-2
0
1
-5
-9
-9
-9
-7
-3
-3
-6
-8
-8
-8
-6
-6
-6
-8
-12
-8
-6
-4
-6
-2
0
-1
2
3
2
0
0
-1
1
0
5
9
8
9
7
3
0
4
3
4
5
5
4
3
4
5
3
-1
-1
4
3
2
1
3
4
7
11
12
7
6
8
4
4
4
5
5
7
9
8
6
5
7
4
5
4
2
7
6
5
6
6
1
2
2
3
0
-4
-4
0
5
4
1
-1
-3
-8
-7
-9
-9
-7
-8
-7
-6
-6
-8
-9
-9
-8
-3
-1
-3
-3
-4
-5
-2
-3
-4
-3
-1
2
-1
0
2
5
8
9
7
5
6
6
8
11
12
9
8
4
6
8
9
10
8
9
8
5
5
4
3
5
3
-2
-3
-1
-3
-2
-4
-9
-9
-8
-8
-3
-9
-11
-9
-8
-8
-12
-9
-11
-13
-13
-12
-14
-13
-13
-15
-12
-9
-14
-14
-6
-3
0
-4
-7
-5
-8
-1
3
-2
0
2
2
4
4
1
2
2
5
6
8
8
8
8
10
12
12
14
12
8
8
7
3
6
12
12
14
14
7
4
2
3
2
0
1
0
0
1
1
-1
-4
-6
-7
-6
-11
-11
-7
-3
-1
-3
-4
-4
-8
-10
-10
-8
-8
-12
-14
-12
-10
-11
-6
-6
-7
-6
-5
-5
-7
-4
-5
-3
-1
-2
-1
0
0
3
4
-1
1
7
10
10
6
9
9
6
6
8
4
5
9
12
11
11
6
6
8
7
6
4
5
2
4
6
3
7
6
5
9
6
5
2
4
7
9
5
4
4
2
2
1
0
-4
-2
-2
0
2
2
2
-1
0
4
0
-4
-1
1
2
5
5
4
4
2
1
3
2
0
0
1
0
-2
-4
-1
-4
-2
-2
-4
-3
-2
-1
0
0
-1
-3
-8
-7
-9
-12
-10
-11
-10
-10
-9
-9
-9
-11
-10
-11
-11
-11
-13
-10
-6
-6
-5
-8
-8
-7
-6
-5
-5
-2
-5
-8
-7
-5
-3
-6
-5
-3
-2
-3
-3
0
-2
-3
0
2
4
5
1
2
0
0
3
3
3
4
5
2
1
7
8
7
4
1
2
1
1
2
2
5
8
8
7
8
4
2
1
3
4
3
0
-1
2
2
0
3
3
3
6
6
5
5
4
6
7
5
5
5
0
1
3
1
6
9
9
7
2
7
4
3
7
7
9
9
6
8
7
2
-1
1
4
6
5
5
7
1
5
4
4
5
0
3
-1
-1
3
2
1
3
1
-3
-1
2
0
2
0
1
2
-2
-1
-3
-5
-4
-7
-8
-6
-3
-4
-3
-5
-3
-2
-3
-2
-4
-5
-3
-2
-4
-9
-8
-3
-2
-3
-10
-12
-12
-13
-11
-11
-8
-5
-7
-11
-9
-8
-9
-7
-4
-4
-7
-7
-9
-8
-7
-8
-4
-5
-9
-8
-6
-5
-8
-5
-4
-4
-5
-5
-3
-4
-4
-7
-5
-6
-6
-6
-8
-2
-4
0
2
-3
-3
-5
-4
-1
2
1
2
6
3
4
6
6
4
2
0
1
-1
-1
2
6
7
7
7
6
6
6
3
1
6
10
5
7
9
7
9
11
12
9
9
5
8
12
15
13
13
17
11
15
17
18
16
17
18
18
16
12
14
16
14
16
18
13
10
10
9
7
7
9
8
4
2
2
-1
-2
-2
-3
-3
-1
-1
-2
-4
-8
-7
-5
-5
-6
-10
-9
-11
-13
-9
-8
-12
-10
-11
-9
-6
-5
-6
-8
-8
-8
-6
-5
-3
-2
-7
-7
-7
-4
-6
-5
-5
-9
-7
-11
-9
-8
-11
-13
-12
-10
-9
-9
-8
-7
-9
-11
-8
-8
-6
-3
-3
-3
-6
-7
-5
-7
-9
-11
-11
-11
-9
-6
-8
-8
-11
-8
-4
-2
0
-1
-5
-8
-8
-6
-6
-4
-2
-2
-2
-4
-2
-1
0
1
3
1
1
-2
-3
0
3
6
3
3
4
4
8
9
7
7
6
3
2
1
4
8
9
10
12
8
5
4
10
9
12
12
9
13
13
11
9
8
11
10
11
15
13
12
15
17
15
17
12
9
12
12
13
15
14
15
13
10
9
9
10
10
7
3
2
3
4
4
3
2
1
0
-1
-3
-6
-4
-3
-4
-1
-2
-2
-1
-4
-5
-8
-10
-11
-12
-10
-6
-5
-6
-5
-6
-7
-12
-12
-11
-12
-13
-10
-6
-6
-6
-8
-9
-10
-6
-7
-9
-10
-10
-7
-6
-7
-3
-4
-7
-8
-7
-8
-8
-7
-5
-4
-2
-3
-5
-5
-6
-5
-8
-7
-3
-2
-1
-2
-1
-4
-3
2
5
3
0
-3
-2
-3
-4
-4
-2
-2
2
3
2
1
-2
-4
-5
-5
-6
-4
1
1
1
1
-1
-1
2
4
4
5
2
-1
-2
0
0
-3
-3
0
1
2
5
5
3
1
0
1
3
3
3
4
5
6
10
7
6
4
0
3
3
6
9
10
12
14
12
10
5
6
7
4
4
8
7
7
7
1
5
4
2
2
0
-1
2
2
1
3
1
3
2
1
5
3
1
3
0
-3
-1
-4
-6
-6
-5
1
1
-1
-3
-3
-3
0
1
3
8
9
5
2
-1
-1
1
2
6
9
9
8
3
3
4
3
1
-1
-1
3
2
3
1
-3
-3
0
-4
-5
-6
-8
-7
-4
-2
-2
-2
-1
-1
-6
-8
-9
-9
-6
-6
-5
-3
-4
-6
-5
-6
-5
-4
-4
-9
-12
-10
-11
-10
-5
-2
-3
-3
-1
-2
-5
-4
-5
-4
-4
-4
-3
-1
-4
-3
-4
-4
-2
-3
-2
-1
-2
-2
-1
-1
-2
-3
-2
0
1
1
-1
0
-1
1
3
1
2
6
9
11
10
6
5
3
2
5
6
8
10
8
5
5
7
7
9
8
5
5
0
-1
0
3
4
3
0
3
3
1
3
0
-3
-1
-3
-2
-3
-4
-5
-6
-5
-6
-5
-5
-5
-5
-3
-2
-2
-3
-4
-2
-2
-2
2
4
2
4
5
2
0
-1
1
4
6
8
10
11
10
8
6
4
3
3
4
10
10
7
7
6
5
1
2
2
2
3
1
0
2
2
4
5
5
3
0
-2
-4
-5
-4
-8
-8
-7
-7
-2
-3
-4
-5
-7
-3
-3
-5
-5
-9
-11
-9
-8
-5
-2
-5
-5
-5
-5
-1
-3
-2
-2
-6
-9
-9
-11
-9
-5
-4
0
-6
-6
-5
-5
-2
-3
-1
-2
-4
1
1
1
5
5
6
8
6
6
5
1
-1
0
-3
-4
3
5
0
2
4
1
0
-1
-4
-6
-7
-6
-4
2
2
3
3
-2
-1
1
3
1
2
0
-3
-4
-5
-4
-1
0
-3
-2
-3
-3
-1
1
-2
-3
-4
-7
-5
1
4
0
-3
-2
1
2
4
5
3
8
6
7
11
10
7
6
7
6
8
10
11
12
11
11
10
10
9
9
5
5
5
10
13
13
15
10
3
1
2
1
-2
-4
-1
-1
3
1
0
-1
-3
-4
-2
-2
-6
-9
-8
-7
-10
-12
-14
-11
-9
-8
-5
-6
-7
-7
-6
-3
-5
-6
-8
-4
-4
-5
-4
-1
-3
0
2
3
3
-3
-3
-3
0
3
3
3
4
7
7
5
4
3
1
1
1
1
1
1
4
8
10
8
1
-1
-2
-4
-1
-2
-7
-6
-6
-6
-5
-4
-3
-1
-2
-1
1
2
1
-1
-1
-4
-4
-3
0
3
3
3
-2
-1
-1
0
1
0
-1
-4
-3
-3
-3
-5
-2
3
0
-4
-3
-4
-5
-2
-3
-5
-7
-7
-6
-3
-2
-1
-6
-4
-5
-8
-7
-7
-9
-6
-3
-4
-3
-3
-1
0
0
1
-1
-1
0
1
4
4
2
4
5
3
3
2
7
5
8
12
9
8
7
5
4
5
8
7
8
11
11
8
8
6
2
5
6
7
9
5
6
9
7
4
3
2
1
3
3
6
1
0
1
2
4
3
0
2
0
1
3
1
-1
2
4
2
-1
-2
-3
1
3
2
2
-1
-4
-2
-2
-2
-1
-3
0
3
-1
-2
-2
-4
0
0
-2
-2
-3
-3
-1
-1
-4
-6
-6
-6
-5
-6
-6
-5
-6
-5
-5
-8
-8
-7
-10
-9
-8
-6
-6
-5
-2
0
-6
-7
-7
-6
-5
-6
-3
-4
-2
-2
-2
-2
-3
-5
-8
-5
-6
-4
-4
-4
-4
-3
-3
-4
-5
-5
-3
-2
0
2
0
0
2
1
1
-1
-2
2
1
1
1
-4
-5
0
1
2
3
2
-1
-1
3
2
3
3
4
5
4
1
4
8
6
7
7
8
5
2
4
5
3
0
2
3
4
6
5
7
5
6
10
9
7
4
6
7
7
6
6
6
5
7
9
12
11
5
0
-1
-2
-1
1
4
6
5
4
1
-3
-1
3
2
4
0
-2
-2
2
3
4
2
2
2
-1
-2
-5
-2
0
3
2
4
1
1
5
2
2
0
-5
-4
-5
-1
1
-2
-4
0
-1
-5
-5
-7
-6
-4
-2
-4
-4
-6
-5
-3
-2
3
2
-1
-5
-6
-9
-8
-7
-5
-5
-4
-2
-4
-5
-5
-4
-2
-3
-5
-6
-4
-1
-1
-2
0
-1
-5
-7
-9
-11
-11
-9
-7
-7
-9
-12
-11
-8
-7
-3
-2
-5
-4
-3
-3
-3
-3
-4
0
2
2
3
2
2
7
8
8
9
4
4
6
9
8
5
6
2
2
5
6
6
7
9
6
5
3
2
1
1
3
1
0
-1
-4
-3
-3
-3
-1
1
3
3
0
1
0
0
4
4
2
2
-2
-3
0
-1
1
2
3
0
3
4
5
5
8
6
4
4
3
4
7
7
7
7
6
6
5
5
4
2
-3
-3
-1
0
0
-1
-1
-2
-5
-3
-2
-4
-3
-1
-1
0
-1
-2
-3
-3
-2
-2
-2
-4
-4
-3
-4
-3
-5
-3
-3
1
4
4
6
5
4
4
3
-1
0
3
5
7
5
5
10
9
8
7
5
5
3
1
0
-3
-5
-4
-2
1
-1
-2
-3
-5
-8
-8
-9
-9
-7
-6
-7
-8
-9
-8
-7
-6
-9
-13
-11
-12
-11
-8
-6
-7
-8
-10
-9
-7
-4
-2
-4
-4
-2
-1
-1
0
0
2
1
1
6
7
5
9
8
3
4
1
1
7
10
14
14
6
5
2
3
5
3
3
6
7
6
4
4
5
7
7
5
3
-1
2
0
-2
0
-2
-3
-2
0
1
-1
-5
-7
-8
-6
-6
-6
-3
-3
-5
-6
-7
-7
-5
-3
-2
0
1
0
-2
-2
-2
-1
1
0
0
3
0
2
3
4
7
8
8
7
6
6
6
4
3
0
2
5
7
7
7
6
5
6
7
7
5
2
0
-1
0
4
3
2
5
4
3
0
-1
-3
-3
-2
0
0
-1
1
1
0
3
3
1
2
0
1
-2
-5
-5
-4
-4
-4
-4
-5
-4
-2
1
2
-2
-3
-4
-8
-10
-9
-6
-3
-5
-2
0
-2
1
-1
1
3
1
-4
-3
-3
0
1
1
4
3
3
-2
-3
-4
-4
-3
-1
-2
-1
-4
-5
-4
-1
0
-2
-1
-6
-4
-5
-8
-8
-7
-6
-4
-1
1
1
-2
-2
1
3
-1
-7
-10
-9
-7
-4
-1
2
0
-4
-4
-3
-1
-4
-4
-2
-1
0
-1
-1
3
-1
-3
0
4
7
8
7
5
2
1
3
5
6
6
7
6
8
9
7
5
4
2
4
8
7
6
8
7
4
3
3
3
3
5
7
5
2
1
5
5
5
8
7
5
2
1
3
6
6
7
6
7
5
1
1
1
2
2
4
6
4
2
2
0
2
2
1
2
1
-4
-4
1
2
3
2
-2
-5
-8
-4
-2
-1
-1
-4
-5
-7
-7
-5
-6
-5
-5
-6
-6
-5
-5
-6
-5
-5
-6
-5
-5
-7
-6
-5
-3
-6
-5
-5
-4
-3
-5
-3
-3
-3
-4
-1
-3
-3
-4
-5
-4
-2
0
-1
0
-2
-3
-4
-4
-2
0
3
4
2
-2
-2
-4
-7
-6
-2
-2
-4
-1
-3
-3
-2
-3
-1
-1
1
-2
-9
-9
-8
-8
-3
-6
-8
-7
-5
-3
-1
-1
-1
-1
1
2
5
6
9
9
7
5
2
2
3
5
1
2
2
2
5
6
7
6
7
6
5
3
5
7
5
3
5
4
4
3
3
5
5
6
7
5
3
