-9
-8
-9
-7
-8
-10
-7
-8
-5
-4
-8
-8
-9
-8
-6
-8
-2
-5
-9
-6
-6
-8
-4
-8
-7
-8
-5
-4
-5
-3
-4
-6
-5
-3
-4
-3
-3
-4
-5
-4
-4
-3
-5
-2
0
2
3
4
1
4
5
4
4
4
4
2
1
2
2
3
4
-1
2
3
5
4
5
5
6
8
7
9
5
3
6
4
6
7
5
3
2
3
0
1
4
4
4
8
8
4
6
6
7
6
4
3
0
0
0
-3
-1
2
1
1
5
3
4
2
1
2
2
-1
1
1
-2
0
1
1
5
6
5
3
4
0
1
2
2
3
0
5
5
4
6
2
2
4
5
2
0
2
1
5
6
6
7
6
2
2
1
1
0
1
0
1
1
-1
-1
-1
1
0
-6
-3
-2
-4
-5
-4
-3
-4
-3
-9
-9
-9
-9
-10
-6
-4
-7
-9
-9
-5
-4
0
-3
-3
-5
-7
-6
-7
-7
-9
-8
-6
-5
-3
-2
-2
-1
0
-3
1
-1
0
4
3
1
2
0
0
-3
0
1
3
1
1
1
2
2
3
3
0
1
-1
-2
-2
0
-3
-4
-1
-1
-1
-5
-6
-2
-2
-5
-4
-2
-3
-3
0
-1
1
0
-3
-2
0
-1
-5
-3
-3
-5
-2
-1
1
4
1
-2
0
-3
-1
2
-3
-2
-4
-2
1
5
8
7
7
5
4
-1
-1
-1
-1
-1
1
2
4
2
2
4
2
3
8
9
10
10
10
8
6
6
5
6
3
5
4
4
8
11
12
14
13
11
10
9
7
8
6
4
2
2
1
2
3
3
1
4
2
3
4
0
1
4
4
2
-3
-3
-3
-6
-7
-6
-8
-5
-4
-6
-1
0
-1
-2
-3
-4
-4
-4
-6
-5
-3
-5
-5
-3
-4
-5
-5
-5
-6
-8
-9
-7
-3
-3
-1
-1
-3
0
0
-3
-2
-3
-6
-7
-7
-8
-7
-5
-3
-4
-2
-2
-6
-6
-6
-6
-6
-10
-11
-12
-8
-5
-5
-4
-6
-7
-7
-5
-3
-4
-4
-2
-1
-1
-3
-4
-2
-2
-1
-1
-1
-3
0
1
3
3
8
6
4
3
4
5
5
11
9
10
11
10
6
7
6
7
9
9
10
11
8
8
11
10
7
6
4
0
0
4
4
1
2
1
-1
2
3
1
-3
-2
-1
-2
-4
-2
-3
-4
-1
0
2
-4
-4
-1
-1
-2
0
-2
-2
-1
-1
3
1
1
2
5
2
1
0
2
1
-2
1
1
1
4
7
7
8
8
5
4
5
4
4
3
1
2
1
0
2
3
2
2
3
5
0
1
1
-1
-3
-4
-5
-6
-6
-6
-4
-2
-3
1
-3
-3
-2
-4
-6
-3
-3
-4
-4
-5
-3
-4
-6
-4
-3
-4
-4
-5
-7
-8
-7
-3
-1
-1
-1
-4
-5
-4
-4
-4
-5
-7
-6
-4
-5
-8
-6
-6
-7
-5
-3
-2
-3
-2
-7
-6
-5
-4
-6
-5
-3
-2
0
3
2
1
6
6
4
2
1
4
3
4
5
9
4
5
3
3
3
7
6
5
6
6
3
4
4
4
6
5
5
4
0
3
2
2
5
6
5
6
5
3
1
-5
-1
2
7
6
5
1
0
1
1
6
3
4
2
-1
-2
-3
-4
-1
3
4
3
1
-2
-3
-1
3
1
-3
-5
-4
-3
-2
0
2
-1
-2
0
1
2
3
2
3
3
6
1
-2
-1
-6
-4
-2
-2
-1
-1
3
6
6
1
0
0
-1
2
5
8
8
4
1
5
1
1
0
0
2
0
1
-1
-2
0
1
-2
0
-2
-3
-2
-6
-2
-4
-5
-5
-4
-3
-1
-1
-3
-3
-5
-7
-8
-7
-9
-5
-4
-1
-5
-4
-5
-9
-6
-5
-7
-5
-4
-4
-3
-8
-6
-2
-4
-3
-1
3
1
0
5
1
-3
-6
-1
0
1
-4
-4
2
2
-1
-1
2
0
0
1
1
5
4
2
4
4
0
-2
1
0
1
0
1
-4
-4
-5
-2
0
-1
-1
3
4
9
6
7
10
3
-1
0
2
5
5
1
5
7
6
0
-1
-1
-1
2
-2
-2
4
3
3
2
-2
1
-4
-7
-2
1
3
10
8
9
6
1
-2
-2
0
-1
-1
8
4
0
1
-2
3
-3
-1
-3
-3
-1
-2
1
3
10
3
2
2
1
6
5
0
3
3
3
-1
-1
2
5
3
2
6
6
3
1
0
4
1
0
0
0
14
10
7
-1
-4
-1
-1
-4
0
1
-1
1
0
-3
-7
-5
-5
-5
-3
0
-7
-5
1
0
-4
-3
-3
-11
-13
-9
-4
-8
-5
-7
-7
-6
-4
0
-5
-10
-6
2
-5
-5
-4
-5
-6
-3
-3
-4
1
1
-4
-2
-1
-3
1
5
8
11
6
-1
0
-6
-1
0
-8
1
6
5
1
2
6
4
-3
-3
-1
-3
-4
-5
-4
-4
-6
-3
-4
-6
-2
-5
-11
-6
-3
-6
-7
-6
-8
1
-2
-5
6
1
-5
-3
3
-4
-1
1
-5
0
-7
-4
3
-3
0
3
-4
4
2
7
18
10
4
11
10
2
3
7
7
3
4
7
12
10
5
11
9
10
4
5
7
6
7
10
14
17
7
7
14
10
11
12
11
7
8
6
9
16
13
5
15
11
12
12
2
4
5
-5
1
6
-2
11
16
8
-2
3
-7
-9
-2
0
-14
-8
-9
-17
-6
-12
-6
-11
-17
-10
-5
-19
-14
-9
0
-15
-11
-6
-13
-5
-10
-15
-22
-11
-19
-12
-5
-13
1
-3
-19
-9
-20
-22
-4
-13
-16
-10
7
-9
-17
1
0
0
-18
-6
2
-5
-14
6
3
-12
-1
10
-16
-10
13
-25
7
6
-9
-1
1
-17
4
12
-7
17
2
-29
10
5
-20
13
9
-13
0
3
-7
10
5
-9
11
23
-18
17
20
-12
20
32
-11
23
7
-4
23
10
0
20
35
-24
39
16
-17
33
12
-34
30
38
-22
43
12
-11
44
1
-28
40
-1
-13
24
9
6
25
4
-13
43
-12
-8
30
-8
-3
16
-6
-11
19
-5
0
14
-9
-1
23
-21
-23
20
-9
-19
22
5
-31
7
4
-14
12
-9
-15
10
-13
-9
8
-7
-16
12
-18
-36
1
-8
-16
6
-8
1
-14
-12
3
-14
11
-4
9
-11
0
19
-7
-13
3
3
-15
9
10
-2
-10
5
20
7
-1
1
-3
7
-11
8
14
-22
-4
5
-14
-4
7
-13
-15
6
6
-13
-23
-9
13
-15
-21
14
1
-27
-2
6
-13
-21
-18
-39
-7
3
-13
-6
-9
4
21
-4
-37
-2
-11
-28
-14
-1
-6
-2
5
-5
-10
11
3
-29
-17
-2
12
14
-26
23
37
-13
-16
0
-7
-3
21
-5
10
22
1
-4
28
3
-3
10
2
22
18
-4
3
25
-24
7
22
3
18
1
4
28
7
-31
25
27
-16
13
41
5
28
36
-23
33
22
-15
22
25
-9
19
16
-24
26
38
1
6
-4
-13
28
-14
-23
23
37
13
-2
-5
-7
26
-13
-27
6
12
-3
-19
-18
11
31
-47
-17
28
1
-3
-24
-16
11
-6
-35
12
-6
-11
27
-16
-38
8
-15
-32
-10
-14
-4
7
-13
-20
11
-3
-18
-20
-21
5
18
-13
-30
5
14
-3
-7
22
-3
3
-2
-34
-8
-5
-3
-10
-24
1
35
-19
-10
29
-14
-20
-6
-35
-9
25
6
15
14
-7
10
3
-14
21
29
-11
9
15
1
25
-27
-29
26
6
-15
-4
-15
-28
-20
-5
-9
0
26
3
-9
-2
-9
-1
-29
-8
13
-21
12
-5
-20
18
8
8
-30
-11
-5
-25
1
7
32
26
-11
18
11
-46
17
19
-13
42
49
6
-15
12
1
13
-15
-15
18
18
-18
32
42
-50
-6
9
-6
28
7
30
35
17
38
-21
-12
4
12
10
-11
24
-15
-26
11
28
1
10
20
-7
-6
19
-23
-28
0
17
38
-44
-4
38
-40
5
46
4
32
18
-1
-3
52
5
-28
33
-12
-19
9
-26
-7
34
-44
15
28
-41
-14
8
-65
11
29
-76
-25
15
-18
-36
0
-13
3
0
-20
-18
-56
-38
-2
-43
-29
61
19
-24
10
14
-21
-45
-4
-21
-1
41
7
2
16
27
1
-28
-24
-30
29
-4
3
25
-13
16
-19
-32
44
7
-56
3
14
2
-6
-5
-27
2
20
-9
21
-9
5
-12
4
29
-9
32
-16
-23
24
-2
14
25
-38
-4
7
-5
19
10
23
20
16
-24
20
18
-21
29
21
26
35
-7
-15
0
31
11
10
10
-4
16
-34
-26
20
-18
-2
12
1
-22
-1
15
-11
-11
-8
-27
-5
-15
-12
6
-20
-24
-13
2
-20
-16
9
5
16
-3
-10
-15
-17
28
36
0
4
36
8
-30
9
23
11
26
15
3
41
11
14
21
-7
41
-12
-32
29
17
25
13
7
2
-11
1
8
10
15
30
9
-33
-13
-4
7
7
-19
4
5
-32
-12
38
-2
-21
-3
-12
-15
-6
-24
8
6
-23
1
-6
-19
-9
-9
1
-4
2
27
-3
-16
14
6
-47
-28
-21
-4
-11
-18
-2
-6
5
-10
-33
-10
-11
-28
-24
-13
19
-19
-25
-18
-5
17
1
-8
-19
-2
-9
-5
-18
-9
10
6
21
27
17
5
2
-33
4
9
-5
26
4
-4
21
-11
-19
28
3
0
10
-4
21
-11
-18
-6
-16
18
16
-8
1
-3
-21
-11
17
12
25
14
-6
5
4
20
35
21
6
9
-24
-3
22
-8
3
40
-8
0
26
-12
-9
-9
-27
18
14
-2
15
-8
1
28
-8
4
1
-22
4
12
4
7
-3
-13
-9
-13
9
-17
10
-12
-13
10
-22
2
47
11
16
36
6
8
-5
10
4
4
-3
-4
7
15
1
16
8
-8
23
-16
0
24
11
24
21
-6
-9
11
0
14
0
7
-4
-17
10
10
-15
-19
-2
2
-17
-30
0
-24
-10
-11
-15
-3
-22
-34
-29
-62
-17
3
-46
-13
-13
-13
5
-22
-17
15
-36
-38
19
-20
-11
22
-8
9
-5
-6
12
-9
13
3
-18
16
41
25
8
13
10
0
-5
9
36
36
3
26
28
-2
6
-4
1
14
12
8
15
-8
15
16
-23
4
45
31
-23
29
23
-33
-1
-3
6
-15
-3
18
3
-5
-6
-32
-38
-19
-3
16
-28
7
4
-46
-11
9
-25
12
35
-28
7
-12
-21
18
-6
-3
19
-11
-4
19
2
-18
14
4
-17
-17
-16
17
14
-7
10
24
-7
-6
-23
-19
11
0
13
-6
-7
14
3
-11
-21
-19
-17
-10
-49
2
22
-33
-12
3
-12
-16
-5
-14
-6
-7
2
3
9
8
30
0
-20
34
7
-5
5
-17
0
24
10
4
33
25
-11
16
-2
33
50
-3
15
26
-2
2
20
8
20
25
1
20
23
-6
21
15
6
36
12
-16
-10
4
10
2
15
9
-4
-6
-14
5
6
-14
-6
24
1
-12
23
-28
-8
35
-1
19
-11
-30
-9
-3
-9
3
-3
0
4
-7
-19
-5
16
-10
-17
-12
-3
-25
-14
16
-26
-28
-22
-34
-9
-8
-4
11
3
-30
-18
-7
-47
-10
-4
-33
-2
-28
-22
-8
-30
-12
1
-8
-27
-3
-19
-26
-5
-3
5
9
-21
-2
-23
-17
13
-10
24
18
8
8
9
-7
9
10
-8
20
21
11
26
10
19
27
-11
4
15
19
20
9
3
28
33
-6
7
19
-4
12
10
10
8
-6
7
5
15
15
-1
11
19
25
2
0
3
-12
24
7
9
8
-2
17
17
-3
21
10
-15
11
-1
15
5
-5
19
1
-6
21
9
-8
15
13
-6
2
-13
1
13
-30
-8
9
1
-9
-19
-8
1
-14
-35
-5
14
-12
-25
-21
-4
-31
-16
-4
-21
8
9
-10
1
0
-9
-14
-27
-15
-3
-14
-15
-8
-12
-14
-12
-19
-16
-5
-7
-3
-3
5
-9
-20
-1
-10
-21
1
-10
1
2
-9
13
-5
-3
5
1
-13
-15
12
17
16
8
11
10
-14
4
10
4
20
2
2
20
2
18
30
14
16
22
8
9
10
-4
13
9
7
23
2
1
22
-14
-2
12
11
13
-8
5
-2
-20
-5
21
-8
-8
-7
-24
-15
-9
6
-7
-8
-12
-14
-19
-16
-2
-16
-7
0
-4
-2
-8
-1
4
-6
4
15
-8
-17
19
25
11
30
19
-1
20
-9
-4
2
7
38
2
-5
18
13
6
6
12
-3
-8
-6
-8
10
-7
-9
-12
-9
-4
-11
-17
-13
-3
-11
10
-9
-13
-2
-8
-6
-12
-6
7
-15
-7
19
0
-4
0
1
-6
6
6
5
10
8
16
5
-4
20
8
4
19
8
10
5
12
19
0
13
8
6
10
-1
3
-9
-3
2
11
7
4
-5
-8
-14
-6
-4
-12
8
-4
-16
-11
-22
-22
-14
-23
-9
2
-15
-16
-10
-17
-10
-12
-13
-7
-14
-4
14
8
-8
-7
1
-10
-8
14
7
4
10
3
5
-2
-3
14
-8
-14
14
0
-1
14
11
-1
10
6
-6
7
16
-6
-2
3
-2
18
3
-4
-4
-7
-6
-5
9
5
11
3
-8
1
-13
-19
-1
-11
-4
16
-1
5
7
-6
-2
-2
-13
-4
-5
-20
0
12
-4
-1
-5
-11
2
2
-6
1
8
-13
-14
-2
-2
7
10
-1
10
13
-14
-9
3
5
5
17
8
12
17
-9
7
1
-1
19
14
5
14
14
-5
16
18
1
16
6
-2
20
16
-5
24
2
0
21
-5
-10
-1
-7
-4
5
9
10
10
-2
-8
11
-8
-4
12
-3
-1
14
-10
-10
14
-5
-2
7
-2
0
4
-8
-16
-2
-13
-6
-8
-11
-2
-20
-16
3
-9
-4
-1
-7
3
0
-9
-14
-11
-10
-5
2
-5
-7
-5
-10
-3
-17
-13
-4
-13
-16
-20
-9
-1
-6
-7
6
-5
-13
-4
-6
4
-2
-14
7
-2
-5
11
10
11
14
3
-9
2
3
2
9
11
14
16
3
14
-1
-6
12
9
14
20
17
5
19
4
0
7
-8
-6
-5
-7
-2
-3
-11
4
6
-4
0
-6
-12
5
0
-4
-6
1
1
-10
6
-5
-5
-12
-21
-1
0
-3
-1
-5
1
-4
-2
8
-1
-3
0
8
2
5
9
-3
-8
-5
9
4
6
13
9
12
10
5
-1
1
-4
-12
3
5
1
11
5
1
8
0
7
2
3
-1
5
-1
-6
11
7
1
4
4
-4
5
5
1
0
6
0
2
-3
-11
8
-5
-5
11
2
-4
0
3
-3
8
-2
-14
8
-2
-6
5
-7
3
12
0
1
3
-4
-9
-4
-2
0
8
6
6
6
-10
-7
-12
-9
-1
0
8
-13
1
8
-5
5
6
-9
1
-2
-3
1
-1
-2
1
-4
-3
6
-14
-14
-10
-14
-8
-7
-9
-6
3
-7
-12
-1
-3
-3
3
-10
4
-7
-25
-11
1
3
0
-1
-6
-5
-5
-9
-6
-4
4
0
-5
-2
-12
-6
-10
-8
7
2
6
2
5
3
-8
6
7
13
8
-1
6
9
6
11
14
5
7
16
8
10
13
-3
8
14
5
10
15
13
-7
1
3
-7
10
7
-1
5
-5
-11
5
5
-2
11
2
-4
-1
-12
-3
9
0
8
15
-1
-3
-2
-12
-1
12
2
9
8
-10
-5
-6
-5
5
1
3
8
2
1
5
1
-3
2
2
1
6
9
1
1
3
-1
1
-5
-2
-3
-3
3
-13
-3
3
-2
2
-5
-4
1
1
-2
6
1
2
1
-7
-8
3
-1
-6
3
2
0
4
-1
-9
-11
-5
7
1
4
-2
-2
3
-1
-5
1
0
-15
-15
-1
-4
-8
2
-9
-8
-5
-13
-2
-15
-12
0
-14
-12
-1
-8
-15
-14
-15
-7
-2
-4
-5
0
-6
-8
-5
-2
-6
-6
-11
-2
3
-6
-1
4
0
8
18
11
13
16
11
6
5
4
6
13
7
7
14
3
1
7
4
6
10
0
4
5
-2
4
12
13
10
12
11
3
3
-2
-1
-1
-8
2
-3
-11
1
16
4
6
9
-4
0
-5
-5
-1
3
4
5
2
1
-3
3
5
0
0
-4
0
-1
-1
2
0
-9
-4
10
2
1
5
-6
-4
-3
-8
-6
0
-2
-4
-1
-4
-2
3
7
2
3
2
-13
-7
-7
-8
0
2
1
-6
-2
-9
-1
5
-2
1
0
-9
-10
2
-2
1
4
-3
5
-2
-5
9
5
5
4
-6
2
13
-7
-3
10
-4
-7
3
-2
7
4
-3
5
3
-4
5
3
-5
3
6
-9
-2
1
1
7
5
3
0
-2
-2
0
3
0
-2
-1
-3
3
4
-2
-1
-3
-10
-5
-6
-8
-4
-7
-1
-2
-2
-2
-3
-1
-11
-7
2
0
-7
-3
3
-8
-5
-5
3
2
-9
0
3
-6
-2
-4
2
7
-7
-5
5
0
0
7
6
2
1
-8
-3
6
-2
1
4
-4
4
4
1
6
6
-5
-5
0
-4
2
2
-9
-2
0
-9
1
1
-7
-4
5
-4
-1
4
-7
4
3
2
9
3
5
6
3
0
2
1
-5
9
11
8
11
3
4
10
6
7
11
8
2
10
8
5
13
6
4
10
6
9
5
5
4
5
8
1
6
1
0
7
0
-2
4
-3
-8
-8
-8
-13
-11
-8
-7
-4
-7
-7
1
0
1
3
-2
-5
-10
-7
-4
-3
-8
-4
-1
-10
-3
-5
-6
-1
-8
-7
-7
-7
-6
-11
-12
-3
-1
0
-2
-2
-4
-6
-6
1
6
-6
-4
-4
-2
-1
0
2
3
0
-2
-2
0
-5
-1
-1
-5
1
3
6
5
3
3
-4
-4
-1
2
0
-2
6
3
2
5
6
2
0
0
-1
1
5
2
4
5
4
7
4
1
2
3
-5
-1
4
2
4
5
-4
-3
1
1
-2
-2
2
-1
0
3
0
1
2
-1
0
2
6
3
3
8
9
3
0
3
-4
0
1
-8
-4
3
-4
-6
3
-3
-7
2
-2
-4
-2
0
1
-4
-6
-3
-4
-6
-8
-1
-1
4
7
2
6
3
-3
-7
-1
2
-3
0
3
3
6
7
1
0
-2
-5
-3
1
-3
3
6
-2
10
9
1
4
3
3
1
2
4
0
0
0
2
6
6
8
4
2
2
-1
1
2
0
-1
0
0
-1
1
0
0
2
1
0
-2
-4
-2
-5
-1
-6
-5
1
3
1
2
-2
-8
-2
-6
0
-3
0
4
4
1
-1
-3
-5
-1
-4
-2
-3
0
0
-4
1
-2
-2
1
-2
0
3
-4
1
3
-2
-1
3
1
-5
-3
-3
-1
4
2
3
-1
-5
-4
-3
-3
2
4
-4
0
0
-5
-8
-9
-3
-1
-1
-4
-5
-8
-8
1
4
-3
-1
-2
-4
-1
-1
2
-5
-3
-1
0
3
2
6
-3
-3
9
7
6
4
1
5
3
4
10
10
9
6
2
1
-3
-1
2
10
13
9
2
-2
3
1
4
6
0
-2
-1
1
1
0
1
1
2
2
2
-2
-8
-6
-4
3
8
1
-3
-1
-6
-2
-4
-3
-1
-6
-5
1
-3
-3
-1
-6
-3
-3
-3
-3
-4
3
5
2
1
-2
-2
2
0
1
2
0
3
4
0
5
5
-1
3
3
4
3
3
1
-1
0
2
2
0
3
3
-3
-5
1
-1
-3
4
-2
0
-1
-5
-6
-5
-2
1
-2
1
3
-2
-1
1
-5
-5
-3
-4
-4
-5
2
4
-1
-3
-2
0
-3
-4
-5
-1
-2
-2
-5
-4
-2
-7
0
1
2
4
-2
-5
-5
-3
0
-3
-3
0
1
-2
-6
3
0
2
6
2
4
8
1
0
4
-1
0
3
6
9
9
5
3
2
0
-1
5
6
4
6
-3
2
4
-1
4
3
2
3
1
0
2
1
-4
-3
-3
-3
-3
-3
0
-3
-3
-2
-4
-2
-9
-6
2
-2
-2
1
-5
-2
1
-7
-8
-4
-4
-5
-2
-1
5
3
-2
0
-1
0
1
3
0
3
3
-2
4
6
2
5
4
2
9
7
6
8
5
6
10
11
5
7
2
6
6
1
0
3
2
0
2
0
1
1
-1
-2
-3
-7
-8
-1
-3
-2
-2
-7
-8
-6
-6
-4
-1
0
-1
-4
-5
-4
2
2
3
4
1
-4
-6
-3
-1
-5
-5
0
2
1
-1
2
3
-1
-2
1
-2
-1
-2
3
5
1
3
1
2
0
1
-2
-3
-5
-2
0
-2
2
5
0
-1
-5
-3
0
-1
-6
-4
-5
-7
-3
-5
-2
-1
0
1
-3
0
-3
-4
-2
0
1
-2
-3
-4
-7
-5
-2
-1
-3
0
-1
1
5
1
3
5
7
9
8
6
0
-1
-1
0
4
7
4
0
0
-2
-2
-3
-1
1
6
5
4
1
1
2
1
2
4
4
3
3
2
4
3
-2
-1
-1
1
0
1
-4
4
0
1
4
3
4
1
0
-1
1
-2
-2
-3
-4
-8
-7
-3
-1
-5
-3
-2
-5
-4
-4
-3
1
0
-3
0
-1
-5
-4
-2
-4
3
2
5
4
1
2
2
7
7
6
3
3
3
2
0
3
8
8
6
5
2
2
2
4
5
5
2
1
0
0
4
1
2
-2
0
-2
-1
-1
-4
0
3
-1
-3
-8
-8
-5
-3
-3
-2
1
-3
-5
0
0
0
0
-5
-4
-8
-4
-2
-2
-1
3
-2
-5
-2
1
-2
-1
5
-3
-4
0
-2
-3
0
-1
-3
0
0
-2
-3
0
0
-3
-6
-5
-6
-7
-1
1
-2
-3
2
0
1
1
-1
-3
-1
-4
-1
7
2
-3
0
0
-3
2
3
6
3
-3
0
3
0
1
3
1
6
4
2
5
1
1
2
-1
0
-1
-2
-1
-1
0
0
5
7
3
6
3
-3
1
-1
-1
-1
-2
-5
-3
-1
1
3
2
2
3
1
2
1
1
4
3
3
3
4
5
6
7
5
5
7
11
3
7
9
5
8
8
5
7
8
3
6
4
3
3
1
1
1
1
1
2
1
0
0
0
1
3
3
0
-1
-4
-7
-4
-5
-6
-4
-10
-8
-4
-7
-5
-2
-3
-3
-6
-5
-5
-7
-5
-6
-5
-6
-4
-2
-6
-7
-7
-8
-6
-2
-1
2
0
-2
-3
-3
0
3
2
-4
-7
-8
-5
-4
1
2
-3
1
1
-2
-2
1
1
-1
-1
-2
1
2
-4
-4
-2
-3
-7
0
-1
1
1
-2
-1
0
0
3
-1
-3
-3
-8
-5
-4
-1
4
2
-2
-4
-4
-5
-1
2
2
-2
-3
-5
-5
-5
-5
-6
0
4
1
4
4
2
6
4
5
5
1
0
2
3
0
4
3
8
8
8
14
10
11
12
13
12
12
11
12
16
13
14
17
16
13
12
11
9
6
9
11
8
10
6
8
8
5
9
8
4
1
-2
-5
-8
-10
-6
-7
-8
-6
-6
-8
-6
-4
-9
-9
-7
-7
-9
-5
-7
-10
-6
-9
-5
-6
-6
-9
-8
-10
-10
-8
-8
-7
-6
-4
-4
1
-2
-3
1
-3
-3
-4
-3
-2
1
-2
0
2
-3
0
-1
-3
-5
-2
-6
-5
-2
-4
-4
-3
-5
-5
-7
-6
-4
-8
-6
-6
-11
-10
-6
-7
-3
-4
-3
-6
-9
-6
-3
0
1
1
-1
2
1
-1
5
6
6
6
3
2
2
2
3
6
7
8
8
7
7
5
6
11
10
6
5
6
6
5
8
7
4
6
5
7
6
3
1
-3
1
3
3
6
7
4
2
2
2
0
2
0
3
2
-2
0
3
4
6
6
5
1
-2
-4
-2
0
2
2
0
0
0
2
-2
-1
3
0
0
-2
-2
-5
-4
-4
0
1
0
-1
-2
-5
-5
-2
-3
-1
1
-3
-3
-1
-7
-4
-3
-3
-2
-2
0
1
2
3
3
-1
1
0
-1
-1
2
5
3
2
0
-2
2
4
3
4
3
3
1
3
2
2
3
-4
-4
-2
-2
-2
0
-1
-2
-7
-8
-7
-6
-6
-5
-7
-8
-5
-4
-4
-3
-8
-9
-10
-10
-6
-6
-6
-3
-6
-10
-7
-7
-5
-1
-1
-2
-1
-1
0
-1
2
2
0
1
0
2
6
3
5
4
2
2
2
6
9
10
6
5
4
5
8
7
5
8
4
3
4
7
9
8
8
7
8
5
4
5
3
-1
-6
-2
1
1
4
2
1
2
-2
-2
-3
-3
-3
-4
-6
-2
-2
-3
-3
-3
-4
-4
-3
-3
-6
-3
-4
-3
-2
-1
0
-1
-4
-3
-1
0
-3
-5
-4
-4
-5
-1
-3
-2
-4
0
0
1
1
2
1
0
1
2
5
5
6
6
4
3
4
1
2
5
5
6
6
6
6
6
4
3
4
4
4
4
3
3
4
3
3
3
4
2
-2
-1
1
3
3
1
3
1
-2
2
0
-4
-3
-2
-5
-2
2
2
3
0
-2
-1
1
-3
-4
-4
-5
-1
3
2
4
-1
-3
-1
0
-2
0
1
-3
0
4
0
0
-3
-6
-4
-5
-4
-1
-5
-7
-5
-5
-2
-2
-6
-7
-9
-7
-4
-1
-1
-6
-7
-9
-11
-9
-4
-7
-6
-5
-8
-7
-6
-8
-4
-4
-7
-8
-9
-8
-5
-6
-4
-2
-4
-2
0
0
0
1
2
5
5
6
2
3
2
4
5
7
7
7
5
4
4
2
2
3
7
8
10
6
6
5
5
7
6
6
6
3
6
3
6
7
6
5
5
5
5
4
6
9
12
10
5
2
1
1
6
9
11
10
6
3
3
2
3
0
3
6
5
3
0
1
0
0
1
-2
-2
-1
-3
0
2
3
-1
-4
-3
-7
-8
-8
-8
-7
-5
-7
-7
-6
-5
-3
-3
-2
-4
-4
-6
-5
-5
-6
1
2
-1
0
1
-1
0
1
1
0
-2
-5
-3
-1
0
4
0
-1
-2
-3
-3
-1
-1
-4
-3
-4
-7
-4
-5
-8
-6
-6
-5
-6
-8
-6
-6
-8
-10
-7
-7
-6
-6
-6
-5
-6
-7
-8
-7
-10
-10
-7
-6
-5
-4
-1
-3
0
3
3
4
4
3
2
7
8
8
9
7
4
3
4
6
7
9
8
8
8
6
8
6
4
3
2
6
8
8
8
3
1
1
1
1
2
5
7
6
8
8
8
8
7
8
9
7
7
7
9
7
4
3
5
3
5
6
3
6
3
5
4
2
0
0
0
3
5
6
5
1
0
-2
-5
-3
-6
-7
-3
-4
-3
-6
-7
-5
-7
-9
-7
-6
-9
-7
-7
-6
-7
-6
-6
-5
-6
-6
-9
-10
-6
-6
0
0
-3
-2
-4
-4
-5
-7
-3
-1
-1
-1
0
-5
-5
-4
-1
0
-2
-1
-2
-2
-1
0
1
1
0
0
0
0
-2
-2
-1
0
2
4
3
2
0
-4
-3
0
1
2
0
2
4
2
1
-1
1
2
3
4
5
4
1
3
4
7
7
5
4
4
6
3
5
5
-1
0
3
0
1
1
-3
0
1
-5
-6
-5
-3
-3
-1
-2
-7
-6
-7
-10
-12
-9
-8
-8
-6
-3
-2
-3
-3
-8
-8
-7
-5
0
0
-3
-1
-2
-6
-5
-3
-1
0
4
8
6
4
5
5
5
5
7
5
6
4
4
5
8
9
9
9
7
4
2
5
6
6
9
10
8
7
7
7
7
4
3
2
3
4
4
8
9
8
6
5
4
6
6
6
3
4
3
2
2
0
3
3
5
4
3
2
1
0
2
4
3
-2
-3
-1
-2
-1
-3
-2
-4
-6
-3
-2
-3
-2
-4
-5
-5
-8
-8
-6
-8
-4
-4
-6
-7
-9
-11
-8
-6
-7
-9
-11
-7
-7
-7
-2
-1
-4
-6
-7
-5
-3
-4
-6
-7
-6
-5
-5
-3
-2
-5
-3
-3
-6
-3
-2
-7
-5
-2
-2
-1
-1
-5
-7
-7
-5
-5
-4
-5
-2
-1
-2
1
-3
-3
-1
-2
0
-1
-3
-5
-3
0
2
2
3
2
3
5
2
4
4
2
3
3
6
6
5
6
8
9
9
11
10
9
10
12
10
8
9
9
9
5
6
6
6
7
4
2
3
4
5
5
6
4
6
4
2
4
0
-3
-2
2
1
2
4
5
5
5
4
0
-2
-1
0
-1
2
2
1
0
-1
-1
-3
-1
-1
-1
-1
0
0
2
2
1
2
1
-1
-1
1
2
0
0
2
-1
-2
0
-1
-2
0
-3
-3
-1
-2
-1
0
-4
-3
-4
-6
-6
-5
-4
-5
-3
-5
-7
-7
-5
-5
-3
-4
-4
-4
-4
-6
-2
-3
-7
-2
-2
-3
-1
-2
-2
-3
-3
-2
-3
-4
-5
-2
-4
-6
-6
-4
-5
-1
-2
-3
-5
-6
-4
-6
-4
-5
-4
-1
-1
0
0
-3
-3
-4
-5
-4
-1
0
-1
-3
-4
-3
-2
-1
0
2
5
4
3
4
4
3
-1
2
3
6
6
6
7
3
3
3
2
2
4
6
3
4
5
3
2
3
4
4
4
5
2
2
2
2
2
0
-2
0
-2
-2
-1
1
2
2
0
-1
1
2
3
4
4
5
3
1
2
2
2
3
4
7
8
8
5
7
7
6
7
5
5
6
5
4
4
4
5
7
6
6
6
5
3
1
3
1
3
3
3
1
1
0
0
-1
2
-1
-5
-4
-4
-3
1
0
0
0
-1
-4
-4
-5
-3
-2
-5
-4
-8
-6
-6
-4
-4
-7
-8
-9
-9
-8
-4
-3
-2
-1
-3
-4
-5
-8
-9
-9
-6
-6
-7
-6
-7
-6
-6
-4
-1
-2
-2
-3
-6
-5
-7
-8
-7
-8
-6
-4
-1
0
-2
-4
-3
-4
-5
-7
-10
-8
-6
-3
-4
-2
0
-2
-1
-3
-5
-6
-5
-3
0
3
2
0
0
-1
2
0
-1
-2
-4
2
5
4
4
6
7
9
11
9
7
4
4
4
5
8
7
8
9
10
13
13
13
12
10
11
9
5
7
8
7
10
11
12
12
10
11
8
6
7
7
3
2
3
4
2
2
2
1
1
2
1
1
1
2
-1
-2
-3
-5
-6
-7
-6
-7
-8
-5
-2
-3
-2
-4
-3
-2
-5
-2
-4
-5
-5
-5
-3
-1
-1
-3
-3
0
2
2
1
-2
0
0
0
-1
-2
0
1
3
3
3
1
0
-1
1
1
-2
-2
-4
-4
-4
-5
-5
-4
-8
-7
-7
-6
-6
-6
-4
-8
-9
-7
-8
-7
-5
-7
-6
-4
-8
-7
-8
-10
-9
-7
-6
-6
-5
-6
-3
-1
1
1
-1
0
-3
-1
-1
-2
-1
0
-3
-2
-1
-1
0
1
5
2
0
-3
-5
-3
2
2
4
4
3
3
1
2
2
2
3
2
3
4
3
1
3
4
4
5
5
4
1
0
2
3
4
6
6
8
6
5
7
5
7
6
5
7
11
9
9
9
6
5
5
5
3
3
6
4
4
4
4
5
5
3
4
2
3
3
0
1
-4
-2
-1
-2
1
3
3
1
-1
-2
-1
0
0
0
0
-1
0
-2
-1
1
2
4
0
-3
-2
-2
-1
3
5
6
3
-3
-4
-2
4
7
5
4
2
-1
-3
-3
-1
-1
-1
-1
-3
-5
-5
-6
-7
-2
-1
-2
-3
-3
-5
-6
-8
-6
-6
-5
-7
-6
-4
-6
-8
-8
-7
-6
-6
-4
-2
-4
-6
-9
-8
-7
-7
-6
-6
-6
-7
-6
-5
-6
-4
-6
-5
-6
-5
-5
-5
-5
-5
-4
-4
-6
-7
-5
-4
-3
-5
-3
-2
-2
-2
-4
-3
-4
-2
-3
-5
-5
-7
-9
-4
3
3
4
4
7
5
3
5
4
3
4
6
6
10
12
10
10
12
9
10
9
7
12
11
11
12
11
8
9
8
8
8
7
9
11
11
10
7
8
7
10
10
8
4
4
3
1
4
2
3
3
1
-1
-1
-2
1
-1
-2
-3
-1
2
2
3
4
3
2
-1
-2
2
2
2
3
0
2
0
-4
-1
-1
1
2
4
3
-2
-4
-6
-4
2
1
-4
-4
-5
-7
-6
-5
-7
-10
-7
-5
-5
-7
-5
-6
-5
-4
-8
-7
-7
-7
-5
-6
-4
-5
-6
-6
-4
-4
-3
-3
-2
-4
-4
-3
-3
-3
0
0
0
-2
-3
-4
-3
-1
-1
-1
-3
-2
1
1
-2
-1
-2
-3
-4
-4
-2
-2
-3
-3
-5
-1
1
0
0
-4
-3
-4
-4
-3
-3
-2
-3
-4
-3
-5
-7
-4
1
3
2
4
3
-1
2
2
0
1
3
4
4
4
1
0
1
3
8
7
6
3
2
6
7
8
4
1
5
8
6
10
11
8
7
5
6
4
4
8
9
10
12
10
10
8
6
8
7
6
6
5
6
6
8
10
7
7
4
-3
-4
-2
-2
0
2
0
-1
-5
-8
-5
-4
-5
-4
-4
-2
-3
-6
-5
-9
-9
-7
-6
-5
-5
-8
-8
-10
-12
-9
-8
-9
-8
-9
-7
-6
-8
-10
-8
-9
-10
-8
-6
-5
-4
-3
0
1
-1
-3
-7
-5
-2
1
3
5
6
6
4
5
4
5
4
3
5
3
5
9
8
8
7
6
6
8
8
9
7
5
5
5
4
3
1
1
3
2
1
1
0
-3
-5
-6
-7
-6
-6
-3
-4
-6
-6
-5
-6
-3
-3
-8
-10
-11
-9
-8
-4
-4
-3
-1
-3
-3
-2
-6
-5
-5
-4
-1
-3
0
0
0
0
0
1
1
3
4
6
4
4
5
4
2
3
2
4
2
3
6
9
6
4
5
4
4
2
4
4
2
0
0
1
5
6
5
5
5
1
0
2
3
3
6
6
7
4
3
0
0
1
0
3
2
1
4
2
2
0
-1
2
4
2
2
1
0
-1
1
2
-1
-1
-1
0
-1
-1
2
1
1
2
0
0
-3
-1
-1
0
-1
0
-1
-1
-1
-2
-1
-2
-3
-1
-1
1
2
0
-1
-1
0
-1
-4
-5
-6
-5
-4
-3
-1
-1
-2
-1
-2
-3
-5
-8
-8
-6
-1
0
-1
0
-3
-4
-6
-5
-5
-6
-4
-4
-3
1
-3
-4
-3
-3
-1
0
-3
-3
-5
-6
-3
1
1
3
1
-2
-1
-1
-4
-1
-2
-3
3
2
3
3
3
1
3
1
0
0
1
-2
-1
-2
-1
4
2
1
0
-1
-3
-2
-1
0
0
0
-1
-3
2
0
0
4
-1
-3
-3
-4
-4
1
1
-1
0
1
2
5
3
1
-4
-2
2
1
2
2
3
3
4
5
3
2
5
5
3
3
4
4
4
5
7
6
4
4
5
6
4
7
5
4
4
4
4
3
2
1
1
1
2
1
4
4
3
2
2
4
1
4
4
2
1
0
1
-1
0
2
4
1
-1
-2
1
0
0
1
0
-3
-4
-1
-1
0
-4
-5
-4
-5
-3
-3
-5
-5
-4
-5
-3
-1
-4
-5
-4
-3
-3
-1
-1
0
-2
-2
-3
-4
-2
1
-1
0
-1
0
0
1
3
0
0
0
-2
-2
-1
-3
0
1
-1
-1
0
-1
-2
-4
-5
-1
0
0
-2
-4
-6
-7
-6
-5
-4
-4
-5
-4
-3
-4
-3
-4
-6
-5
-4
-1
-2
-2
-4
-6
-4
-3
-5
-3
-4
-1
1
3
0
2
4
2
5
6
6
2
2
3
6
5
6
5
2
1
3
5
4
6
4
2
2
2
2
4
2
3
0
-2
0
-3
-5
-3
-1
-1
-1
-1
-3
-3
-2
-3
-3
-4
-4
-2
-2
-2
-1
-1
-2
-2
0
1
1
0
1
2
3
2
2
3
1
2
5
5
3
6
9
9
10
9
9
10
10
7
9
9
8
10
10
10
11
8
6
7
9
9
11
8
7
6
5
7
6
5
4
4
4
4
3
1
0
-3
-2
1
-2
-3
-2
-5
-3
-4
-7
-8
-9
-9
-8
-6
-7
-8
-9
-7
-10
-11
-8
-9
-10
-9
-11
-14
-13
-15
-16
-14
-10
-11
-9
-7
-10
-9
-11
-12
-11
-10
-8
-6
-4
-5
-4
-6
-4
-2
-3
-1
2
0
0
5
2
5
2
-2
1
1
3
5
4
5
8
7
6
8
5
5
4
4
5
2
3
2
1
4
2
0
0
-1
1
2
0
2
0
1
1
-1
-3
-3
-2
-2
-3
-2
-2
-2
-1
-3
-3
0
-3
-4
-3
-3
-2
1
2
3
3
4
4
4
6
4
6
3
5
6
7
7
8
10
6
5
5
5
6
7
7
9
7
7
7
6
8
8
6
3
2
4
3
1
4
4
2
3
6
3
4
1
2
2
4
4
4
3
1
1
-2
-3
-4
0
0
0
3
2
-2
-4
-2
-2
-4
-3
-2
-1
-2
-1
0
0
-1
-3
-3
-5
-5
-3
-4
-4
-3
-2
-3
-1
-1
-3
-4
-4
-5
0
0
-3
-3
-4
-5
-5
-3
-2
-2
-2
-3
-6
-7
-6
-6
-5
-5
-6
-6
-5
-4
-2
-2
-3
-2
-3
-4
-2
-2
-3
-5
-4
-3
-4
-3
-6
-5
-4
-5
-4
-3
-1
-2
-4
-3
-8
-6
-7
-6
-4
-5
-2
-4
-6
-2
-7
-4
-5
-4
1
-1
-1
-1
0
1
1
1
1
1
3
1
3
4
4
6
7
8
6
5
3
7
8
8
9
9
10
11
13
13
9
7
9
8
12
13
10
8
7
6
8
11
9
9
7
7
7
4
4
3
5
6
4
4
2
-1
-1
1
-1
-1
-3
-4
-2
-1
-6
-7
-8
-7
-4
-3
-4
-4
-7
-6
-5
-5
-4
-5
-6
-5
-3
-3
-2
-4
-6
-7
-6
-6
-4
-4
-5
-2
-4
-3
-2
-1
1
3
3
5
1
1
-1
2
4
1
2
2
-1
0
2
3
2
1
5
6
5
2
-3
-2
1
0
2
5
3
1
0
-1
-1
0
0
-1
1
-1
0
0
0
-1
-2
-2
-4
-5
-5
-5
-4
-2
-2
-1
-1
-2
-3
-4
-4
-5
-5
-5
-4
-5
-5
-5
-5
-5
-4
-3
-2
-6
-8
-8
-8
-7
-6
-2
-1
-1
1
1
1
0
-1
-2
0
-1
-2
-2
0
0
1
4
3
2
1
1
0
1
3
1
1
1
-5
-2
0
-1
0
2
3
3
-1
0
1
1
5
4
3
2
1
1
0
1
5
4
0
0
-1
-1
2
4
5
5
2
2
3
3
3
6
10
10
8
7
5
3
2
5
6
5
4
5
6
7
9
7
6
4
4
3
1
2
2
2
5
6
6
4
2
2
3
3
2
-1
2
-1
-1
0
-2
-1
-3
-2
-1
-3
-3
-4
-5
-7
-5
-7
-7
-5
-5
-4
-2
-3
-1
-2
-4
-3
-2
-2
-2
-3
-1
0
-2
-2
-5
-4
-3
-2
0
2
4
1
-1
2
0
-2
-2
-2
-3
-2
0
0
0
0
-1
-4
-3
-4
-4
-5
-6
-3
-2
-3
-4
-4
-6
-9
-9
-9
-9
-9
-8
-6
-7
-7
-7
-6
-5
-3
-4
-1
-3
-4
-4
-1
0
-1
-2
-5
-4
-3
-1
1
0
-1
-1
-2
0
3
2
2
0
-2
-2
0
1
2
2
4
5
4
4
4
6
5
5
4
2
4
5
4
5
6
5
5
6
7
7
7
8
5
7
6
4
3
2
3
6
7
7
7
8
9
8
8
9
5
5
7
6
5
3
2
4
4
5
7
5
3
2
2
1
1
0
0
1
-1
-1
-1
-2
-2
-1
0
-1
1
-1
0
-1
0
0
0
-3
-3
-1
-1
-1
-1
0
-2
-3
-2
-1
0
-2
-3
-5
-5
-6
-5
-6
-7
-7
-9
-8
-9
-8
-7
-6
-5
-5
-5
-10
-8
-9
-10
-9
-8
-7
-6
-7
-8
-6
-5
-5
-4
-3
0
0
-1
-1
-1
-2
-3
0
1
2
2
3
2
1
3
2
3
5
3
2
1
1
4
7
8
7
6
4
1
3
3
1
2
1
2
0
-1
0
1
2
3
2
2
2
-2
-4
-3
0
2
2
-3
-3
-4
-5
-4
-4
-2
-2
-3
-1
-2
-3
-1
-2
0
1
-2
-2
-3
-4
-2
0
1
3
3
1
4
5
2
2
3
2
3
4
6
6
6
7
7
5
4
3
3
4
4
6
6
6
7
8
6
6
3
3
4
6
7
8
7
8
6
3
5
5
4
3
5
6
4
5
4
1
3
1
-1
0
0
-2
-3
-3
-2
-4
-6
-5
-7
-6
-5
-6
-5
-5
-6
-5
-7
-6
-5
-7
-7
-6
-6
-7
-8
-10
-11
-6
-7
-7
-7
-7
-7
-6
-6
-6
-6
-6
-5
-2
-1
-2
-2
-2
-1
0
1
-1
-2
-1
1
3
0
0
0
-1
2
1
1
1
0
-2
2
1
0
0
0
-2
0
-1
0
1
2
1
-1
-2
0
1
2
2
2
1
0
0
0
-1
0
4
3
3
4
4
2
0
0
2
3
4
2
5
6
4
3
1
1
-1
-3
-3
-4
-4
-1
4
4
2
2
1
-1
-5
-4
-3
-4
-3
-1
-1
-2
-2
-3
0
1
0
-1
-2
0
0
2
4
7
5
2
0
-1
0
-1
2
5
6
8
8
8
6
4
6
8
8
8
7
4
1
3
4
4
3
5
5
1
3
0
-2
-3
-2
0
0
-1
0
0
-1
-1
-1
-5
-6
-6
-8
-7
-5
-5
-5
-3
-1
-1
-1
-3
-2
1
1
1
1
-2
-3
-1
-2
0
3
3
2
1
2
4
6
3
1
2
0
-1
1
0
0
-1
2
2
-2
-1
0
0
0
3
1
-1
-2
-1
0
0
0
-1
-3
-4
-4
-4
-6
-6
-5
-3
-2
0
-2
-6
-5
-5
-6
-6
-6
-6
-2
-3
-3
-3
-3
-5
-5
-5
-4
-3
-3
-3
-3
-1
-3
-3
-5
-7
-7
-8
-5
-4
-6
-4
-3
-4
-2
-3
-6
-3
-2
-2
3
1
4
2
1
1
2
1
1
1
0
2
5
5
5
6
6
3
4
4
2
2
6
9
9
8
6
5
5
7
7
9
9
9
10
9
9
9
6
7
5
4
6
3
4
6
6
6
6
2
1
2
1
0
1
2
0
0
1
1
3
1
1
2
0
1
0
2
2
0
-1
1
1
1
-1
0
2
1
3
3
1
4
2
3
3
-1
0
2
0
-1
-2
-2
-3
-3
-1
0
-2
-2
-4
-4
-3
-5
-4
-6
-4
-1
-3
-5
-6
-8
-9
-7
-6
-5
-5
-5
-4
-5
-6
-6
-7
-6
-6
-3
-3
-3
-3
-4
-4
-5
-6
-5
-5
-5
-6
-4
-4
-1
0
1
0
0
-1
-4
-6
-5
-3
1
-1
-3
-2
-2
-3
-3
-2
-4
-2
0
-2
1
3
1
0
-2
-2
-2
-4
-2
0
-2
-1
-2
-3
-1
0
1
1
1
3
2
5
6
6
5
4
3
5
6
7
7
8
6
6
8
8
8
8
10
8
8
8
5
5
3
3
1
4
4
3
4
3
3
3
1
0
1
0
2
2
3
1
-2
-3
-1
0
0
-1
0
1
-1
0
0
1
2
3
3
2
3
3
1
-2
-2
0
0
0
0
1
3
4
5
3
1
2
4
3
0
0
-2
-3
-2
-3
-3
-4
-5
-4
-6
-5
-3
-5
-4
-5
-4
-1
-1
-2
-1
0
-2
-2
-3
-4
-5
-2
-3
1
3
2
3
0
1
0
1
0
-1
0
2
3
2
1
-1
-4
-4
-5
-3
-3
-2
1
1
2
0
-3
-5
-4
-4
-3
-4
-6
-5
-7
-7
-4
-5
-5
-3
-4
-3
-3
-4
-7
-6
-5
-2
-1
-4
-5
-6
-8
-8
-4
-1
1
2
2
1
4
5
5
6
3
3
1
1
1
1
2
4
6
4
2
1
4
4
4
5
3
3
2
0
-2
1
0
-1
-1
-3
-3
-3
-1
0
2
1
-2
-2
-2
-1
0
2
1
1
1
1
1
4
6
6
9
6
5
7
6
5
8
7
9
11
11
9
7
8
7
5
6
7
8
11
7
7
6
6
5
4
5
3
3
4
4
5
5
4
3
3
4
3
3
2
-1
-2
-3
-1
2
2
-1
2
1
-1
-1
-3
-2
-3
-4
-3
-4
-4
-6
-9
-10
-9
-5
-5
-7
-7
-8
-8
-8
-9
-9
-9
-9
-10
-8
-10
-12
-11
-12
-12
-11
-11
-12
-13
-11
-10
-11
-9
-9
-9
-8
-7
-7
-9
-11
-9
-5
-6
-3
-4
-5
-4
-4
-3
0
0
0
1
6
7
6
5
6
7
7
4
4
5
4
4
6
8
6
4
2
1
1
4
5
3
6
7
3
3
4
1
1
4
3
2
2
3
3
5
7
7
6
4
5
6
8
8
9
8
7
6
5
5
7
8
7
7
4
4
6
8
7
8
10
9
9
9
7
7
5
4
2
0
1
0
1
3
5
5
5
4
2
3
2
1
0
1
1
-3
-5
-5
-7
-5
-4
-3
-3
-4
-4
-2
-1
-2
-3
-5
-2
-4
-5
-6
-8
-10
-10
-9
-8
-7
-6
-7
-6
-6
-5
-6
-7
-8
-9
-9
-8
-8
-5
-6
-7
-7
-6
-7
-7
-6
-7
-7
-5
-2
0
-1
-2
-2
-1
-1
-2
2
0
-2
-2
0
0
1
4
3
1
1
3
3
3
2
1
1
2
2
3
3
1
-1
0
0
2
3
2
3
2
2
0
2
0
-3
-1
0
1
1
1
-3
-4
-5
-2
0
0
1
0
0
-1
-2
1
-1
0
1
2
1
1
0
-3
-2
-2
0
1
2
2
5
6
6
6
7
8
7
5
6
5
3
4
6
5
5
4
4
3
5
6
4
7
4
2
1
1
2
1
0
0
-1
1
2
2
0
1
-2
-1
-1
0
0
-2
-1
1
1
0
-2
-1
1
1
2
2
1
1
0
1
2
4
2
-1
-1
1
1
-1
0
1
2
3
4
3
0
2
0
0
1
1
2
2
2
2
2
0
-1
-1
1
0
1
4
2
4
3
3
0
-1
-2
-2
0
1
2
0
0
-3
-5
-5
-4
-2
-3
-2
-4
-5
-3
-6
-6
-6
-7
-7
-8
-6
-5
-5
-8
-8
-10
-12
-11
-11
-10
-8
-8
-5
-4
-5
-7
-10
-13
-14
-13
-9
-5
-6
-6
-7
-8
-7
-6
-4
-4
-4
-3
-4
-3
-2
-1
0
2
2
0
0
2
6
10
9
10
10
8
6
7
10
11
12
11
10
9
7
10
10
9
8
8
12
11
12
10
11
10
7
9
9
7
8
7
4
6
5
4
6
5
6
5
3
1
3
1
4
2
0
0
1
-1
-2
-2
-3
-4
-3
-3
-3
-2
-2
-2
-5
-6
-6
-3
-5
-4
-2
-2
-2
-1
-1
-1
-3
-3
-4
-3
0
2
3
2
3
-1
-1
-3
-1
1
0
2
3
2
3
2
5
2
2
4
4
4
6
6
4
2
1
0
0
-1
1
0
0
-1
-2
-4
-2
2
2
2
2
-2
-3
-7
-6
-5
-6
-9
-11
-12
-12
-11
-11
-10
-9
-9
-9
-12
-12
-15
-18
-15
-10
-7
-8
-10
-11
-12
-12
-10
-9
-6
-5
-6
-4
-5
-4
-3
-3
-3
-1
2
2
5
6
6
5
2
6
7
6
6
4
5
5
7
8
10
7
8
9
10
11
10
9
4
4
4
7
7
7
7
5
3
4
2
2
2
1
1
-1
0
-3
-2
1
-1
1
3
2
2
3
4
6
6
2
2
3
5
9
9
10
10
8
10
10
9
11
11
10
12
11
11
12
11
9
9
9
8
6
7
5
5
5
4
3
-1
-2
-3
-2
0
0
-1
-1
-2
-1
-4
-5
-6
-7
-8
-7
-7
-5
-8
-10
-12
-13
-11
-13
-12
-12
-13
-11
-11
-12
-12
-11
-9
-8
-8
-8
-9
-9
-10
-12
-9
-8
-8
-4
-4
-5
-6
-4
-4
-6
-6
-3
-2
-3
-3
-2
-3
-3
-1
0
1
0
-1
-1
-3
-1
1
0
1
4
5
6
7
6
6
5
5
4
3
2
-2
-4
-5
-7
-8
-8
-10
-10
-9
-12
-12
-15
-16
-16
-18
-19
-18
-16
-15
-9
-9
-7
-7
-7
-4
-1
0
1
5
7
9
13
14
16
18
21
24
27
30
32
32
34
35
33
33
35
38
37
40
42
40
37
36
32
30
27
24
20
15
12
9
6
5
0
-3
-8
-13
-17
-21
-25
-31
-33
-36
-41
-44
-47
-49
-49
-49
-48
-51
-51
-53
-55
-52
-47
-44
-39
-36
-32
-29
-27
-20
-13
-4
4
11
17
22
29
38
43
50
52
53
56
56
58
59
60
59
59
58
58
57
54
51
48
48
43
40
36
32
27
20
14
8
5
-1
-5
-11
-17
-23
-27
-28
-30
-33
-36
-42
-46
-49
-52
-55
-58
-61
-65
-68
-68
-67
-67
-66
-65
-65
-64
-63
-62
-59
-57
-54
-48
-45
-40
-37
-34
-28
-23
-17
-8
0
7
9
20
29
34
40
44
48
56
62
67
72
73
76
76
75
74
71
64
59
59
57
57
53
47
45
40
31
27
21
15
10
7
2
-2
-6
-11
-14
-15
-15
-14
-13
-18
-21
-24
-27
-30
-34
-37
-39
-43
-44
-46
-51
-56
-61
-65
-68
-73
-74
-76
-78
-77
-71
-66
-63
-60
-56
-50
-42
-34
-27
-16
-6
7
18
31
43
49
60
72
85
96
106
113
119
122
125
127
123
121
121
116
109
103
97
92
88
79
73
66
58
47
38
31
22
12
4
-6
-15
-23
-31
-40
-47
-50
-55
-59
-62
-69
-73
-79
-83
-88
-94
-103
-107
-109
-114
-118
-118
-115
-118
-116
-115
-115
-113
-109
-105
-99
-90
-81
-72
-63
-57
-51
-41
-32
-18
-5
9
25
41
56
71
85
96
107
114
122
130
137
141
145
145
142
138
130
124
116
109
102
93
82
70
59
47
32
21
10
-2
-13
-20
-33
-46
-54
-60
-67
-76
-82
-87
-93
-99
-102
-103
-107
-104
-105
-109
-108
-112
-112
-109
-110
-106
-103
-103
-100
-95
-88
-84
-83
-76
-67
-54
-43
-35
-23
-13
-2
11
25
40
53
67
84
99
116
131
141
153
166
173
181
188
191
196
197
197
190
184
172
160
151
141
133
119
107
92
80
64
49
35
17
1
-15
-26
-42
-53
-62
-70
-78
-86
-96
-107
-113
-121
-129
-131
-134
-136
-137
-139
-138
-140
-144
-139
-138
-137
-133
-133
-134
-129
-127
-121
-116
-108
-100
-92
-79
-64
-52
-39
-29
-21
-11
4
22
39
55
71
86
96
110
121
133
146
155
165
173
181
186
187
184
175
166
157
146
133
123
110
94
83
64
48
33
14
-8
-26
-43
-57
-69
-83
-94
-110
-120
-129
-137
-142
-147
-153
-157
-158
-162
-166
-164
-163
-161
-159
-154
-151
-146
-141
-137
-132
-127
-119
-110
-102
-91
-76
-66
-51
-39
-28
-13
2
14
30
50
64
78
92
107
121
137
152
163
174
185
195
201
214
223
226
228
228
224
217
208
197
182
167
148
134
117
94
76
64
44
22
2
-16
-35
-53
-73
-89
-105
-117
-129
-137
-145
-149
-151
-154
-153
-154
-155
-153
-148
-141
-137
-132
-122
-119
-108
-101
-88
-79
-72
-63
-55
-46
-37
-26
-17
-7
3
12
16
24
32
43
56
69
75
82
88
94
107
112
117
124
127
130
136
141
141
137
132
133
128
125
129
121
113
106
94
82
65
48
34
15
-5
-26
-37
-55
-70
-86
-102
-110
-121
-130
-134
-141
-147
-154
-165
-171
-175
-174
-172
-168
-166
-164
-155
-147
-137
-128
-117
-106
-96
-88
-74
-66
-53
-45
-32
-19
-13
-4
0
3
9
16
18
28
36
44
57
72
79
90
93
98
105
109
113
112
109
107
113
119
123
124
123
126
124
123
130
130
120
114
106
90
77
57
40
27
11
-4
-17
-35
-52
-67
-85
-98
-108
-113
-119
-119
-125
-125
-125
-124
-117
-109
-104
-99
-94
-90
-86
-77
-62
-47
-37
-25
-17
-5
5
12
26
38
46
52
60
59
58
64
66
74
81
83
86
85
85
86
90
97
96
89
85
76
71
68
63
60
58
57
54
47
45
43
41
32
30
29
26
20
12
7
1
-9
-16
-23
-35
-38
-42
-49
-49
-57
-69
-75
-81
-84
-88
-89
-88
-88
-82
-77
-70
-67
-64
-58
-54
-52
-49
-42
-38
-26
-18
-13
-5
-4
0
6
3
9
20
23
28
30
32
32
27
22
22
18
9
7
7
7
7
1
0
-2
-9
-16
-27
-34
-36
-37
-38
-43
-48
-50
-49
-45
-42
-43
-46
-49
-46
-42
-37
-26
-16
-11
-9
-10
-14
-20
-22
-20
-15
-14
-12
-9
-6
-1
3
11
15
13
11
12
14
19
24
30
35
39
42
51
54
58
60
59
68
70
70
73
77
83
89
91
90
92
91
85
74
66
61
57
59
46
41
32
16
8
-7
-13
-11
-18
-26
-33
-43
-56
-61
-62
-69
-73
-73
-78
-86
-88
-84
-77
-71
-64
-58
-58
-52
-42
-30
-18
-7
5
12
17
23
26
26
32
39
46
52
58
60
58
59
62
62
59
63
66
64
63
64
64
61
57
60
62
59
50
48
43
47
53
48
50
40
29
17
15
11
0
-12
-22
-33
-47
-52
-54
-65
-73
-84
-104
-113
-127
-138
-145
-151
-155
-157
-163
-158
-162
-167
-168
-167
-164
-159
-157
-150
-131
-117
-99
-82
-68
-53
-45
-40
-29
-15
0
16
28
43
54
55
59
68
78
83
85
85
86
95
106
115
119
124
126
128
135
139
136
130
127
127
136
143
147
145
143
138
121
116
120
109
95
84
72
67
59
54
52
43
29
5
-11
-24
-38
-49
-56
-71
-80
-99
-117
-133
-146
-150
-156
-166
-182
-181
-175
-168
-164
-161
-153
-151
-144
-138
-132
-130
-121
-107
-83
-60
-42
-22
-8
9
18
52
87
109
125
133
120
96
70
40
27
34
62
113
158
200
235
241
223
188
151
106
78
79
88
106
141
191
226
249
259
253
217
161
94
27
-22
-51
-56
-52
-33
-8
1
-6
-29
-64
-113
-170
-215
-262
-300
-307
-295
-267
-246
-222
-205
-213
-232
-253
-280
-302
-315
-317
-301
-266
-214
-175
-132
-92
-69
-59
-61
-68
-73
-74
-65
-41
0
47
89
127
154
170
170
154
156
157
163
177
193
199
201
223
236
244
250
241
219
192
182
169
167
168
163
157
153
139
121
105
89
75
78
74
79
77
60
44
29
8
-20
-41
-59
-81
-101
-99
-109
-125
-139
-165
-197
-227
-252
-268
-265
-264
-252
-234
-220
-201
-189
-181
-175
-178
-171
-155
-121
-82
-36
3
34
40
38
41
30
32
43
65
91
123
155
188
210
222
225
216
202
174
141
135
123
140
171
193
214
236
238
215
195
148
96
67
48
56
99
151
195
237
254
231
196
130
45
-40
-102
-149
-166
-166
-144
-112
-97
-94
-104
-153
-238
-318
-387
-439
-451
-437
-421
-388
-336
-270
-233
-214
-196
-207
-248
-277
-288
-303
-283
-237
-163
-56
50
125
172
198
201
175
122
64
47
40
86
187
279
374
450
464
419
333
209
78
-37
-112
-146
-121
-46
51
151
221
250
232
178
107
34
-30
-73
-74
-52
3
79
152
210
254
236
158
73
-50
-186
-289
-328
-325
-286
-208
-131
-84
-66
-104
-187
-265
-362
-445
-502
-495
-438
-357
-223
-74
48
134
184
176
121
40
-5
0
44
129
278
428
549
626
640
579
478
386
303
228
187
191
213
250
287
304
259
159
36
-83
-230
-365
-408
-403
-388
-301
-192
-108
-37
25
52
47
28
-14
-54
-45
23
72
123
181
223
198
150
77
-53
-192
-296
-364
-407
-401
-363
-328
-326
-324
-323
-356
-426
-458
-474
-491
-472
-391
-264
-144
-4
159
265
317
395
484
513
497
544
581
582
639
691
687
676
692
696
646
574
504
402
266
115
-50
-221
-387
-510
-573
-615
-669
-664
-636
-648
-628
-594
-584
-562
-476
-378
-296
-183
-74
-7
87
204
286
324
344
333
228
110
-20
-153
-256
-326
-358
-374
-412
-450
-490
-556
-615
-658
-726
-769
-785
-727
-592
-460
-294
-87
121
288
458
578
683
847
1054
1146
1212
1372
1476
1474
1470
1413
1235
1062
995
903
786
717
686
567
402
224
-70
-443
-764
-1006
-1220
-1386
-1411
-1320
-1190
-1014
-782
-591
-459
-352
-275
-272
-307
-285
-196
-46
241
457
549
673
717
556
272
-81
-471
-825
-1017
-1024
-1012
-936
-744
-623
-615
-683
-793
-982
-1136
-1194
-1160
-1016
-753
-332
147
604
978
1322
1696
1952
2040
2034
2120
2278
2339
2265
2063
1884
1814
1791
1661
1494
1275
973
736
454
-58
-622
-1181
-1691
-2050
-2300
-2446
-2423
-2204
-1877
-1462
-1105
-985
-842
-639
-595
-589
-405
-247
-209
114
534
651
677
735
639
301
-131
-626
-1243
-1680
-1909
-2068
-1980
-1770
-1513
-1262
-1143
-1228
-1412
-1577
-1725
-1819
-1694
-1354
-821
-56
772
1473
2061
2785
3446
3786
3837
3765
3725
3552
3380
3252
2959
2676
2568
2658
2721
2525
2185
1807
1218
364
-500
-1292
-2203
-2932
-3044
-2991
-2999
-2605
-1972
-1550
-1170
-763
-626
-730
-712
-563
-463
-331
-19
433
897
1184
1194
1046
653
-95
-985
-1769
-2645
-3261
-3404
-3402
-3269
-2980
-2671
-2473
-2342
-2447
-2668
-2920
-3087
-2990
-2617
-1930
-1077
-112
961
1985
2906
3842
4608
4888
4843
4776
4667
4317
3900
3639
3319
3068
3151
3301
3199
2984
2676
2009
1058
-84
-1196
-2202
-3122
-3524
-3441
-3256
-2901
-2212
-1520
-992
-525
-154
-40
-92
-61
34
84
213
427
803
1215
1214
1030
663
-18
-764
-1613
-2489
-3312
-3865
-4014
-3848
-3571
-3198
-2825
-2533
-2491
-2641
-2853
-3065
-3163
-2994
-2285
-1367
-441
748
1888
2738
3769
4682
5072
4923
4849
4782
4310
3803
3481
3222
2931
2850
3090
3195
3077
2862
2513
1687
397
-767
-1849
-2954
-3662
-3665
-3360
-2934
-2146
-1208
-578
-136
319
501
359
245
274
246
306
630
942
1260
1469
1303
858
202
-661
-1741
-2769
-3598
-4206
-4409
-4191
-3802
-3391
-2987
-2711
-2643
-2808
-3116
-3418
-3612
-3590
-3157
-2224
-1114
93
1376
2446
3274
4013
4609
4618
4214
4010
3933
3696
3471
3314
3161
3058
3101
3366
3369
2986
2606
2077
1200
94
-855
-1789
-2612
-2985
-2809
-2571
-2211
-1538
-760
-96
416
777
873
819
830
940
923
946
1132
1243
1411
1547
1243
722
162
-666
-1726
-2690
-3421
-4020
-4176
-3846
-3454
-3048
-2637
-2411
-2468
-2782
-3302
-3736
-3975
-3974
-3539
-2733
-1633
-387
878
1977
2616
3072
3557
3724
3513
3343
3347
3314
3266
3281
3205
3006
2862
2865
2926
2735
2270
1805
1193
372
-451
-1170
-1795
-2256
-2378
-2215
-1937
-1657
-1168
-526
75
512
916
1211
1286
1367
1441
1436
1380
1369
1363
1430
1270
877
379
-217
-1004
-1880
-2650
-3314
-3753
-3817
-3520
-3222
-2931
-2576
-2417
-2523
-2726
-3080
-3465
-3588
-3395
-2863
-1969
-925
119
1164
2056
2579
3105
3652
3698
3390
3379
3481
3210
3016
2990
2815
2522
2561
2653
2570
2268
1917
1534
855
-14
-804
-1560
-2329
-2730
-2538
-2140
-1801
-1205
-464
127
545
881
981
971
937
968
1110
1143
1122
1163
1239
1202
929
496
-60
-879
-1867
-2538
-3099
-3628
-3711
-3326
-2862
-2554
-2231
-1970
-2006
-2385
-2748
-3017
-3210
-3190
-2732
-1838
-868
75
1118
1912
2257
2482
2903
3122
2877
2739
2974
3121
3079
3173
3187
2865
2541
2472
2384
2137
1798
1428
996
354
-268
-835
-1408
-2027
-2287
-2128
-1966
-1772
-1258
-594
-78
423
798
932
921
960
869
838
874
695
664
801
810
610
247
-348
-1194
-1948
-2588
-3070
-3351
-3287
-2937
-2493
-2015
-1739
-1754
-1894
-2249
-2741
-3023
-3062
-2905
-2382
-1403
-311
537
1309
1950
2096
2171
2470
2588
2491
2444
2793
3201
3315
3322
3220
3030
2727
2610
2604
2448
1949
1504
1272
697
-74
-630
-1178
-1805
-2028
-1838
-1688
-1547
-1077
-471
94
537
777
850
808
741
602
570
418
169
223
543
606
126
-439
-999
-1758
-2555
-3025
-3358
-3675
-3553
-2946
-2248
-1823
-1672
-1665
-1922
-2417
-2939
-3195
-3256
-3058
-2281
-1014
161
1022
1803
2298
2226
2089
2287
2415
2245
2196
2662
3233
3449
3582
3667
3442
3035
2820
2801
2585
2086
1745
1536
1042
429
-122
-735
-1441
-1801
-1676
-1543
-1389
-1011
-529
-29
431
660
612
524
336
199
214
106
-75
-124
-106
-109
-307
-782
-1477
-2294
-2907
-3356
-3649
-3658
-3324
-2873
-2336
-1762
-1614
-1835
-2236
-2742
-3260
-3529
-3394
-2879
-2064
-974
217
1124
1684
1935
1776
1549
1598
1817
1997
2194
2748
3514
4089
4349
4264
3888
3291
2776
2550
2483
2262
1939
1812
1620
1169
584
-62
-798
-1423
-1689
-1645
-1404
-999
-560
-3
578
858
785
706
567
286
136
153
182
-2
-123
-180
-343
-617
-934
-1406
-2067
-2583
-2822
-2913
-2916
-2820
-2719
-2587
-2482
-2380
-2441
-2707
-3092
-3284
-3103
-2815
-2344
-1623
-909
-305
320
879
1076
1008
996
1327
1932
2548
2991
3411
3912
4258
4241
4042
3697
3063
2530
2402
2562
2586
2428
2071
1620
1044
280
-466
-1258
-1846
-2014
-1730
-1232
-649
-157
188
450
572
560
380
59
-157
-115
98
341
480
404
199
106
-176
-697
-1309
-1917
-2399
-2573
-2552
-2667
-2806
-2847
-2927
-3047
-3211
-3425
-3807
-4081
-3980
-3598
-3051
-2438
-1794
-1138
-562
-68
307
454
447
640
1337
2343
3156
3616
4082
4422
4478
4216
3681
3132
2650
2467
2607
3000
3245
2965
2344
1580
730
-135
-1038
-1817
-2156
-1964
-1428
-683
149
593
635
563
372
71
-223
-445
-419
-4
540
908
1121
1110
798
310
-177
-693
-1215
-1651
-1893
-1981
-1958
-1953
-2226
-2676
-3147
-3580
-3893
-3943
-3849
-3546
-3107
-2603
-2165
-1792
-1421
-1222
-1121
-948
-466
169
794
1468
2342
3293
3984
4305
4346
4316
4133
3936
3789
3625
3459
3277
3282
3354
3232
2881
2175
1092
-34
-851
-1347
-1666
-1764
-1444
-961
-566
-289
-177
-327
-862
-1309
-1328
-1141
-855
-514
-63
380
704
790
661
409
102
-214
-539
-822
-1125
-1354
-1568
-1867
-2196
-2523
-3034
-3609
-3857
-3826
-3757
-3603
-3360
-3108
-2844
-2600
-2244
-1880
-1583
-1223
-739
-192
311
838
1384
2024
2804
3548
4013
4221
4294
4369
4297
3958
3700
3460
3185
3052
3047
3006
2710
2040
1119
264
-376
-871
-1325
-1623
-1612
-1416
-1133
-854
-782
-908
-1123
-1316
-1365
-1252
-968
-623
-224
220
614
857
824
644
421
185
-58
-248
-413
-662
-1013
-1490
-2012
-2465
-2942
-3452
-3774
-3875
-3694
-3245
-2736
-2312
-2079
-2059
-2224
-2257
-2008
-1636
-1243
-700
44
820
1596
2315
3011
3710
4107
4158
4156
4191
4074
3845
3567
3300
3146
3153
3182
3172
3126
2733
1925
959
79
-657
-1122
-1489
-1634
-1468
-1183
-1010
-1065
-1159
-1374
-1682
-1933
-1977
-1654
-1085
-479
71
473
820
999
967
892
709
278
-233
-676
-997
-1253
-1517
-1825
-2112
-2335
-2564
-2792
-2953
-3094
-3224
-3290
-3164
-2908
-2638
-2336
-1987
-1593
-1188
-737
-142
357
847
1376
2039
2826
3497
3940
4110
4134
4066
3977
3824
3615
3397
3258
3196
3226
3217
2985
2419
1409
387
-364
-965
-1379
-1598
-1678
-1669
-1589
-1605
-1780
-2064
-2432
-2703
-2759
-2460
-1819
-1080
-441
-37
282
517
400
169
120
66
-93
-216
-304
-476
-689
-970
-1368
-1803
-2269
-2689
-2879
-2848
-2672
-2435
-2220
-2169
-2185
-2067
-1900
-1662
-1365
-965
-400
138
579
1079
1486
1924
2470
2956
3325
3511
3624
3754
3835
3791
3641
3519
3390
3138
3028
3030
2842
2397
1659
846
121
-411
-834
-1162
-1387
-1586
-1700
-1784
-1864
-2009
-2133
-2225
-2268
-2121
-1788
-1389
-940
-444
-96
112
269
324
238
165
115
3
-314
-566
-761
-889
-1058
-1348
-1616
-1929
-2095
-2118
-2040
-1874
-1768
-1767
-1793
-1672
-1375
-1054
-839
-638
-427
-230
67
414
857
1355
1870
2283
2569
2703
2808
2927
2942
2952
2918
2894
2840
2793
2797
2802
2589
2135
1616
1048
526
73
-273
-548
-732
-896
-1006
-1036
-1153
-1380
-1596
-1739
-1749
-1667
-1530
-1201
-800
-613
-559
-524
-514
-594
-652
-543
-382
-292
-351
-445
-656
-917
-1069
-1311
-1629
-1896
-2026
-1934
-1653
-1303
-1048
-829
-785
-852
-843
-893
-899
-701
-444
-209
112
497
833
1044
1187
1234
1283
1406
1541
1646
1802
1992
2024
2023
2005
1970
1924
1972
1921
1786
1645
1399
1157
843
504
245
98
-26
-74
-92
-120
-183
-296
-509
-709
-852
-881
-874
-858
-739
-600
-508
-497
-531
-577
-686
-912
-994
-1030
-1066
-1025
-953
-877
-910
-1071
-1206
-1265
-1368
-1325
-1160
-962
-811
-681
-537
-502
-440
-404
-484
-526
-403
-239
7
344
625
733
725
725
690
611
623
759
918
1101
1363
1617
1671
1564
1407
1190
936
747
690
760
798
828
896
958
912
741
621
487
291
97
-34
-25
2
29
93
130
109
-1
-117
-197
-299
-415
-503
-554
-490
-363
-316
-294
-293
-441
-633
-819
-983
-1107
-1243
-1275
-1290
-1200
-1102
-1108
-1162
-1226
-1318
-1322
-1255
-1135
-895
-676
-517
-304
-115
-33
-20
-40
-46
38
245
508
797
1025
1189
1265
1221
1067
929
777
604
546
578
673
686
615
590
536
412
343
311
299
310
358
436
522
504
487
445
354
378
412
466
545
592
627
704
721
726
723
688
642
478
230
14
-263
-515
-700
-884
-1082
-1276
-1392
-1518
-1629
-1715
-1783
-1788
-1718
-1611
-1431
-1232
-1096
-960
-753
-522
-321
-193
-96
53
174
418
714
948
1203
1358
1386
1287
1180
1016
808
687
603
536
500
418
268
95
-91
-264
-395
-547
-643
-664
-569
-400
-292
-149
2
31
85
179
306
465
587
713
812
950
1080
1155
1202
1210
1084
903
691
400
140
-145
-480
-770
-1045
-1280
-1455
-1612
-1723
-1824
-1854
-1823
-1768
-1641
-1499
-1340
-1161
-895
-587
-292
4
256
469
663
900
1165
1423
1551
1624
1698
1651
1473
1318
1190
974
784
612
465
300
69
-120
-331
-546
-747
-898
-1011
-1013
-942
-848
-721
-536
-303
-95
101
207
336
516
650
821
1002
1092
1190
1284
1346
1281
1106
923
686
419
136
-127
-446
-799
-1054
-1314
-1599
-1799
-1880
-1891
-1938
-1965
-1927
-1840
-1711
-1499
-1236
-1001
-709
-466
-191
211
534
816
1139
1401
1573
1718
1838
1923
1919
1890
1817
1637
1459
1240
966
705
467
268
135
-57
-327
-497
-687
-831
-910
-886
-754
-714
-611
-438
-351
-196
-47
107
283
471
676
789
905
1020
1089
1110
1038
900
757
528
246
-40
-286
-499
-793
-1091
-1331
-1553
-1780
-1988
-2081
-2133
-2177
-2173
-2122
-2033
-1858
-1650
-1490
-1249
-927
-576
-252
80
412
710
966
1232
1486
1700
1886
1960
1943
1832
1730
1527
1308
1129
927
702
501
348
155
-47
-249
-368
-436
-470
-501
-519
-424
-337
-264
-96
84
210
343
471
577
650
766
896
989
1154
1348
1417
1372
1227
989
703
380
68
-188
-400
-595
-796
-970
-1168
-1419
-1636
-1834
-1926
-1946
-2000
-2040
-2073
-1992
-1811
-1597
-1352
-1104
-859
-654
-392
-78
252
525
751
977
1180
1320
1398
1337
1228
1177
1006
843
749
587
471
412
331
255
178
22
-158
-225
-280
-264
-260
-223
-94
5
108
232
349
446
515
643
899
1086
1230
1382
1453
1456
1414
1334
1185
985
781
630
412
154
-16
-207
-393
-597
-877
-1086
-1339
-1607
-1713
-1762
-1801
-1823
-1881
-1863
-1778
-1616
-1368
-1219
-1028
-789
-635
-489
-295
-93
80
235
401
537
656
661
620
592
534
495
417
361
284
222
210
148
60
-36
-132
-243
-314
-315
-255
-226
-197
-47
102
255
377
494
627
790
949
1153
1343
1465
1541
1561
1578
1506
1413
1302
1154
1017
875
680
577
462
241
45
-201
-522
-815
-1088
-1254
-1359
-1482
-1549
-1576
-1591
-1529
-1448
-1383
-1277
-1152
-1041
-930
-774
-592
-429
-284
-165
-23
89
74
105
108
72
28
24
30
52
84
69
49
5
-68
-203
-295
-419
-499
-442
-418
-350
-279
-195
-57
76
232
376
512
642
784
957
1157
1338
1440
1514
1545
1526
1494
1478
1491
1465
1439
1332
1246
1083
805
574
335
139
-108
-339
-552
-709
-823
-863
-850
-900
-931
-958
-943
-875
-829
-817
-785
-796
-783
-668
-517
-408
-402
-373
-315
-277
-318
-363
-342
-298
-273
-231
-208
-249
-295
-415
-473
-504
-607
-691
-770
-705
-617
-542
-464
-368
-312
-267
-173
-51
64
137
278
405
589
759
834
915
971
1007
1024
1103
1211
1311
1352
1396
1340
1213
1012
836
663
456
278
40
-115
-280
-347
-367
-362
-348
-397
-482
-608
-709
-726
-696
-684
-637
-652
-614
-549
-524
-530
-515
-469
-464
-420
-382
-404
-346
-250
-198
-107
-23
-17
-82
-175
-271
-302
-380
-423
-393
-324
-243
-193
-190
-193
-233
-204
-118
-24
66
128
206
319
438
543
693
784
798
847
981
1082
1065
1088
1069
962
937
879
694
532
447
340
238
118
17
-27
-115
-141
-146
-210
-352
-463
-516
-577
-577
-591
-578
-547
-511
-406
-289
-198
-262
-286
-283
-266
-224
-206
-145
-80
29
46
75
95
72
66
30
10
-10
-51
-126
-99
-72
-55
-90
-194
-194
-205
-182
-96
-68
-49
24
137
189
269
347
349
339
365
430
464
549
536
538
554
498
382
296
199
57
-17
-59
-82
-165
-238
-263
-290
-314
-314
-358
-410
-465
-516
-529
-551
-511
-513
-532
-503
-494
-476
-502
-542
-459
-370
-257
-154
-15
113
171
228
312
315
313
271
209
138
50
1
15
92
121
108
91
46
-6
6
38
118
199
274
309
301
282
228
182
177
204
274
324
370
429
428
369
358
323
273
207
116
29
-16
-64
-120
-203
-241
-267
-328
-421
-459
-491
-521
-548
-564
-511
-519
-491
-510
-567
-569
-537
-480
-395
-339
-304
-271
-198
-46
126
242
377
421
401
393
376
338
293
305
269
294
342
356
310
299
359
317
297
329
331
340
393
434
430
453
467
494
482
462
432
368
358
343
363
444
427
366
320
259
196
70
9
-66
-151
-186
-236
-314
-331
-375
-429
-398
-418
-457
-476
-551
-600
-621
-661
-684
-682
-703
-724
-723
-680
-646
-574
-432
-262
-57
126
219
209
159
74
74
117
140
191
220
247
252
285
285
300
311
270
242
209
231
243
246
233
247
241
163
113
68
25
0
25
3
9
41
45
68
49
51
-13
-104
-116
-102
-128
-147
-187
-258
-272
-215
-212
-219
-239
-263
-312
-324
-329
-412
-458
-515
-578
-578
-565
-539
-536
-534
-471
-386
-329
-268
-143
-11
130
246
318
309
328
328
372
448
531
609
611
620
563
543
564
520
492
478
479
447
456
479
455
418
344
320
202
146
437
669
463
-256
-927
-898
-386
96
248
55
-301
-340
-14
421
586
327
-414
-1141
-1134
-288
572
564
-105
-761
-805
-346
59
116
-246
-660
-884
-809
-604
-573
-597
-690
-618
-239
158
430
485
346
254
333
449
465
449
598
905
1150
1233
1181
1087
948
792
804
864
862
807
767
763
705
687
593
377
221
192
161
154
116
-83
-342
-578
-773
-887
-795
-730
-726
-759
-851
-927
-1045
-1170
-1239
-1288
-1259
-1076
-913
-779
-728
-836
-972
-1136
-1142
-1034
-872
-761
-716
-687
-697
-722
-793
-724
-672
-545
-264
23
290
371
462
571
611
692
770
840
969
1201
1452
1625
1705
1650
1532
1469
1454
1439
1338
1197
973
736
621
568
452
285
136
60
42
-9
-70
-206
-482
-771
-950
-1036
-1043
-983
-953
-973
-989
-1037
-1096
-1150
-1234
-1312
-1241
-1141
-1085
-977
-923
-934
-876
-800
-804
-817
-779
-641
-445
-271
-46
327
723
892
1009
1200
1304
1284
1378
1491
1494
1568
1820
2072
2147
2116
2119
1992
1732
1530
1252
931
624
585
588
510
346
266
54
-202
-210
-309
-410
-420
-413
-356
-284
-280
-274
-318
-337
-363
-581
-758
-821
-715
-591
-629
-757
-897
-1110
-1197
-1153
-1182
-1169
-1135
-1178
-1233
-1282
-1414
-1468
-1516
-1599
-1594
-1461
-1336
-1124
-813
-617
-504
-401
-209
111
582
975
1216
1514
1752
1869
2006
1969
1712
1674
1916
2147
2384
2529
2430
2042
1569
1162
655
100
-283
-275
-258
-352
-398
-576
-1039
-1356
-1348
-1467
-1585
-1389
-1112
-914
-620
-452
-550
-620
-551
-363
-237
-257
-219
-205
-256
-207
-113
-196
-346
-494
-621
-712
-803
-821
-955
-1136
-1363
-1489
-1617
-1740
-1727
-1622
-1481
-1263
-951
-805
-548
-21
476
741
1071
1493
1763
1908
2165
2376
2423
2578
2871
3065
3118
3192
3270
3055
2563
2039
1530
977
607
517
383
97
-120
-368
-742
-1024
-1263
-1546
-1791
-1756
-1553
-1372
-1224
-1148
-1157
-1201
-1229
-1206
-1133
-1055
-823
-538
-351
-291
-231
-212
-287
-389
-605
-844
-969
-902
-854
-844
-865
-1014
-1142
-1320
-1507
-1557
-1535
-1554
-1394
-1102
-855
-470
65
576
820
1114
1430
1579
1770
2086
2306
2432
2664
3010
3368
3544
3535
3440
3221
2864
2434
1972
1260
699
476
330
120
-73
-235
-588
-979
-1291
-1597
-1952
-2232
-2332
-2241
-2042
-1877
-1693
-1642
-1627
-1465
-1346
-1425
-1448
-1274
-1104
-996
-891
-732
-568
-548
-582
-628
-773
-916
-1019
-1090
-1160
-1104
-1026
-979
-1046
-1116
-1116
-1246
-1379
-1332
-1302
-1168
-676
35
681
1077
1506
1874
2104
2294
2417
2409
2303
2416
2748
3163
3500
3665
3742
3511
3097
2630
2009
1307
784
541
308
61
66
2
-322
-555
-780
-1204
-1647
-1954
-2236
-2452
-2452
-2262
-2111
-1877
-1535
-1291
-1242
-1234
-1199
-1260
-1403
-1452
-1301
-1135
-892
-677
-505
-426
-439
-540
-684
-914
-1147
-1193
-1150
-1166
-1205
-1160
-1155
-1113
-929
-727
-704
-654
-383
-64
252
664
1144
1556
1891
2189
2406
2467
2494
2660
2920
3087
3094
3180
3283
3219
3085
2894
2491
1867
1346
979
586
270
133
-47
-330
-486
-457
-595
-834
-995
-1239
-1541
-1743
-1765
-1690
-1620
-1515
-1321
-1182
-985
-787
-714
-809
-966
-990
-1016
-1005
-885
-828
-935
-952
-809
-796
-908
-1002
-1062
-1225
-1450
-1559
-1547
-1551
-1552
-1355
-1151
-1033
-904
-659
-488
-187
257
547
785
1109
1324
1576
1870
2042
2137
2375
2582
2712
2876
2983
2969
2806
2540
2336
2106
1737
1399
1107
769
461
276
77
-222
-414
-531
-688
-852
-1002
-1254
-1557
-1761
-1851
-1858
-1800
-1655
-1589
-1568
-1469
-1351
-1247
-1142
-1092
-1122
-1112
-1096
-1106
-1113
-1136
-1152
-1218
-1232
-1109
-967
-910
-1040
-1151
-1195
-1283
-1342
-1325
-1285
-1216
-1001
-725
-545
-296
124
463
753
1046
1389
1683
1930
2255
2492
2615
2696
2832
2966
2992
3120
3333
3367
3217
3032
2694
2199
1808
1545
1199
746
468
244
-101
-388
-473
-638
-919
-1082
-1240
-1430
-1637
-1743
-1797
-1822
-1792
-1723
-1698
-1675
-1510
-1377
-1260
-1120
-1081
-1140
-1156
-1091
-1062
-1071
-1020
-1000
-1006
-987
-998
-986
-994
-1026
-1027
-1069
-1146
-1120
-1038
-932
-911
-849
-713
-625
-373
51
491
811
1166
1520
1804
2024
2245
2434
2560
2664
2757
2865
2941
2986
3080
3108
2985
2784
2559
2247
1868
1550
1117
716
366
24
-241
-461
-647
-872
-1154
-1310
-1357
-1432
-1502
-1649
-1790
-1951
-2068
-2041
-1940
-1803
-1649
-1571
-1566
-1522
-1449
-1393
-1376
-1328
-1253
-1202
-1172
-1160
-1152
-1198
-1238
-1225
-1130
-1110
-1109
-1112
-1117
-1106
-1079
-1020
-920
-784
-640
-464
-245
-17
288
640
939
1205
1519
1856
2155
2434
2615
2803
2891
2944
3048
3054
2985
2963
2893
2717
2543
2356
2066
1745
1395
1024
565
69
-269
-582
-906
-1121
-1244
-1412
-1476
-1437
-1508
-1634
-1705
-1740
-1832
-1881
-1904
-2008
-2076
-2044
-1968
-1863
-1737
-1564
-1362
-1218
-1064
-956
-894
-829
-818
-805
-785
-777
-795
-825
-783
-689
-591
-503
-368
-213
-82
74
211
365
489
577
700
901
1204
1501
1800
2089
2350
2553
2791
2981
3099
3142
3004
2882
2835
2675
2523
2402
2156
1920
1698
1450
1148
792
487
119
-309
-604
-878
-1187
-1402
-1509
-1612
-1721
-1802
-1826
-1926
-2004
-2041
-2118
-2259
-2303
-2278
-2280
-2221
-2164
-2075
-1942
-1782
-1625
-1467
-1326
-1173
-1037
-944
-838
-806
-769
-764
-702
-659
-584
-435
-266
-95
82
178
281
406
513
693
884
991
1086
1238
1304
1381
1590
1773
1897
2073
2230
2362
2431
2506
2508
2417
2304
2189
2070
1884
1743
1637
1426
1165
934
739
516
258
-28
-324
-618
-896
-1051
-1229
-1360
-1487
-1638
-1771
-1877
-2002
-2148
-2235
-2239
-2182
-2143
-2079
-2008
-1950
-1860
-1753
-1666
-1583
-1526
-1443
-1359
-1203
-1015
-869
-706
-506
-367
-271
-170
-54
55
175
354
503
640
774
888
950
994
1111
1255
1308
1310
1382
1463
1490
1565
1603
1588
1605
1609
1676
1703
1742
1716
1602
1529
1397
1235
1116
1009
1012
995
923
859
654
500
334
92
-145
-385
-679
-890
-1028
-1149
-1222
-1268
-1345
-1412
-1497
-1671
-1793
-1892
-1953
-1946
-1925
-1793
-1751
-1692
-1582
-1455
-1310
-1215
-1072
-915
-807
-662
-424
-211
18
222
377
522
668
800
920
1068
1194
1274
1292
1352
1378
1368
1356
1266
1186
1134
1038
923
779
678
588
530
483
447
400
362
401
429
444
440
388
409
459
473
513
535
476
405
369
347
257
127
-43
-172
-339
-466
-551
-665
-794
-982
-1159
-1257
-1346
-1521
-1576
-1620
-1720
-1756
-1746
-1647
-1565
-1508
-1424
-1331
-1214
-1081
-954
-817
-645
-486
-329
-68
146
353
535
658
814
975
1142
1301
1364
1422
1431
1358
1282
1218
1146
1034
925
776
616
505
417
278
173
59
-58
-124
-118
-165
-196
-169
-150
-140
-38
102
193
355
492
545
606
642
651
669
711
662
565
469
389
324
247
113
-17
-252
-482
-682
-904
-1098
-1268
-1392
-1464
-1517
-1562
-1553
-1512
-1487
-1450
-1349
-1251
-1174
-1020
-793
-540
-288
-65
118
346
535
725
902
1036
1164
1307
1355
1392
1434
1394
1333
1230
1134
1025
854
736
636
424
268
116
-57
-169
-224
-298
-371
-392
-429
-451
-408
-314
-264
-205
-74
37
147
287
436
548
668
769
776
762
762
734
646
566
486
349
200
26
-164
-362
-566
-769
-991
-1135
-1232
-1319
-1385
-1493
-1520
-1537
-1561
-1451
-1266
-1140
-958
-761
-558
-278
-86
122
320
441
570
701
770
885
961
1045
1099
1103
1099
1052
967
903
850
702
520
337
224
45
-128
-233
-341
-407
-489
-576
-620
-647
-626
-569
-515
-474
-393
-300
-200
-57
52
156
229
319
381
467
514
517
577
561
530
533
439
340
252
136
-55
-197
-355
-532
-623
-686
-771
-896
-973
-1030
-1057
-1015
-936
-876
-790
-691
-560
-420
-268
-119
74
239
366
563
685
768
810
788
781
774
731
705
690
609
536
507
475
440
360
256
124
53
-56
-137
-183
-270
-261
-252
-245
-220
-157
-79
7
45
119
194
225
247
288
297
273
245
190
135
110
111
110
77
32
-8
-134
-262
-360
-408
-444
-482
-533
-550
-525
-519
-513
-460
-395
-369
-325
-297
-225
-173
-34
136
198
295
379
422
475
559
635
677
719
694
653
616
513
436
371
341
300
235
144
61
-19
-94
-143
-172
-178
-184
-174
-152
-104
-38
17
37
95
147
188
244
224
200
176
108
53
-22
-123
-244
-310
-401
-512
-538
-606
-740
-833
-910
-1021
-1130
-1195
-1172
-1168
-1110
-1045
-965
-866
-769
-607
-421
-231
-77
57
177
321
438
542
625
663
715
776
786
816
821
781
741
743
680
594
548
438
319
245
145
17
-46
-74
-111
-116
-86
-71
-44
32
100
145
219
264
308
365
407
512
660
753
755
786
810
753
660
594
477
315
209
98
-90
-271
-419
-599
-756
-898
-1067
-1153
-1238
-1310
-1269
-1250
-1273
-1238
-1212
-1141
-1042
-925
-771
-615
-426
-197
62
283
421
565
710
853
978
1015
1029
1029
1009
976
951
890
794
699
582
508
447
370
226
145
36
-36
-56
-99
-101
-92
-55
-17
36
63
125
141
204
308
381
477
525
568
572
576
560
540
498
370
261
135
-26
-185
-341
-551
-784
-906
-995
-1089
-1169
-1219
-1241
-1264
-1311
-1336
-1370
-1403
-1361
-1286
-1182
-1082
-931
-838
-694
-468
-277
-139
3
150
207
297
387
524
620
729
787
802
812
805
761
745
748
723
734
665
643
594
574
532
443
347
264
199
202
206
229
293
345
396
464
516
502
454
413
355
340
278
204
175
108
98
87
64
-29
-161
-247
-306
-408
-497
-507
-562
-641
-656
-640
-654
-694
-691
-694
-690
-664
-656
-587
-539
-488
-385
-285
-242
-189
-99
-73
6
62
97
61
47
72
107
179
244
263
230
250
270
298
329
335
309
282
322
363
386
402
419
388
320
318
328
361
415
419
456
473
478
463
421
388
340
315
293
251
217
183
156
170
129
70
-8
-71
-133
-180
-236
-289
-357
-431
-445
-473
-478
-464
-472
-493
-465
-464
-449
-447
-478
-473
-483
-482
-443
-403
-396
-312
-248
-218
-194
-184
-203
-211
-197
-225
-248
-242
-231
-214
-182
-170
-179
-110
-50
5
84
100
135
177
172
197
251
316
366
412
478
513
506
455
420
410
424
425
454
483
447
440
466
508
503
468
430
344
243
210
188
125
60
19
-24
-32
-33
-51
-80
-118
-175
-238
-267
-326
-350
-360
-386
-374
-375
-366
-380
-398
-391
-388
-406
-441
-442
-362
-321
-335
-280
-240
-239
-236
-227
-180
-150
-174
-108
-61
-37
-13
-10
47
44
38
73
61
56
78
98
132
156
127
131
165
218
272
280
323
321
284
274
260
285
323
329
324
319
347
332
320
316
304
246
196
179
165
107
84
78
54
38
11
-8
-41
-77
-78
-81
-128
-169
-191
-210
-224
-231
-263
-295
-327
-309
-289
-295
-333
-331
-344
-345
-293
-247
-182
-174
-112
-102
-131
-139
-187
-200
-208
-190
-125
-42
-30
-37
7
31
65
114
133
133
177
214
221
234
254
301
291
325
344
324
298
279
309
307
280
258
236
218
177
124
86
57
81
89
109
104
113
104
98
78
38
22
41
18
46
52
13
5
-46
-60
-34
-47
-113
-127
-168
-242
-301
-330
-341
-380
-381
-398
-428
-448
-521
-516
-488
-479
-455
-401
-375
-351
-290
-267
-214
-160
-115
-24
36
58
104
173
208
254
356
436
489
473
447
458
376
340
342
351
357
291
246
205
173
123
66
27
-37
-62
-107
-125
-94
-96
-89
-54
-11
-11
-5
-28
-33
47
81
100
167
179
142
167
164
142
147
94
29
4
-43
-89
-146
-183
-247
-326
-349
-373
-392
-399
-410
-392
-350
-322
-324
-324
-309
-275
-186
-117
-51
-26
-27
33
81
140
246
323
373
443
475
486
463
431
427
390
363
345
298
254
205
160
156
120
44
2
-56
-103
-123
-127
-141
-182
-190
-187
-210
-194
-172
-163
-123
-70
-28
13
46
56
51
41
50
91
124
150
172
159
97
44
-19
-110
-202
-233
-250
-293
-312
-301
-317
-336
-336
-330
-307
-309
-306
-300
-262
-232
-205
-146
-83
-10
58
144
204
253
272
292
325
356
380
371
354
330
330
321
288
278
255
201
160
109
67
14
-39
-82
-81
-95
-114
-168
-222
-239
-248
-229
-228
-236
-203
-140
-85
-45
-39
-4
24
15
36
68
36
38
52
68
128
112
91
75
51
72
36
13
2
-60
-108
-97
-63
-93
-103
-129
-156
-143
-122
-74
-37
4
18
22
49
55
91
152
191
218
211
207
185
179
187
170
175
190
154
95
58
15
-17
-30
-57
-102
-144
-203
-247
-234
-245
-257
-263
-266
-252
-243
-251
-257
-240
-232
-218
-188
-160
-166
-129
-51
-21
39
67
69
83
129
179
206
240
208
208
192
192
196
172
131
102
90
100
80
32
31
41
43
44
50
10
2
22
60
96
145
133
72
76
52
67
95
112
121
132
144
128
125
95
116
168
142
119
91
23
-48
-38
-20
-58
-117
-157
-194
-195
-180
-174
-154
-142
-162
-160
-134
-170
-184
-205
-224
-190
-171
-166
-155
-94
-69
-63
-37
-20
-8
6
40
26
36
33
0
-1
22
44
50
51
25
0
-3
-3
-3
17
-3
3
45
39
5
-30
-50
-21
3
44
61
61
72
84
96
112
139
171
210
236
189
174
156
129
117
71
22
-24
-47
-29
-51
-75
-64
-82
-112
-134
-187
-231
-239
-287
-275
-276
-283
-223
-160
-148
-128
-123
-129
-109
-123
-119
-94
-74
-43
2
65
82
79
100
102
96
130
134
125
115
107
126
118
131
190
235
237
248
220
188
168
125
134
131
152
128
94
139
153
153
157
128
120
100
40
23
-20
-50
-57
-44
-25
35
80
60
24
-37
-82
-84
-114
-132
-161
-204
-210
-197
-194
-203
-210
-217
-223
-221
-213
-189
-140
-100
-80
-74
-86
-105
-94
-67
-45
-41
-31
-13
-35
-27
16
13
27
19
13
58
96
119
115
117
82
81
107
132
126
85
85
71
60
86
102
86
103
123
133
145
151
148
85
68
94
56
38
48
68
97
99
97
71
37
29
44
36
24
24
29
12
28
40
8
-5
-11
-41
-100
-101
-156
-219
-246
-289
-303
-290
-307
-320
-326
-338
-302
-285
-280
-286
-254
-244
-205
-173
-168
-160
-192
-184
-167
-152
-150
-149
-123
-79
-28
18
45
68
105
153
183
185
200
226
226
246
273
273
243
266
293
344
381
383
389
363
366
386
348
308
295
248
253
238
231
240
203
173
161
150
135
103
68
81
58
51
20
-16
-48
-123
-149
-155
-188
-218
-238
-282
-313
-311
-327
-318
-331
-336
-315
-305
-282
-263
-301
-309
-296
-320
-328
-328
-324
-294
-229
-164
-95
-31
28
62
52
49
76
63
56
37
37
63
98
116
158
140
150
182
166
184
245
267
248
275
260
228
189
182
209
215
247
256
228
218
191
161
143
116
125
148
161
167
165
134
98
59
4
-11
-47
-83
-96
-119
-153
-153
-167
-180
-177
-215
-267
-302
-327
-348
-368
-361
-352
-423
-425
-398
-387
-331
-261
-209
-193
-185
-189
-175
-165
-144
-145
-142
-89
-52
13
79
107
145
188
195
218
239
229
251
260
278
294
262
235
253
276
246
236
232
227
226
242
260
248
217
206
204
160
144
97
59
45
27
18
-15
-32
-86
-115
-132
-142
-138
-154
-223
-257
-256
-259
-220
-206
-208
-213
-215
-224
-263
-267
-281
-309
-297
-282
-263
-244
-216
-196
-174
-167
-111
-44
-15
-4
20
-3
14
51
88
165
237
288
306
332
341
315
306
298
302
279
238
253
240
252
230
206
210
214
179
126
150
167
185
202
213
177
130
66
36
20
-12
2
5
8
-18
-32
2
7
19
26
26
-11
-15
-21
-72
-88
-113
-104
-96
-119
-132
-144
-144
-170
-199
-213
-200
-207
-218
-186
-222
-257
-246
-209
-205
-145
-117
-135
-160
-171
-147
-142
-113
-105
-85
-63
-39
-13
12
34
24
15
4
-3
3
10
35
58
82
91
131
141
113
97
98
90
76
104
101
122
145
162
168
168
131
109
123
124
132
112
81
32
36
14
-12
-3
-18
-34
-11
-20
-50
-47
-46
-83
-131
-158
-169
-198
-244
-269
-272
-282
-276
-301
-277
-230
-229
-201
-175
-156
-186
-187
-150
-108
-88
-80
-39
-21
-4
15
52
61
65
98
101
114
137
161
181
202
243
242
245
251
214
197
222
219
216
196
178
214
214
219
223
222
192
177
153
110
102
120
152
155
136
109
75
59
46
51
39
11
-27
-46
-28
-27
-1
-26
-59
-68
-89
-107
-99
-91
-64
-46
-49
-3
-14
-51
-52
-85
-78
-69
-101
-88
-97
-118
-115
-96
-66
-37
-46
-42
-56
-73
-53
-77
-93
-86
-94
-98
-80
-55
-43
-51
-64
-63
-38
-22
4
26
11
28
40
44
58
50
72
62
84
108
101
127
153
146
125
106
83
47
3
-46
-97
-140
-155
-141
-134
-125
-124
-150
-174
-165
-156
-190
-204
-215
-221
-211
-212
-194
-184
-151
-136
-146
-143
-138
-130
-109
-77
-52
-28
-12
29
65
58
70
58
53
32
18
46
54
38
53
67
57
90
116
139
164
172
155
129
118
107
122
162
177
174
178
180
200
216
237
262
281
286
247
191
159
157
136
124
114
77
47
39
0
-26
-51
-66
-88
-80
-87
-107
-120
-159
-161
-161
-152
-152
-160
-152
-146
-122
-97
-84
-59
-46
-29
17
-7
-18
12
11
2
11
25
18
1
-6
-8
-2
19
18
1
-18
-37
-65
-77
-94
-92
-86
-84
-59
-23
-4
1
17
64
104
115
128
127
142
162
150
149
168
152
145
176
171
163
132
99
61
42
35
41
38
35
14
-18
-54
-94
-122
-155
-191
-191
-207
-208
-198
-194
-175
-155
-152
-148
-119
-94
-101
-101
-91
-116
-122
-114
-91
-69
-42
-22
-17
-34
-68
-66
-39
-39
-22
-40
-71
-84
-108
-103
-105
-111
-88
-68
-56
-33
1
36
39
36
48
40
33
53
39
46
83
109
135
152
167
139
126
115
115
122
110
100
64
55
56
41
48
43
21
13
-4
-16
-14
-16
-39
-53
-45
-42
-35
-44
-29
-1
-19
-15
10
5
3
-2
-2
3
-5
8
15
11
43
63
57
54
65
65
42
43
51
21
1
-7
1
19
25
28
59
57
58
66
74
72
68
65
70
70
61
64
66
80
79
83
61
45
45
28
17
13
13
3
5
29
30
17
13
-10
-29
-34
-42
-31
-20
-17
-11
-16
-41
-29
-23
-26
-24
-26
-8
-21
-21
-19
-11
-13
-9
-4
-14
-36
-54
-58
-73
-66
-45
-43
-39
-22
-29
-30
-60
-62
-84
-92
-79
-94
-95
-92
-87
-81
-68
-65
-68
-92
-99
-85
-70
-56
-29
-25
-20
-2
12
3
12
30
27
29
28
2
-22
-27
-50
-49
-41
-44
-56
-57
-49
-76
-86
-77
-74
-59
-65
-48
-33
-29
-22
-23
-4
20
38
61
65
52
64
72
55
60
65
51
30
19
21
19
26
33
54
57
52
47
34
27
27
34
47
53
51
27
20
13
19
44
45
53
63
76
104
115
108
107
100
80
59
48
40
37
52
55
83
76
40
35
18
-13
-14
-13
-16
-24
-25
-8
-7
-4
-17
-17
-23
-37
-29
-33
-41
-39
-45
-35
-1
21
37
39
43
40
27
6
-6
-21
-30
-40
-36
-9
2
3
6
16
6
-2
6
-6
-14
-4
-11
1
-1
-2
16
8
11
6
4
11
-1
-3
-4
-13
-12
-15
-18
-2
10
13
18
10
2
-6
-21
-32
-11
3
-3
-12
-19
-18
-26
-33
-36
-39
-66
-74
-69
-78
-68
-67
-87
-99
-103
-78
-75
-70
-49
-43
-58
-42
-47
-45
-34
-27
-21
-22
-6
-16
-24
-23
-6
5
-2
-16
-24
-30
-22
-24
-15
-9
-4
3
2
8
-2
-10
-10
-8
-5
-2
-5
-23
-14
-15
1
26
51
40
44
47
45
50
50
70
68
70
76
75
81
86
69
68
66
56
52
56
64
59
58
53
44
44
41
54
45
16
-7
-31
-33
-28
-29
-19
-16
-22
-9
-12
-13
-24
-38
-40
-30
-34
-32
-25
-27
-14
-11
2
8
9
23
21
27
33
33
39
51
52
54
46
45
35
40
51
41
39
43
32
33
39
39
51
45
32
18
18
26
31
35
29
24
16
8
-1
-14
-11
-19
-21
-9
-9
-11
-23
-35
-43
-48
-68
-85
-91
-104
-101
-102
-97
-93
-84
-80
-67
-55
-56
-62
-74
-72
-62
-55
-43
-36
-36
-18
-7
0
4
5
7
5
15
28
21
22
24
22
24
26
30
23
26
28
19
18
16
11
15
15
26
24
17
29
22
13
0
-22
-13
-17
-27
-24
-6
-10
-23
-10
-16
-23
-26
-26
-28
-38
-31
-28
-45
-48
-48
-52
-41
-38
-30
-23
-19
-27
-29
-26
-15
-13
-20
-19
-21
-15
-19
-5
-12
-13
-8
4
30
46
45
49
55
54
67
69
70
60
47
49
51
57
60
57
66
70
65
60
58
61
49
45
31
20
17
12
10
13
33
31
43
34
24
22
13
8
17
13
3
11
6
5
11
18
18
12
-13
-16
-34
-41
-35
-35
-29
-28
-29
-30
-33
-42
-37
-34
-27
-17
-4
-2
-9
3
12
21
30
39
39
45
40
25
23
26
27
40
59
60
57
53
47
37
28
11
-4
-13
-9
-13
-37
-31
-37
-31
-22
-26
-26
-22
-34
-33
-37
-41
-26
-41
-43
-38
-36
-35
-27
-40
-47
-47
-45
-45
-59
-67
-71
-74
-72
-72
-78
-84
-86
-79
-76
-64
-56
-47
-48
-46
-40
-38
-50
-33
-12
-13
-14
-18
-21
-20
-5
10
15
19
21
18
26
27
26
23
22
35
48
39
43
37
28
22
15
10
5
11
14
22
15
18
20
22
37
43
46
45
45
44
36
37
34
22
18
16
18
21
36
57
59
61
43
32
26
26
30
36
38
31
20
10
3
-1
-5
0
2
9
11
12
8
5
-9
-13
-9
5
25
23
21
17
25
21
29
41
28
19
25
23
26
33
44
42
35
37
31
34
22
24
25
18
21
23
12
-3
-4
5
3
4
-5
-18
-15
-25
-31
-24
-26
-32
-32
-26
-21
-20
-27
-34
-37
-45
-49
-48
-47
-44
-46
-45
-44
-52
-62
-74
-84
-90
-88
-86
-74
-66
-67
-57
-49
-54
-53
-57
-58
-56
-49
-33
-26
-29
-22
-18
-23
-7
-10
-7
9
14
21
23
25
28
30
25
30
27
26
28
21
20
23
35
39
35
37
39
39
37
33
29
25
18
18
11
5
-3
-1
9
11
23
15
12
1
2
-2
-15
-12
-16
-20
-23
-10
4
6
6
9
8
-6
-17
-14
-7
3
20
17
16
26
33
32
33
33
22
14
7
14
20
23
31
31
35
41
46
44
48
46
39
37
31
33
45
51
46
49
46
38
25
19
21
19
27
20
19
14
-2
-3
-4
-4
-1
0
-13
-16
-21
-30
-33
-27
-18
-13
-10
-13
-26
-31
-32
-31
-38
-43
-41
-43
-43
-48
-50
-47
-49
-55
-47
-45
-40
-35
-37
-32
-32
-41
-42
-35
-27
-19
-13
-15
-26
-24
-14
-22
-10
-8
-13
-9
-6
-5
0
10
4
-2
5
6
7
4
-1
5
1
0
8
18
15
16
23
23
21
12
7
5
11
18
29
41
36
32
23
20
15
12
17
9
15
7
3
4
-4
-9
-20
-16
-21
-17
-20
-32
-33
-28
-34
-29
-21
-23
-12
-7
-10
-12
-4
-10
-2
3
0
-5
-4
-5
-4
9
12
14
14
23
28
38
43
38
27
33
29
30
29
25
33
27
14
14
12
16
19
33
37
39
40
31
27
22
28
22
21
18
20
14
9
16
13
10
13
8
7
15
9
-8
-12
-13
-26
-29
-27
-27
-30
-27
-30
-33
-42
-49
-48
-45
-38
-30
-24
-20
-14
-19
-19
-16
-16
-24
-23
-15
-14
-11
-10
0
11
8
9
11
4
4
11
16
19
24
26
22
15
16
11
10
4
-9
-5
-2
0
2
4
6
11
15
23
22
22
18
13
6
5
-3
-6
5
11
8
6
7
0
-4
-1
2
-7
-4
-10
-14
-18
-24
-27
-28
-30
-26
-19
-31
-34
-37
-40
-30
-19
-15
-11
-15
-13
-18
-16
-20
-32
-24
-14
-16
-19
-18
-19
-17
-17
-12
-5
-7
-16
-10
-14
-11
-2
-1
3
4
13
16
9
5
15
14
15
18
26
30
22
15
11
7
8
9
13
16
9
9
14
12
6
9
15
22
21
19
15
17
18
16
25
17
9
4
2
-1
5
12
12
12
10
18
15
11
8
8
2
-1
-1
3
5
14
23
22
23
15
10
13
6
14
18
22
24
19
19
14
6
12
15
14
16
12
4
7
4
4
9
14
18
17
10
3
-3
-10
-13
-13
-12
-5
0
-4
-1
0
-1
-10
-6
-8
-15
-14
-14
-14
-7
-10
-25
-28
-29
-30
-29
-30
-34
-37
-46
-47
-39
-32
-33
-32
-25
-23
-29
-33
-36
-39
-43
-39
-35
-36
-30
-25
-20
-9
-11
-19
-23
-23
-21
-13
-7
-7
-3
2
4
7
13
13
14
14
16
25
24
22
25
22
20
22
27
27
28
30
36
38
34
27
18
20
24
26
30
31
30
29
26
22
12
7
5
-5
-7
-3
-2
-7
-4
5
4
-2
-8
-13
-12
-9
-1
1
-7
-8
-4
-9
-8
-12
-10
-9
-11
-9
-5
0
2
5
1
6
6
4
3
-3
-3
2
2
0
4
1
-1
8
12
14
22
22
13
8
10
6
8
9
9
11
11
10
8
14
18
17
14
4
-2
-5
-7
-4
-10
-16
-19
-15
-8
-10
-12
-15
-24
-35
-34
-26
-20
-19
-18
-17
-11
-2
-1
-5
-6
-9
-13
-6
1
2
6
8
8
6
8
11
14
11
11
12
11
6
4
14
18
14
15
13
9
7
8
13
9
12
8
11
9
8
6
9
12
9
12
11
7
2
-5
-6
2
0
-4
-2
-6
-7
-4
-9
-9
-4
-7
-10
-10
-11
-17
-17
-12
-15
-13
-14
-17
-19
-18
-9
-10
-11
-3
-2
-4
-4
-9
-8
-12
-19
-19
-27
-32
-31
-28
-20
-9
-6
-12
-15
-22
-29
-29
-23
-24
-22
-16
-18
-15
-10
-5
-1
1
-2
-2
-1
2
6
13
18
18
15
12
17
15
10
11
9
12
16
13
13
16
16
20
22
20
20
19
16
17
15
20
23
26
24
19
17
16
15
8
8
11
5
2
1
5
1
-3
0
-1
0
8
12
16
16
8
1
2
-1
7
10
8
11
9
11
9
8
7
7
10
5
2
5
13
20
25
24
23
17
9
8
10
8
2
5
9
7
6
4
1
0
-3
-6
-4
-7
-7
-11
-17
-12
-10
-22
-26
-25
-24
-23
-23
-27
-25
-28
-34
-24
-22
-24
-18
-15
-15
-15
-10
-9
-9
-7
-8
-9
-5
-10
-9
-6
-7
0
3
0
2
4
3
-4
-3
-4
2
3
-1
-2
-6
-7
-4
5
6
3
-2
-4
-2
-2
-3
8
11
11
11
7
2
-4
-6
-1
1
-8
-13
-9
-7
-8
-6
-2
-7
-8
-5
-11
-10
-9
-12
-10
-6
-8
-12
-12
-15
-12
-8
-4
0
1
0
-2
2
6
9
10
14
6
-3
-8
-7
-2
2
1
8
10
14
14
14
14
10
8
11
14
12
12
10
13
16
13
10
8
6
4
9
12
14
12
9
4
1
0
4
3
4
7
5
10
11
12
9
6
6
7
7
12
15
16
14
14
11
7
3
0
-2
1
1
-5
-7
-2
-3
-1
1
0
-1
-4
2
3
1
2
-3
-5
-4
3
5
10
9
8
7
7
5
7
4
-1
2
0
1
2
3
-4
-5
-3
-7
-8
-4
-4
-1
2
0
4
4
0
0
-1
-4
-7
-13
-15
-15
-13
-10
-12
-6
-9
-11
-11
-13
-13
-14
-14
-11
-7
-9
-11
-17
-20
-21
-23
-23
-22
-18
-17
-20
-15
-14
-17
-18
-18
-17
-16
-14
-16
-16
-12
-8
-3
-5
-1
0
0
-1
-2
-9
-6
-3
0
4
9
10
9
12
14
21
22
20
17
11
10
10
10
10
9
10
12
14
11
10
12
5
-1
2
1
1
4
7
10
6
9
10
7
4
1
2
-3
-1
2
9
13
8
3
3
4
-2
-2
-2
-7
-7
-7
-6
0
2
4
11
17
17
16
11
7
7
6
7
11
11
14
16
16
14
15
17
18
17
21
22
20
25
22
17
11
7
6
2
2
4
4
4
5
8
10
12
8
6
4
0
-3
-7
-7
-6
-9
-10
-12
-14
-10
-5
-9
-13
-13
-17
-18
-17
-17
-18
-16
-16
-15
-15
-17
-16
-19
-17
-20
-20
-22
-23
-21
-17
-17
-13
-12
-14
-14
-14
-12
-14
-18
-17
-15
-14
-10
-7
-7
-9
-15
-12
-10
-14
-9
-11
-11
-6
-6
-9
-7
-4
-2
4
2
3
1
3
10
12
15
16
8
-1
0
1
4
8
11
14
11
6
4
3
3
5
12
13
8
4
4
1
3
6
3
6
7
4
6
2
2
7
10
11
13
12
10
7
7
11
10
8
9
5
5
5
5
10
12
11
5
3
4
4
2
-2
-1
-1
-1
3
3
-2
-4
-2
0
4
9
11
9
7
11
12
8
7
8
7
9
8
4
4
7
11
14
15
14
12
9
6
2
1
-3
-2
0
4
5
7
8
4
6
3
-1
-7
-12
-12
-4
-1
2
1
-4
-3
-2
-1
-5
-6
-9
-9
-6
-6
-6
-8
-12
-10
-8
-6
-5
-5
-12
-9
-12
-12
-8
-13
-11
-12
-12
-10
-5
-5
-9
-12
-10
-12
-13
-11
-13
-8
-8
-8
-7
-6
-8
-8
-7
-7
-6
-11
-13
-11
-8
-7
-10
-10
-11
-12
-11
-9
-8
-7
-9
-8
-12
-9
-10
-12
-11
-10
-8
-3
-4
0
1
3
7
6
1
2
2
3
5
6
11
13
14
15
15
13
14
12
11
14
19
24
21
20
22
21
18
16
12
13
14
14
16
15
13
10
10
7
6
2
-1
-2
0
7
5
5
11
10
6
5
5
-1
-6
-4
-1
-4
-3
-3
-7
-6
-2
0
2
4
4
3
2
1
0
0
-1
1
4
4
3
2
0
-2
-1
2
3
4
4
1
3
2
3
2
1
4
4
5
5
4
-1
0
5
7
2
-1
-3
-4
-4
-4
-1
-3
-2
0
-1
-3
-5
-6
-4
-7
-8
-7
-8
-9
-6
-6
-7
-8
-8
-9
-10
-7
-6
-5
-6
-5
-4
0
0
0
-6
-9
-9
-9
-10
-8
-10
-12
-15
-12
-10
-7
-5
-2
-3
-4
-6
-11
-16
-18
-19
-18
-14
-15
-12
-9
-4
-4
-7
-6
-6
-7
-4
-3
-1
2
5
7
7
6
6
4
2
0
3
8
10
11
11
11
11
10
6
6
6
4
3
4
8
6
3
3
2
-1
-1
1
1
4
6
8
6
4
-1
-4
-4
-7
-3
0
3
4
3
5
4
2
5
7
11
8
7
5
7
9
10
8
5
6
7
11
15
17
15
14
12
12
13
17
18
13
14
15
13
11
16
18
19
16
11
8
9
8
10
14
12
10
4
0
0
-1
-4
-7
-8
-7
-5
-6
-8
-7
-5
-4
-2
-1
-4
-3
-3
-6
-7
-10
-14
-17
-21
-17
-18
-18
-15
-17
-15
-15
-15
-18
-18
-18
-18
-18
-16
-16
-14
-16
-17
-17
-17
-15
-16
-11
-11
-9
-7
-7
-8
-9
-8
-8
-6
-2
1
1
0
1
2
3
1
-2
2
2
0
5
8
8
6
3
1
1
1
1
3
6
6
8
8
10
11
8
7
4
3
-1
-5
-5
-4
-1
1
1
4
3
1
3
-1
-3
-4
-4
-2
-1
0
-1
0
1
2
2
2
0
-3
-8
-10
-7
-2
1
3
5
6
7
5
6
8
8
7
7
8
10
11
11
15
15
16
14
14
11
11
12
14
13
14
9
5
6
4
6
8
13
10
7
9
9
7
9
10
8
5
1
0
-4
-5
-4
-1
-1
-1
-2
-2
-3
-4
-3
-3
-3
-3
-4
-6
-7
-12
-11
-12
-9
-7
-5
-3
-4
-3
-4
-4
-7
-6
-6
-5
-6
-2
3
4
2
-2
-4
-9
-11
-8
-5
-2
-1
0
1
-3
-3
-4
-4
-6
-6
-4
-3
-2
-2
-4
-7
-8
-7
-5
-7
-6
-9
-10
-7
-6
-3
-5
-3
-2
-3
-4
-7
-2
-2
-4
-3
-2
-3
-3
0
0
-2
-1
-1
-1
1
3
-1
-3
-6
-10
-5
-1
2
5
3
0
1
2
3
1
0
0
-2
0
1
2
3
6
8
10
7
1
-2
-4
-4
0
4
8
7
4
4
2
2
4
4
3
1
2
3
3
4
3
2
-1
0
3
3
5
5
5
3
5
4
5
6
7
3
3
1
-1
2
0
-2
-1
0
2
1
4
5
6
5
5
2
1
2
1
1
-2
-4
-3
0
1
5
8
7
6
3
1
1
3
3
6
4
2
1
2
2
4
5
3
4
5
5
4
7
8
6
4
1
2
3
4
4
3
3
0
-1
1
1
0
-3
-1
2
0
1
1
-2
-4
-5
-7
-4
-2
-1
-1
-1
-3
-5
-6
-7
-10
-11
-11
-11
-11
-12
-12
-11
-8
-10
-7
-10
-14
-14
-13
-11
-8
-7
-9
-8
-9
-7
-7
-10
-11
-11
-11
-11
-10
-8
-5
-7
-7
-3
0
-2
-6
-6
-2
-1
0
2
2
1
1
0
1
3
1
0
2
2
3
3
5
5
5
5
5
3
3
5
5
8
7
4
2
1
2
2
5
7
7
3
3
2
1
4
4
4
1
1
1
2
5
6
4
5
5
4
4
4
4
5
5
5
4
4
6
7
5
4
4
1
2
5
7
6
5
5
5
8
9
8
6
7
4
1
3
4
4
8
5
3
2
3
3
5
7
3
1
-2
-3
-3
-5
1
-1
-1
1
0
-1
-1
0
1
4
6
8
6
4
2
1
3
2
1
2
1
2
1
1
4
7
5
3
2
1
0
0
-2
-1
-1
-6
-5
-1
-2
-3
0
-1
-4
-5
-3
-3
-4
-5
-7
-10
-9
-8
-7
-5
-4
-5
-8
-10
-7
-9
-9
-9
-10
-8
-9
-7
-9
-10
-9
-12
-14
-13
-13
-13
-12
-14
-10
-8
-12
-9
-8
-8
-6
-6
-9
-10
-9
-10
-10
-11
-11
-5
-6
-5
-3
-6
-8
-10
-10
-12
-9
-6
-6
-4
-4
-3
-6
-6
-6
-5
-2
-2
1
3
3
2
2
5
4
3
5
8
10
10
11
12
13
11
12
14
15
16
18
21
20
19
13
9
11
14
15
17
16
17
20
22
21
22
20
15
13
17
18
15
15
13
12
11
9
13
13
14
17
18
15
13
11
11
9
8
5
4
5
3
5
7
5
5
6
4
6
7
5
6
5
1
-2
-3
-5
-6
-3
-6
-7
-5
-8
-8
-11
-12
-11
-12
-15
-13
-15
-16
-12
-12
-11
-10
-13
-18
-20
-20
-21
-21
-21
-22
-17
-17
-16
-16
-17
-19
-18
-18
-18
-16
-17
-17
-16
-16
-14
-11
-10
-10
-8
-8
-7
-8
-11
-11
-14
-13
-8
-3
1
4
5
9
7
6
3
1
-3
-5
-6
-2
0
0
2
0
1
0
0
-3
-3
-4
-4
0
1
-1
1
0
-3
-4
0
-2
-2
-2
1
1
0
2
5
4
6
8
7
8
7
3
3
5
5
7
10
11
10
10
7
8
11
12
13
15
17
17
16
16
18
19
17
16
16
14
18
19
22
21
19
17
14
13
15
13
13
15
17
17
16
15
14
9
7
8
8
8
8
7
8
8
9
9
6
4
4
4
7
6
3
0
-4
-7
-5
-5
-7
-7
-6
-6
-8
-11
-12
-12
-14
-14
-14
-17
-17
-23
-24
-23
-23
-22
-22
-20
-18
-18
-19
-20
-22
-23
-19
-19
-18
-17
-17
-17
-18
-16
-13
-11
-8
-7
-10
-12
-11
-8
-8
-4
-3
-3
-3
-3
-3
-3
-2
-4
-4
-3
-3
2
4
5
7
8
5
5
5
5
7
4
4
5
4
3
0
1
4
0
0
2
2
2
-2
-2
-1
-1
-2
-3
-3
1
-1
-4
-5
-10
-13
-12
-9
-6
-6
-3
-2
-2
-1
0
-2
-1
-3
-3
-2
-1
0
5
7
12
15
14
15
18
16
15
14
14
13
11
15
18
18
17
15
14
16
15
16
18
18
19
19
19
13
11
13
10
9
14
13
13
14
13
11
12
11
10
6
3
4
1
3
4
1
-1
0
-1
-2
-1
-2
-6
-7
-6
-6
-6
-7
-7
-6
-8
-7
-4
-4
-3
0
-3
-4
-2
-6
-7
-6
-7
-6
-3
-4
-3
-3
-4
-2
-3
-6
-5
-6
-9
-9
-9
-10
-7
-7
-7
-9
-10
-12
-17
-17
-15
-16
-13
-10
-6
-6
-8
-9
-10
-14
-15
-18
-20
-18
-17
-14
-12
-15
-14
-16
-16
-13
-13
-10
-9
-10
-12
-12
-11
-11
-10
-12
-10
-8
-5
-1
1
2
2
1
1
-1
0
1
0
3
4
6
5
7
9
9
11
12
15
15
15
13
14
15
14
12
11
13
11
15
13
13
16
15
15
18
18
16
13
14
12
11
14
14
14
13
12
10
10
9
9
9
6
4
5
9
11
11
11
11
11
12
13
14
13
9
6
6
4
6
7
5
4
2
0
1
1
-2
0
-4
-5
-4
-5
-2
2
2
0
-3
-9
-10
-9
-6
-7
-5
-3
-3
-3
-4
-4
-6
-8
-12
-13
-11
-9
-7
-4
-7
-6
-9
-8
-8
-9
-9
-10
-12
-14
-15
-12
-11
-11
-9
-11
-12
-12
-10
-9
-7
-6
-8
-12
-12
-12
-13
-13
-13
-16
-16
-18
-14
-12
-10
-6
-7
-7
-7
-3
-5
-6
-5
-3
-2
-3
0
-1
1
1
1
4
6
5
5
6
8
8
7
6
8
9
8
6
5
3
3
9
8
9
10
10
8
7
8
7
6
7
8
7
6
4
6
5
6
7
6
4
1
-3
-3
0
4
4
3
3
5
2
4
5
5
5
6
6
6
7
7
8
11
13
12
10
12
11
10
9
10
10
7
7
7
7
7
9
10
8
6
6
9
8
9
8
10
9
3
1
-5
-9
-8
-5
-5
-6
-4
-2
-3
0
2
0
-2
-6
-8
-11
-11
-13
-14
-16
-19
-14
-13
-13
-12
-13
-13
-12
-13
-12
-9
-9
-5
-5
-5
-8
-9
-11
-14
-13
-12
-10
-8
-8
-3
-1
-1
1
0
0
2
1
-1
-2
-1
0
0
2
5
6
7
7
7
8
6
1
0
1
4
3
1
0
-1
-3
-2
0
2
0
0
-3
-2
-2
-2
0
-4
-3
-6
-6
-6
-5
-4
-5
-4
-5
-4
-7
-6
-6
-4
-1
-2
0
-1
-2
-2
0
-2
1
1
2
4
5
7
9
8
8
9
7
6
7
7
6
6
8
9
6
8
7
10
10
9
9
7
6
4
6
6
5
6
11
11
11
8
6
6
5
5
4
3
4
3
4
2
2
0
-1
1
1
-1
-2
-2
0
-2
-3
-3
-3
-5
-3
-2
-1
-2
-3
-3
-1
-1
1
3
3
2
0
-2
-4
-5
-5
-2
-2
-1
-1
-3
-5
-2
-1
0
-1
0
-2
-4
1
0
0
0
2
2
1
1
2
0
0
1
0
0
0
-1
-1
0
0
1
2
3
2
0
1
1
1
-1
-3
0
-1
-2
-1
0
-1
-3
-3
-4
-2
-3
-4
-3
-1
2
4
1
0
-1
-5
-10
-10
-10
-10
-8
-5
-2
-4
-5
-8
-8
-6
-5
-6
-6
-6
-5
-4
-4
-4
-4
-5
-3
-4
-6
-7
-9
-11
-10
-10
-10
-10
-13
-11
-6
-5
-5
-5
-7
-9
-8
-8
-6
-7
-7
-8
-6
-5
-5
-1
3
4
5
5
3
6
8
9
12
11
9
9
8
10
14
17
17
16
12
8
8
8
10
11
14
13
11
12
12
11
11
12
12
11
11
12
12
10
10
9
6
5
4
6
7
7
5
5
5
3
5
3
0
2
1
3
5
4
2
2
4
3
5
6
4
4
4
4
4
2
0
3
5
6
7
8
5
5
4
2
2
0
-2
-2
-3
-5
-8
-9
-8
-9
-8
-9
-11
-14
-16
-16
-14
-14
-14
-15
-14
-13
-11
-12
-13
-13
-14
-12
-12
-13
-13
-13
-12
-11
-8
-8
-8
-9
-9
-6
-6
-5
-6
-5
-6
-5
-4
-4
-2
-1
0
1
0
2
5
4
4
1
3
1
-1
0
2
3
4
2
3
6
5
5
3
2
2
0
1
1
3
4
0
-1
2
0
1
3
1
1
2
3
5
4
3
-1
-3
-2
0
1
1
0
1
1
-1
-3
-2
0
0
2
4
3
1
1
2
1
0
1
2
2
1
1
1
1
2
2
6
6
5
6
4
5
6
6
5
5
5
5
6
7
8
6
8
9
8
9
8
5
5
6
6
5
7
6
4
2
4
3
2
0
-1
1
2
2
1
1
1
0
0
0
-3
-2
-3
-4
-3
-4
-5
-8
-8
-7
-8
-8
-8
-6
-6
-4
-6
-6
-4
-6
-8
-8
-5
-6
-6
-7
-3
-2
-3
-4
-5
-3
-2
-2
0
2
1
1
1
1
5
5
2
-1
0
-1
1
1
2
2
3
4
2
2
0
0
3
0
2
3
3
4
6
6
5
4
0
-3
-2
-2
-1
-1
2
1
1
2
0
-3
-6
-7
-7
-8
-8
-5
-5
-6
-4
-1
1
-1
-4
-3
-3
-4
-4
-3
-1
-4
-6
-3
-5
-3
-2
-4
-3
0
0
1
4
6
5
5
5
2
-1
-2
-4
-3
-1
0
-1
0
2
1
3
3
2
2
2
2
4
2
2
-1
1
2
5
8
5
2
1
2
1
-1
0
2
0
1
1
1
1
1
0
-3
-3
-3
-1
0
2
1
2
-1
-2
-1
-1
-5
-3
0
-2
1
2
5
4
3
2
3
3
5
6
5
3
3
2
2
2
2
5
4
4
4
5
2
0
-1
1
1
2
5
4
3
4
4
4
3
3
1
-2
-3
-3
-1
1
2
0
-1
-3
-3
-2
-3
-2
-3
-4
-2
-1
-2
-3
-4
-5
-5
-3
-5
-5
-4
-3
1
3
3
5
2
3
4
4
6
4
1
0
-1
-2
0
0
-2
-3
-4
-4
-3
-1
-2
-5
-5
-3
-3
-4
-4
-3
-5
-4
-3
-6
-5
-3
-3
-4
-4
-5
-4
-4
-4
-4
-5
-4
-4
-3
-2
-4
-5
-8
-8
-8
-5
-3
0
2
-1
-2
-4
-5
-5
-3
-1
1
1
0
-1
-1
-2
-1
0
-1
0
-1
-1
-2
0
2
3
3
2
0
-2
0
3
2
3
6
4
4
5
5
4
5
7
6
3
4
3
2
5
7
8
6
6
7
6
7
9
9
7
4
4
5
5
6
6
7
6
5
4
6
7
8
8
7
5
4
4
3
3
1
-1
-3
-2
0
0
1
2
1
3
5
4
3
3
1
0
2
2
3
1
1
0
-2
-4
-3
-2
-1
-2
0
0
-2
-3
-2
-2
-1
1
0
0
0
0
1
-1
-2
-3
-4
-5
-5
-7
-6
-6
-6
-7
-7
-8
-9
-10
-8
-9
-10
-7
-11
-12
-13
-11
-10
-9
-7
-8
-10
-9
-8
-8
-7
-6
-7
-6
-8
-7
-5
-6
-4
-5
-4
-5
-6
-6
-4
-1
1
3
5
5
3
5
5
4
6
7
6
5
6
7
9
10
11
10
8
8
6
6
9
9
7
5
5
4
1
3
4
4
4
4
4
5
5
6
4
3
4
3
1
0
-4
-3
-4
-6
-2
0
-2
-2
-4
-3
-3
-3
-4
-4
-1
-1
-1
-3
-2
-3
-4
-2
0
2
3
4
4
5
4
3
6
5
6
5
3
0
0
1
2
3
1
2
3
2
3
4
4
4
5
6
5
5
3
2
4
6
4
5
5
3
4
4
5
6
6
4
2
2
2
0
-2
-2
-3
-3
-4
-5
-6
-4
-4
-2
-2
-4
-4
-2
-2
-2
-3
-6
-6
-7
-8
-7
-7
-7
-7
-4
-3
-3
-1
-1
-2
-2
-2
-2
-2
-2
-5
-5
-4
-5
-6
-6
-5
-6
-5
-6
-6
-5
-4
-3
-3
-3
-2
-2
1
2
2
3
3
1
2
1
1
-1
-2
-2
-3
0
-1
-2
-2
-3
-3
-4
-2
-1
-3
-2
1
2
1
2
1
0
0
-1
1
1
-3
-4
-3
0
0
2
1
0
0
-1
-2
-3
-1
2
3
1
3
1
1
0
0
2
2
1
1
3
3
4
5
5
6
7
7
5
7
7
6
8
10
9
8
6
3
4
9
10
9
10
7
7
7
8
7
7
8
6
5
7
5
6
4
1
2
2
1
-1
0
1
0
3
3
1
-2
-2
-1
-4
-5
-6
-6
-6
-7
-7
-8
-7
-8
-8
-6
-7
-8
-7
-6
-5
-4
-6
-4
-6
-7
-4
-5
-4
-4
-4
-2
-2
-4
-4
-5
-5
-4
-1
-2
-3
-4
-2
0
0
0
0
-1
-1
0
4
4
2
3
0
0
-2
-1
0
-2
-2
0
0
1
3
2
2
2
2
2
1
1
2
1
3
7
4
2
0
-2
-4
-1
-1
-2
-1
0
3
2
2
1
1
1
0
1
1
0
-1
-2
-4
-4
-4
-4
-2
1
0
-1
-1
-3
-3
-3
-1
-1
-1
3
1
1
0
-1
-1
-3
-1
3
2
1
0
-3
-3
-1
-1
-1
1
-1
-2
-3
-5
-5
-3
1
0
1
1
-2
-3
-3
-1
-2
-4
-1
-3
-2
0
0
-1
-3
-1
-2
1
0
1
1
0
0
5
8
7
7
6
3
1
1
1
1
1
3
3
4
6
5
5
7
8
8
7
9
9
8
8
8
7
6
6
7
8
8
6
4
3
1
4
5
6
3
1
0
-1
0
-2
-1
-3
-4
-3
-5
-5
-5
-5
-3
-3
0
-2
-3
-4
-2
-2
-2
-3
-5
-4
-3
-4
-3
-3
-4
-3
-3
1
-1
-1
-4
-7
-6
-4
-2
-1
0
-4
-4
-6
-5
-6
-5
-5
-3
-2
-1
0
-2
-2
-5
-5
-7
-8
-9
-9
-8
-8
-7
-7
-7
-7
-5
-5
-5
-3
-3
-2
-2
-2
-3
-5
-6
-3
-2
-1
-2
-3
-4
-5
-5
-1
-1
-1
3
5
7
3
2
1
0
-1
3
3
3
4
5
3
5
6
6
7
6
9
5
4
6
8
9
10
10
9
9
9
10
9
8
8
5
5
4
4
4
3
5
6
7
5
5
5
6
6
6
9
8
7
7
7
5
4
6
5
3
2
1
3
2
1
3
0
-2
-5
-5
-5
-5
-4
-4
-2
-1
-4
-4
-4
-6
-7
-9
-7
-6
-6
-8
-5
-5
-6
-6
-5
-3
-3
-4
-6
-4
-5
-4
-3
-1
-2
-3
-3
-3
-1
-1
-1
-3
-3
-1
-1
2
4
2
2
-1
-2
-2
-2
-1
2
3
1
0
-3
-4
-3
-2
-2
-4
-6
-6
-7
-7
-8
-9
-9
-10
-9
-7
-7
-5
-4
-5
-2
-1
-2
-3
-1
-1
-2
-3
-4
-5
-4
-3
1
1
1
-1
0
2
2
7
7
7
6
6
5
5
4
3
3
6
7
9
7
6
4
4
5
4
4
6
7
6
6
6
5
3
2
2
0
0
2
1
3
5
3
1
0
-1
-2
-1
-1
-2
-2
-1
-2
-2
-1
-1
-3
-3
-4
-3
-4
-3
-2
0
3
5
3
5
4
3
6
4
4
2
1
2
2
3
4
3
3
4
6
6
7
5
3
3
3
2
2
4
2
3
3
1
0
3
2
5
7
7
5
2
2
-2
0
-1
-3
-1
-2
-4
-3
-2
-4
-3
-1
-2
-4
-5
-5
-6
-8
-7
-7
-7
-8
-8
-9
-7
-8
-9
-7
-6
-6
-6
-3
-3
-6
-7
-6
-9
-10
-9
-7
-5
-3
-2
-1
-3
-3
-1
-3
-2
-2
-3
-3
-3
-5
0
1
2
4
3
3
3
1
-1
-1
0
0
2
3
4
5
3
1
1
1
3
3
1
2
2
2
2
3
3
2
2
3
2
-1
0
-1
-2
0
1
2
1
2
0
-1
-1
0
1
2
0
1
0
-2
0
-1
-3
-3
-1
0
2
2
2
1
-1
-2
0
2
2
3
3
1
0
1
2
1
3
3
4
5
4
5
6
6
6
8
8
8
6
5
5
6
6
6
6
6
7
4
6
4
3
5
5
4
5
3
1
3
5
7
5
3
-1
-2
-1
0
2
1
0
-2
-2
-2
-2
0
-1
-4
-5
-5
-6
-7
-7
-8
-9
-9
-8
-9
-9
-8
-9
-9
-8
-7
-7
-7
-5
-4
-5
-4
-3
-2
-2
-1
-2
-4
-2
0
3
5
4
3
-1
-3
-3
-3
-3
-4
-3
-3
-3
-2
-1
-1
0
-1
-3
-3
-3
0
-2
-3
-2
-2
-3
-2
-2
-3
-2
-4
-4
-5
-4
-2
-1
1
-1
-1
-3
-2
-2
-1
-1
-2
-3
-4
-3
-4
-3
0
2
2
0
0
-1
0
0
2
2
2
2
1
0
-1
2
3
3
2
2
6
9
9
10
9
6
5
6
5
6
8
7
7
8
9
9
9
10
10
8
8
8
6
7
7
6
7
8
7
7
8
6
5
5
5
4
5
5
3
1
2
2
3
3
4
3
2
1
0
-1
-5
-6
-5
-7
-5
-7
-5
-6
-8
-8
-8
-8
-11
-11
-11
-10
-10
-10
-7
-7
-8
-7
-6
-5
-6
-4
-2
-2
-2
-1
-2
-2
-1
0
-1
-2
-2
-1
-1
-2
-2
-2
-2
-3
-1
1
3
2
1
0
2
0
-3
-1
0
0
0
-2
-1
-2
-3
-4
-4
-2
-3
-3
-4
-2
-1
0
1
2
2
0
-2
-3
-2
-4
-3
-1
0
-1
2
2
1
1
2
1
-3
-5
-3
-2
-1
0
0
0
1
4
3
5
4
4
3
1
1
4
5
4
4
3
3
4
3
3
3
5
4
4
4
5
4
1
2
1
1
2
2
1
0
0
-2
-2
-1
1
0
0
0
1
0
1
2
1
2
2
2
2
0
-1
1
2
1
-1
-2
0
-1
-3
-3
-1
0
0
0
-1
-1
-1
-1
0
0
1
1
1
3
4
6
5
5
3
2
1
3
1
2
2
0
1
3
3
4
4
4
3
2
4
5
5
5
7
6
4
3
3
-1
-1
-1
0
-1
-2
-2
-3
-5
-5
-3
-2
-3
-3
-3
-3
-5
-5
-7
-7
-8
-8
-7
-8
-7
-8
-7
-5
-7
-6
-7
-7
-8
-8
-7
-4
-5
-4
-4
-4
-3
-4
-3
-3
-2
-1
-1
0
-1
-2
0
1
0
1
0
0
-1
1
3
4
4
4
3
2
1
3
3
4
6
6
4
1
0
-1
1
2
2
4
4
2
1
0
-1
-1
-1
0
2
4
5
5
2
2
1
-1
-2
-3
0
-1
-2
0
1
2
1
2
2
1
0
-4
-4
-3
-3
-1
-1
-2
-3
-2
0
2
2
5
3
1
1
4
2
1
3
2
2
1
2
2
4
4
4
6
5
8
7
8
7
6
3
2
0
0
1
2
1
0
0
-1
-1
-3
0
0
1
1
1
1
-2
-2
-2
-1
0
-1
-2
-2
-4
-3
-2
-1
-1
-2
-1
-2
0
1
0
1
1
2
1
1
0
-2
0
1
0
3
2
0
1
2
0
1
-1
-1
-1
2
2
0
-3
-2
0
1
3
3
2
1
-2
-2
-2
-2
-2
-1
0
-2
-2
-1
-4
-4
-4
-4
-4
-5
-3
-5
-5
-5
-5
-4
-7
-6
-5
-5
-4
-4
-7
-6
-6
-5
-4
-4
-4
-4
-1
-2
-2
-3
-6
-5
-3
-4
-3
-2
-4
-3
-4
-3
-4
-3
-2
1
1
1
1
2
1
2
3
3
4
3
4
5
6
4
3
3
3
2
3
4
2
2
3
2
2
3
3
4
2
2
3
1
3
4
4
4
5
4
5
4
4
5
6
6
6
5
4
3
2
2
0
2
3
3
4
3
1
2
3
3
3
4
1
1
2
2
4
3
2
3
3
5
5
4
7
7
10
8
9
10
8
7
7
7
7
8
7
7
6
4
3
3
4
4
2
0
-2
-3
-4
-5
-3
-4
-4
-4
-5
-6
-6
-8
-7
-8
-8
-8
-10
-10
-12
-14
-14
-13
-12
-11
-11
-14
-15
-14
-15
-15
-13
-10
-10
-10
-9
-10
-8
-9
-10
-10
-8
-9
-9
-8
-7
-4
-3
-5
-5
-5
-2
-2
0
4
3
2
3
3
4
4
3
3
3
5
6
6
5
3
3
4
6
6
6
6
6
5
5
7
9
9
9
9
9
8
7
6
4
6
5
6
7
6
6
7
6
5
3
2
2
2
1
0
-1
-2
-3
-3
-1
0
-1
-2
-3
-5
-5
-5
-4
-3
-3
-1
-1
-1
-1
-2
-4
-3
-4
-3
0
2
6
7
10
8
6
3
1
1
0
2
4
5
6
7
8
8
6
5
5
5
4
4
4
4
7
7
9
9
7
5
4
4
3
2
3
0
0
-2
-2
0
0
1
-1
-2
-2
-4
-6
-7
-6
-6
-5
-5
-5
-6
-5
-4
-4
-6
-5
-5
-6
-4
-6
-6
-5
-2
0
0
-1
-2
-5
-5
-5
-3
-3
-3
-7
-8
-7
-5
-2
-2
-2
0
-2
-3
-4
-5
-2
-2
0
1
-2
-2
-4
-4
-4
-2
-1
0
-1
-1
-3
-6
-4
-4
-3
-2
-1
-3
-4
-2
-1
-1
0
-1
-3
-8
-8
-6
-4
-2
-3
-4
-6
-8
-5
-6
-5
-4
-4
-3
-3
-3
-3
-2
-3
-1
0
1
0
-1
0
2
4
6
6
4
4
4
4
5
7
6
7
8
8
6
6
6
10
12
12
12
11
7
6
9
10
10
9
11
11
12
14
14
14
14
15
15
11
11
9
5
7
6
4
3
2
0
0
1
4
4
2
0
0
-2
-1
-2
-3
-2
-2
-3
-4
-5
-6
-5
-5
-5
-5
-5
-7
-8
-7
-6
-3
-4
-5
-4
-4
-2
-1
-1
-1
-1
0
0
0
1
1
-1
-2
-4
-4
-5
-4
-5
-3
-3
-5
-2
-1
-3
-3
-3
-4
-6
-7
-7
-7
-7
-7
-8
-8
-9
-7
-7
-7
-5
-8
-8
-8
-7
-8
-10
-10
-11
-12
-12
-11
-7
-7
-7
-3
-2
-3
-4
-4
-4
-3
-1
-1
-1
0
3
2
4
5
5
6
6
5
6
5
5
8
7
5
7
4
4
5
6
6
6
4
4
4
3
5
5
3
3
3
3
7
7
5
5
4
2
1
2
3
2
0
1
1
-1
2
1
4
4
2
0
-2
-3
-4
-1
1
1
1
3
3
3
3
0
-1
2
3
3
4
4
4
5
6
7
7
5
5
5
6
8
8
7
6
5
4
2
2
5
5
6
8
6
6
6
6
5
7
7
4
3
2
3
3
3
-1
-2
-2
-1
1
1
1
0
-2
-4
-3
-2
-3
-3
-4
-6
-3
-5
-9
-8
-9
-9
-12
-14
-14
-13
-12
-11
-10
-10
-12
-12
-11
-9
-10
-8
-8
-10
-9
-7
-8
-7
-9
-8
-7
-7
-5
-7
-7
-6
-6
-6
-6
-7
-8
-8
-7
-5
-3
-4
-3
-4
-3
-2
-2
-2
-1
-2
-1
0
-1
-2
-3
-3
-2
1
2
2
2
1
1
2
3
5
5
4
3
4
4
2
2
6
4
3
5
3
2
3
4
5
8
7
6
5
6
8
7
8
7
8
7
8
10
10
11
13
14
11
11
9
8
9
10
10
9
6
7
9
10
12
13
11
9
8
6
6
5
5
6
5
6
4
3
3
3
2
4
2
3
4
4
5
5
4
1
0
-2
1
1
1
1
0
0
-2
-4
-4
-6
-6
-6
-7
-7
-7
-8
-10
-12
-11
-10
-12
-11
-9
-10
-10
-10
-13
-11
-10
-9
-9
-10
-12
-10
-11
-10
-9
-7
-8
-8
-9
-8
-7
-8
-6
-6
-6
-4
-3
-4
-4
-5
-4
-3
-4
-2
-3
-5
-7
-4
-3
-1
-3
-1
1
0
1
1
0
0
-1
-2
0
1
0
2
1
2
1
-1
-1
-2
-1
-1
2
-1
-2
-1
-3
0
3
1
0
0
-2
-3
0
0
0
-1
0
2
2
4
5
3
4
5
7
6
7
7
9
11
12
12
10
10
12
10
10
12
10
12
13
13
13
13
11
10
11
10
7
5
4
3
7
6
7
3
4
5
4
3
3
0
-1
-2
-2
-1
0
-1
-1
0
1
-1
-3
-6
-7
-7
-6
-3
-2
-2
-2
-3
-3
-4
-4
-5
-6
-6
-5
-3
-3
-2
-1
0
0
2
1
1
1
1
3
5
3
2
0
-1
1
-1
0
-1
0
0
3
3
3
3
1
1
0
-2
-2
-4
-4
-3
-2
-3
-4
-6
-6
-7
-7
-3
-5
-7
-7
-7
-7
-8
-6
-7
-6
-6
-8
-8
-7
-10
-10
-11
-12
-11
-11
-10
-9
-7
-5
-6
-5
-6
-4
-6
-8
-9
-11
-10
-7
-6
-5
-3
-3
-4
-1
-1
1
1
1
1
1
2
1
1
3
2
4
4
5
6
6
6
6
6
6
6
6
7
8
10
9
10
9
8
7
7
8
8
6
5
4
5
5
4
4
4
3
3
3
3
1
1
1
1
2
1
1
1
1
4
2
4
4
2
4
4
5
4
3
4
7
7
6
8
7
7
7
6
5
5
6
6
7
8
9
6
5
4
3
3
3
2
3
3
3
4
5
6
4
1
1
3
2
1
1
2
0
-2
-2
-3
-5
-4
-2
-3
-6
-7
-8
-9
-9
-9
-11
-10
-12
-12
-11
-10
-11
-9
-9
-10
-9
-8
-6
-7
-6
-7
-8
-8
-9
-9
-8
-9
-8
-7
-6
-5
-5
-5
-4
-6
-7
-8
-6
-3
-3
-4
-3
-1
-1
1
3
0
0
1
0
1
2
0
-2
0
1
0
2
2
2
0
-1
-2
-2
-3
-5
-3
-1
1
1
2
0
0
0
2
0
-1
-1
0
0
1
3
3
2
3
5
5
5
4
6
6
5
5
5
3
5
5
7
8
6
6
6
4
5
7
6
7
7
7
8
9
10
9
8
7
6
5
4
6
7
7
6
7
5
5
6
4
6
7
4
4
4
2
4
2
3
2
0
0
1
0
-1
-3
-4
-3
-1
-2
-3
-3
-3
-3
-4
-4
-7
-8
-8
-7
-5
-6
-8
-9
-10
-8
-7
-6
-7
-7
-6
-7
-7
-5
-5
-4
-3
-3
-3
-3
-2
0
-1
-1
-1
-1
0
0
0
0
-1
0
1
1
0
1
1
-1
-2
-2
-1
-2
-2
-3
-2
0
-1
0
0
0
-3
-3
-3
-4
-3
-2
-4
-4
-5
-4
-4
-4
-4
-4
-3
0
0
-1
-2
-3
-4
-2
0
0
0
0
0
1
2
2
1
2
3
2
2
1
1
2
3
3
4
6
5
5
6
8
5
4
5
5
5
5
5
5
5
5
6
6
6
7
5
5
5
5
4
2
2
2
2
2
2
1
1
0
-1
0
0
0
-2
-4
-4
-5
-3
-2
-3
-2
-1
-2
-2
-4
-4
-3
-5
-3
-3
-4
-4
-3
-3
-5
-5
-4
-3
-3
-1
0
1
0
3
3
2
1
0
-1
-1
-1
0
-2
-2
-2
0
2
3
5
3
1
-1
-2
-1
0
0
1
3
3
2
0
0
-1
-2
1
2
2
1
0
3
1
-1
-1
-2
0
1
1
2
1
-1
0
1
1
2
1
1
-1
0
1
2
2
0
-2
-2
0
-1
2
5
5
6
5
2
1
2
2
2
0
1
2
2
3
3
1
2
-1
-1
0
2
0
0
-3
-3
-1
0
1
0
0
0
-2
-4
-4
-6
-6
-4
-5
-3
-3
-4
-4
-3
-4
-4
-3
-5
-5
-5
-7
-4
-5
-6
-6
-6
-5
-5
-3
-5
-4
-3
-3
-3
-2
-2
-4
-4
-3
-2
-3
-3
-1
2
3
1
2
-1
2
5
5
6
2
0
-1
2
7
6
3
4
5
5
8
8
8
6
4
5
5
8
8
4
3
2
2
1
2
2
2
1
2
4
3
3
2
2
2
2
1
0
2
5
4
3
5
3
2
3
3
2
1
1
2
1
2
2
1
1
2
1
0
0
-2
-2
-2
-2
0
1
2
3
3
2
2
0
-1
-1
0
4
4
3
2
3
3
3
2
0
-1
-2
-1
-1
1
-1
-2
-1
1
2
1
1
0
0
3
1
1
-1
-3
-5
-6
-6
-7
-6
-7
-6
-6
-9
-11
-13
-15
-14
-13
-11
-11
-10
-9
-11
-9
-7
-8
-7
-7
-6
-6
-6
-8
-8
-7
-7
-5
-3
-4
-2
-2
-2
-2
-1
-2
-3
-1
-1
1
3
3
3
6
6
9
8
8
9
7
9
7
6
5
4
2
3
5
9
9
9
8
9
6
4
3
3
2
5
4
3
6
6
5
6
6
5
0
0
2
2
1
3
3
0
0
0
5
4
7
9
6
5
3
5
3
2
-1
-1
-1
-1
2
0
-1
-1
-3
0
-4
0
-1
-3
0
-1
1
0
1
1
0
-2
-3
-6
-5
-3
-3
-1
-2
-2
-5
0
-2
-3
-2
-3
-1
2
1
-1
-1
-3
0
1
4
6
4
4
1
-3
-4
-6
-5
-5
-3
-4
-1
-4
-1
0
1
0
-3
0
-5
-4
-4
-4
-8
-8
-6
-4
0
4
6
3
6
-3
-3
-5
-8
-4
-5
1
-1
4
3
3
3
3
3
5
4
5
1
-2
-1
0
-1
-1
3
4
8
9
10
10
6
2
1
-3
-7
-6
-8
-12
-8
-5
-2
3
7
8
2
-3
-4
-12
-15
-13
-13
-13
-11
-6
-2
-2
4
6
3
1
-4
-3
-4
-6
-7
-3
-5
-5
-2
0
2
3
3
3
3
4
2
2
1
-3
-2
1
3
3
10
9
10
13
11
10
9
8
2
-1
0
-3
-3
-3
0
3
6
6
10
10
5
1
1
2
1
1
2
0
2
7
8
6
7
2
5
5
9
10
3
4
-2
-2
-5
-4
-5
-1
0
2
5
6
6
6
5
10
7
8
6
0
1
-5
-6
-6
-6
-5
-4
0
1
3
1
1
-4
-4
-1
-8
-8
-7
-10
-9
-5
1
3
2
1
-3
-3
-4
-8
-9
-10
-11
-13
-7
-12
-5
-4
-7
-3
-4
-3
-2
-5
-4
-4
-7
-8
-11
-10
-11
-8
-2
-4
5
6
8
6
0
-2
-9
-6
-11
-7
-3
-6
-3
2
6
6
10
9
8
3
2
0
0
-4
-4
-4
-3
-3
-1
5
4
9
13
11
9
4
6
-5
0
-3
-1
3
4
8
11
11
4
3
-2
-3
0
-1
-1
1
-1
-1
4
5
3
7
9
9
5
7
2
1
0
-3
1
0
-2
-3
1
1
4
7
5
4
5
5
-1
4
2
3
0
-4
0
2
3
1
2
6
3
3
1
2
1
2
-1
3
5
5
6
10
11
4
1
-4
-3
-4
0
2
3
3
7
3
5
5
0
0
2
1
2
0
1
-1
-5
-3
-5
-5
-9
-7
-8
-5
-2
-1
-5
-5
-3
-8
-4
-5
-6
-8
-10
-11
-11
-8
-9
-12
-6
-3
-8
-9
-6
-8
-10
-14
-11
-12
-12
-9
-8
-2
-3
-1
-1
1
-1
0
-2
-4
-2
-5
-4
1
3
2
4
2
5
5
4
8
6
3
1
1
-3
-4
-6
-3
0
1
3
8
11
13
14
13
14
5
-2
-1
-1
-1
-1
-5
-3
1
4
5
2
1
1
-3
-2
1
-1
-1
-3
-5
-7
-1
-2
-2
3
7
3
0
1
-4
-10
-5
-4
-2
-2
-2
6
3
6
10
9
9
8
2
6
4
-2
2
6
5
7
6
8
10
9
16
13
12
8
6
10
5
2
10
5
4
13
12
15
13
8
5
4
5
0
0
0
-2
-7
-9
-5
-3
3
-1
3
2
-1
3
-1
4
1
-6
-4
-7
-13
-11
-6
-8
-7
-5
-8
-8
-9
-9
-7
-10
-12
-5
-5
-6
-6
-10
-9
-17
-8
0
-10
-8
-2
-1
-7
-5
2
-6
-11
-7
-2
-7
-6
-7
-8
-2
-5
1
-2
-8
-7
-4
-4
-10
-1
-8
-10
-7
-5
-7
-5
-6
2
7
4
5
1
-3
-12
-9
-8
-3
-10
-11
-3
-8
-2
1
4
5
6
2
12
6
-2
6
1
4
2
1
0
5
13
12
17
10
9
11
8
10
15
10
5
17
12
10
11
12
5
6
11
13
17
3
5
5
3
4
12
16
8
17
19
11
13
16
6
7
7
-6
-4
2
-2
0
7
-1
4
8
4
0
-7
4
-5
-7
-11
-11
-16
-21
-8
-10
-9
-3
-8
-7
0
2
0
-3
-10
-12
-7
-15
-19
-11
-9
-5
0
-1
-7
-3
2
-4
-4
-5
-6
-1
-5
-2
-2
-7
-5
-7
-1
-1
4
2
6
3
2
-1
-1
0
-10
3
-2
-6
6
5
3
8
8
5
5
-1
-2
-1
5
1
-11
5
1
-7
-6
-6
11
1
-4
5
-3
-3
13
-4
-11
-1
-10
-12
-12
-9
-1
7
1
8
18
-10
-11
6
0
-17
-5
11
-5
-5
5
6
1
4
4
0
6
1
-4
-5
-3
-4
-4
-1
2
-3
0
-5
7
7
10
7
-2
1
1
4
7
1
-1
1
1
1
3
11
3
8
6
-4
-4
-1
-1
-3
1
1
-5
4
6
9
11
12
12
5
5
6
2
1
-1
0
-3
2
1
-3
-5
3
2
-9
3
4
-2
-1
-3
-1
1
-10
-4
-2
-2
8
3
2
5
-1
-1
-1
2
7
0
8
-4
2
9
2
8
4
8
7
9
-1
1
-8
-5
6
-3
-1
1
-1
2
6
5
10
7
6
12
9
7
1
-12
-7
-4
-8
-6
0
-9
-4
-2
0
-3
0
-3
-8
-9
-13
-4
-10
-11
-2
-11
-14
-7
-2
-8
-7
-11
-10
-6
-9
-5
-7
-7
-12
-10
-12
-10
-5
-10
-6
-3
0
-1
2
3
2
5
-6
1
-6
-2
-5
-3
-1
-1
0
8
11
1
8
11
5
2
2
3
1
-6
-2
-5
0
0
3
9
17
16
10
11
3
-4
-2
-4
3
7
1
14
7
3
3
-2
-3
4
1
-3
4
1
4
3
0
9
3
5
12
6
3
2
0
-3
-7
-5
-10
-2
3
-6
7
10
3
9
1
-3
-5
-1
-2
1
8
-9
0
-2
-4
0
-1
0
7
7
-5
-1
4
0
5
5
2
9
2
-2
3
-2
1
5
-1
3
0
4
7
-3
-3
7
-5
-7
4
6
2
7
5
0
12
0
-2
6
1
-2
-3
-7
0
-1
-4
-6
-3
-5
-6
-1
-3
0
3
-2
-2
2
-2
-5
1
2
-9
-4
5
0
-8
-4
-7
-12
-10
-10
2
1
-4
3
0
-4
1
0
-7
-10
-4
-5
-2
-7
-5
-2
-16
-10
2
-7
1
3
-4
-2
0
-7
-6
-3
-10
-14
-10
-12
-9
4
3
9
4
0
5
-3
-10
0
-2
4
9
7
2
7
2
-1
1
6
6
1
1
3
3
1
4
7
4
6
5
5
7
8
8
-1
9
0
-1
5
3
8
5
2
3
0
0
4
3
4
3
1
0
3
12
5
4
9
-3
-1
2
-9
1
-1
-1
0
0
11
6
5
5
2
-5
-8
-7
-3
-1
1
2
-2
-3
-6
-1
-1
-3
2
-2
-5
-3
0
0
-1
1
-1
0
0
-3
3
5
0
1
1
5
-1
-2
4
1
-1
0
0
2
1
0
-1
4
8
3
1
0
5
4
8
3
2
1
-8
-5
1
-5
-2
2
-2
8
2
0
1
-4
-7
-6
-8
-7
-3
-9
-7
-3
-5
-6
-6
-10
-4
-3
-8
-4
-5
-9
-8
-1
-8
-2
0
-8
5
-5
-4
-1
-2
-5
-1
2
0
0
-1
5
8
4
11
5
1
6
5
8
4
2
-1
0
1
3
10
4
-1
2
2
0
3
2
0
-3
-4
-1
0
0
-1
1
4
1
-4
-6
-5
-6
-8
-6
-2
4
-3
3
1
-6
1
0
0
-1
2
0
-7
-5
0
-1
-2
6
6
-1
6
3
1
3
1
1
-3
2
3
6
6
11
3
1
6
0
-4
0
7
4
8
10
10
9
4
1
8
5
2
3
-2
-6
-5
-1
-3
1
-1
1
4
-3
0
2
-1
2
3
-5
-3
-2
-9
-4
3
0
-6
4
-3
-3
-2
-7
-6
-5
-5
-5
0
2
3
5
3
1
1
0
3
2
-2
1
6
1
8
4
3
7
1
1
-1
-2
-6
-1
2
2
5
3
2
4
10
2
3
5
-2
0
-3
-5
2
-5
-5
1
-1
-3
-5
-1
0
1
1
0
-3
-1
0
-4
-5
-11
-9
-12
-7
-2
-8
-8
-4
-8
-5
-1
-2
-6
-10
-11
-10
-8
-13
-9
-5
-10
-9
-4
-7
-4
-6
-5
-6
-9
-6
-6
-9
-1
3
-5
-5
-1
1
-3
1
5
5
4
2
10
11
5
8
6
4
7
12
13
7
8
10
8
6
9
14
15
13
10
8
13
12
6
6
11
9
1
5
3
9
5
7
4
2
3
-2
2
7
4
3
5
3
5
2
-2
1
-2
-2
-5
-4
-4
-1
-5
-1
2
-2
-6
-6
-2
-3
-1
-2
1
3
-3
-3
0
-4
-4
-3
0
3
5
-1
-2
-2
-10
-9
-6
-8
-2
1
0
-2
-1
-5
-4
-2
-2
4
4
0
4
-3
-2
-3
-3
-1
-1
1
-3
0
-2
-2
4
2
-4
-4
-3
-9
-3
-3
-2
1
-2
1
-1
-2
-1
-3
-4
-4
-6
-6
-4
0
-2
0
1
-3
-5
-2
-2
-1
-2
-2
-2
-2
1
1
-2
-1
-1
-5
-2
4
3
5
3
3
2
-2
-1
1
2
4
4
3
2
-2
-1
-3
-1
1
2
-2
1
-2
-2
-2
-2
-4
-2
-3
-6
-3
-2
-5
-5
-3
-4
-3
-2
-2
-2
2
0
-4
-3
-4
-4
-2
-1
3
0
2
2
0
1
3
1
-1
2
4
5
8
6
4
5
7
6
1
6
6
4
6
7
9
7
6
6
11
13
12
10
10
10
8
4
4
9
6
4
7
7
3
6
9
6
4
3
5
2
-3
4
3
-1
-3
-1
5
2
-2
-3
-4
-4
-4
-2
-4
-4
-2
-1
1
0
0
-3
-6
-5
-7
-6
-6
-4
-7
-7
-4
-6
-5
-7
-9
-3
-1
2
0
-3
-1
-2
-5
-7
-8
-13
-13
-8
-9
-10
-8
-5
-3
-2
-1
-2
0
-2
-5
-4
0
-4
-7
-4
-4
-7
-2
-4
-2
-4
-6
0
3
1
3
4
2
0
1
3
-2
-3
-1
-1
4
5
0
0
-2
0
6
3
0
-2
-2
-1
0
3
5
2
-1
5
2
0
1
-4
-3
-2
-2
-1
1
1
3
4
4
0
-3
-4
-6
3
4
5
4
6
7
6
7
11
8
3
3
6
7
4
4
4
3
1
5
5
4
3
2
5
6
6
6
5
4
2
4
-1
-2
-1
-5
-2
-2
-1
0
-3
1
6
5
4
6
2
-2
-1
-2
0
-2
-5
-4
-2
-4
-4
-2
-4
-1
1
-1
-2
-4
0
0
-2
-1
-5
-5
-3
-3
0
3
3
-1
-5
-1
-1
-2
-1
2
-1
1
0
-5
-4
-2
-1
1
3
3
2
-1
-1
-2
-2
0
1
1
3
2
2
1
-1
-4
3
1
-3
-1
-1
-2
-1
-3
-4
-4
-4
1
2
2
1
0
-1
-5
-5
-3
-3
0
-3
-2
-3
-2
-1
-4
-3
-4
-2
2
1
0
1
1
-3
-5
-5
-5
-2
-1
2
2
0
-1
-5
-3
1
-4
-1
0
-6
-3
-2
1
3
2
4
2
0
2
2
-1
4
4
2
2
1
-1
-1
1
2
1
3
0
2
7
4
4
4
-1
-1
2
1
3
0
-4
3
4
0
4
4
0
3
0
-2
2
3
2
4
3
8
6
1
3
1
1
0
3
0
2
0
4
4
2
2
4
5
3
8
4
6
7
2
0
0
1
-1
2
1
3
3
2
1
1
2
-2
-1
-1
-2
0
-1
-1
-2
-4
-4
-3
-4
-2
-1
-3
-2
3
0
-2
-3
-4
-3
-1
4
5
5
4
-1
-2
3
1
2
4
1
-1
-2
-1
-4
-6
-5
0
1
1
3
0
-3
-5
-6
-4
-3
-5
-6
-3
-3
-5
-5
-7
-4
1
-2
-2
-4
-9
-7
-6
-8
-3
-3
-9
-5
-8
-10
-7
-6
-4
-3
-7
-7
-8
-7
-3
-3
-5
-1
-2
-9
-5
-3
-4
-1
-1
-2
0
-1
-2
0
-1
-3
-2
-4
0
4
3
5
2
1
2
2
2
3
7
6
4
5
3
5
5
4
5
5
5
4
4
4
7
9
9
8
9
9
11
10
11
8
5
5
4
5
5
3
3
5
5
5
5
3
-2
-2
4
4
6
5
2
2
1
1
1
1
-3
0
-1
-2
-1
-2
-2
0
1
3
2
0
1
3
5
4
0
-1
3
1
3
5
4
0
3
3
-1
2
2
2
0
5
7
5
2
-1
1
-1
-1
2
1
1
0
-4
-4
-5
-6
-6
-5
-4
-4
-7
-12
-6
-7
-6
-1
-5
-7
-4
-4
-3
-2
-6
-7
-8
-11
-11
-10
-8
-7
-8
-7
-7
-7
-7
-7
-7
-6
-5
-4
-3
-2
-3
-2
-4
-7
-5
-5
-5
-5
-2
-3
-4
-3
-2
0
0
0
-2
-5
-1
2
0
1
0
0
1
-3
-1
2
-1
1
2
4
4
2
0
3
4
3
4
3
0
0
3
2
6
6
2
4
7
6
6
7
5
6
5
7
10
8
8
8
5
5
10
9
6
7
9
8
5
6
6
8
4
4
0
-2
1
-2
1
2
2
2
1
0
1
0
2
3
2
2
2
1
1
0
-2
-3
-1
2
1
2
0
-1
-2
-2
-1
3
1
3
3
2
2
-1
-3
-2
0
0
0
3
0
-2
0
-1
-2
-1
-2
-2
-1
-3
-4
-2
-3
-1
-2
-3
-3
-5
-7
-7
-5
-7
-3
-4
-5
-3
-5
-4
-3
-2
-4
-3
-3
-2
-3
-5
-4
-6
-4
-5
-5
-4
-5
-1
2
2
1
-1
-3
-3
-3
-2
0
0
1
0
2
1
-1
-1
-4
-3
-3
0
1
2
2
3
0
-2
-2
-1
0
-1
3
4
2
-1
0
2
0
4
5
5
3
1
2
-1
-1
-1
-2
1
3
2
2
4
3
7
5
2
2
2
2
0
2
4
2
1
2
3
2
1
0
2
0
3
3
4
2
-2
-1
-4
-6
-3
0
-1
2
0
1
-2
1
-1
-3
-3
-4
-4
1
4
3
1
-1
1
2
5
7
2
2
2
3
4
4
6
2
1
-1
-2
-2
2
2
1
5
4
2
1
1
-1
-1
-1
-3
-1
-1
0
1
1
2
1
2
-1
-2
-2
-4
-6
-3
-1
2
0
-2
-2
-2
-1
-2
-1
-1
1
-5
-5
-2
1
-1
-5
-5
-5
-3
0
1
0
-1
-2
-3
-3
2
4
1
-1
-1
-4
-4
-6
-7
-5
-3
-8
-7
-5
-6
-4
-3
0
0
0
-2
-4
-1
-3
-4
-4
-1
-2
-3
-3
-6
-5
-5
-4
-1
0
1
3
2
-1
1
3
4
5
3
2
3
4
4
2
3
2
1
4
6
6
7
5
7
5
1
1
1
3
4
3
7
6
4
4
2
1
1
-1
-3
-2
0
2
-1
-1
1
5
0
-1
-1
-5
-8
-3
-1
-1
-1
-1
-2
-2
0
3
4
2
4
2
-1
2
3
4
4
4
5
5
3
4
5
5
3
5
4
4
4
3
4
2
4
4
5
5
2
2
-2
-2
1
1
1
3
2
-3
-3
-2
-2
-3
0
-2
-3
-1
-2
-3
-3
-6
-4
-1
-4
-7
-5
-7
-10
-6
-4
-2
-4
-3
-6
-9
-8
-7
-7
-8
-5
-3
-3
-5
-4
-2
-2
-1
-5
-4
-4
-6
-7
-7
-3
-4
0
3
3
6
6
1
-2
-3
-4
-2
-2
-1
-1
-2
-2
0
1
1
1
3
3
3
4
5
2
3
4
5
4
2
0
0
2
4
4
3
1
2
2
1
5
1
-1
-1
-2
-3
-2
2
2
3
4
8
2
-1
-2
-1
-1
-1
2
0
-3
-4
0
-2
-2
-3
-3
-3
-4
-2
1
1
0
2
0
1
1
-1
1
-3
0
0
1
1
2
4
2
1
-1
-1
-3
0
5
4
2
1
1
1
1
4
5
5
3
0
-1
0
-1
4
5
4
3
2
4
1
2
2
0
-2
-4
-2
2
0
0
3
2
-2
-2
0
-2
-4
0
-3
-3
-1
1
1
-2
-2
-2
-3
-3
-1
-1
0
1
2
2
1
0
3
2
2
3
0
0
-2
-1
1
3
4
2
2
3
1
3
4
2
4
5
4
2
2
2
0
-3
0
0
0
2
1
4
2
2
3
4
2
0
1
1
-1
-2
-2
0
2
-2
-1
-1
-4
-6
-8
-8
-6
-6
-6
-4
-5
-2
-4
-7
-7
-9
-10
-9
-10
-11
-13
-14
-12
-9
-7
-9
-8
-7
-9
-8
-5
-5
-5
-6
-3
-1
1
3
3
2
-1
-1
1
2
3
8
8
8
9
8
8
10
7
7
6
7
8
11
10
7
7
7
6
4
8
9
7
5
6
6
7
7
2
2
4
-1
-3
-2
0
1
4
5
4
1
1
-2
-2
1
-1
0
-1
3
4
1
0
-1
0
-3
-3
0
1
-1
1
5
6
4
0
0
0
3
3
3
5
4
2
2
1
0
1
-1
-1
-2
0
1
4
0
-1
-1
-6
-5
-4
-1
3
1
-1
-2
-7
-11
-8
-7
-6
-6
-4
-5
-6
-6
-5
-6
-6
-6
-5
-4
-4
-6
-5
-4
-7
-5
-4
-4
-2
-3
-3
-5
-5
-3
-5
-4
0
-3
-4
-6
-5
-2
-5
-4
-3
-4
-5
-4
-2
-2
-4
-1
-2
-5
-4
-4
-4
-2
3
3
3
4
4
2
4
5
7
6
5
4
3
4
4
6
7
7
7
9
8
7
8
8
6
9
11
9
5
3
6
4
8
8
6
5
3
-1
0
2
3
4
6
3
1
1
-1
-1
-2
0
2
0
0
-1
-3
-3
-2
-1
0
-2
-2
-1
-3
-2
-3
-5
-3
-3
-2
2
2
1
2
4
6
4
0
-3
-3
-4
-3
-2
-1
1
1
2
2
2
-1
-1
0
1
1
2
3
4
2
2
2
1
-1
-4
-3
-1
-3
-3
-3
-1
-2
-3
-2
-4
-5
-3
-2
0
0
0
-1
0
-3
-4
-3
-3
-2
-2
0
1
-1
-2
-1
-2
1
-1
-3
-1
-1
-2
-1
0
-2
-2
-1
-1
0
2
2
1
2
2
1
-1
-4
-3
-1
-1
0
1
-1
-3
-4
-2
-3
-2
-1
-2
0
-1
-2
-2
-2
-5
-2
-1
-3
-1
-4
-4
-3
-4
-4
-4
-3
-2
-2
-2
-2
-5
-4
-4
-6
-3
0
-4
-4
-1
-4
-2
1
0
0
1
0
1
1
1
2
4
1
0
3
1
0
1
1
4
5
0
2
3
7
9
9
5
1
3
2
4
3
3
3
4
5
6
6
6
4
5
7
5
5
2
-3
-1
-3
0
0
0
3
4
4
5
3
2
2
1
3
1
0
2
3
2
4
7
5
4
2
3
5
3
2
3
4
3
6
6
4
2
0
2
0
-1
0
0
-1
2
2
1
3
-1
-2
-2
-1
-3
-2
-2
-2
-1
-1
-1
-3
-3
-5
-8
-5
-6
-6
-8
-7
-4
-4
-2
-4
-4
-4
-5
-4
-1
-3
-1
-4
-6
-7
-7
-4
-6
-1
-1
-2
-2
-4
-3
-3
-2
0
0
-1
0
-1
-2
1
-1
0
0
1
0
0
-2
-4
-5
-5
-4
-4
-4
-3
-1
-4
-2
-5
-3
-5
-4
-5
-4
-2
-2
-4
-2
-4
-4
-4
-5
-5
-3
-3
-3
-3
-2
-4
-3
0
1
2
0
3
3
4
3
4
4
3
4
5
5
6
7
7
6
6
5
5
6
7
7
9
7
7
7
5
5
3
1
4
3
3
5
5
5
4
4
2
2
3
5
5
2
0
1
3
1
3
4
2
2
-1
2
1
3
4
2
5
5
3
4
5
2
4
2
3
3
2
2
4
4
5
4
3
6
4
1
1
-1
-1
-1
0
2
1
0
-2
-1
-2
-2
-2
-4
-3
-5
-2
-7
-6
-6
-5
-4
-4
-3
-6
-6
-8
-6
-3
-2
-6
-8
-7
-9
-11
-10
-10
-9
-9
-7
-4
-4
-5
-6
-6
-6
-7
-7
-6
-6
-7
-5
-5
-5
-6
-4
-4
-6
-4
-4
-6
-6
-4
-1
0
0
0
2
1
3
2
1
1
-1
1
2
2
1
2
2
1
2
1
1
1
1
3
2
3
4
3
3
4
1
2
0
-3
-1
1
3
5
1
1
1
2
2
4
4
5
2
5
4
6
9
4
6
9
6
4
5
2
3
6
8
11
10
9
10
8
7
4
2
2
4
7
8
9
8
7
8
10
7
8
5
3
4
1
1
0
3
6
5
3
5
0
-1
-1
-2
-3
-2
-3
-2
-1
-4
-5
-3
-3
-2
-2
-4
-4
-6
-6
-6
-1
-1
-5
-6
-8
-5
-4
-2
-1
-1
-3
-5
-6
-7
-4
-3
-1
0
0
-2
0
0
1
0
1
1
-5
-4
-4
-3
-1
0
-2
-6
-7
-5
-6
-5
-5
-5
-2
-4
-4
-5
-9
-8
-11
-9
-6
-7
-7
-6
-3
-5
-6
-5
-6
-9
-8
-5
-7
-6
-7
-4
-4
-2
-4
-3
-2
-5
-3
1
1
0
2
-1
0
-1
-1
2
6
6
5
5
3
0
1
2
2
4
8
8
7
6
8
7
7
5
5
7
4
4
7
5
8
10
9
9
6
7
5
7
8
11
10
9
9
6
5
4
8
8
6
7
4
3
3
4
7
5
5
6
2
1
-1
0
0
3
4
3
4
2
3
3
3
-2
-1
-2
-2
-2
0
-1
-5
-6
-6
-5
-7
-7
-8
-4
-3
-5
-4
-6
-6
-5
-2
-2
-2
0
-2
-3
1
0
-2
0
-5
-3
-1
-1
0
1
0
1
-1
-2
-2
-1
-2
-3
-1
1
-1
-3
-2
-3
-2
-3
-3
-4
-4
-3
-3
-2
0
-2
-5
-4
-3
-2
-4
-5
-6
-4
-5
-4
-4
-4
-6
-4
-4
-4
-5
-6
-6
-6
-4
-2
-1
-4
-2
-2
-2
-1
-1
1
-1
-2
-2
-5
-6
-1
-2
2
5
3
2
0
0
-1
-2
-2
1
1
0
1
3
2
2
2
3
1
-2
0
0
-2
1
1
-1
0
0
0
4
3
4
1
3
1
1
4
3
2
2
4
4
7
4
4
5
5
7
7
9
6
7
9
9
