8
7
8
9
5
5
3
3
7
4
6
7
6
4
3
0
-1
0
1
2
0
-2
-3
-3
-3
0
1
2
8
6
6
7
8
5
0
2
5
6
10
12
9
9
4
0
1
0
3
6
7
7
9
9
8
5
3
1
0
-1
0
0
-2
-1
0
0
-1
-6
-8
-8
-9
-6
-4
-3
-4
-8
-10
-11
-15
-18
-16
-18
-14
-13
-13
-15
-16
-19
-20
-20
-18
-14
-15
-17
-16
-16
-17
-18
-16
-14
-16
-17
-15
-15
-15
-14
-16
-13
-13
-13
-9
-9
-9
-7
-6
-5
-4
-1
-3
0
1
3
4
4
2
2
2
5
10
8
8
8
11
10
10
12
11
8
8
8
9
5
10
14
15
18
17
16
13
14
12
12
10
9
11
12
14
8
6
8
6
6
4
4
6
4
4
5
5
0
3
2
0
-2
-5
-5
-3
0
1
0
-2
0
1
2
5
1
-3
-2
1
0
0
2
-1
3
3
4
7
6
7
5
4
4
9
9
9
10
9
10
10
8
11
10
8
9
9
8
9
12
13
13
14
8
4
2
2
0
-3
-2
0
3
2
4
3
0
-2
-3
-4
-8
-9
-9
-11
-11
-12
-12
-12
-12
-11
-11
-13
-15
-15
-17
-18
-15
-12
-13
-13
-12
-13
-17
-20
-19
-14
-12
-11
-8
-8
-11
-11
-10
-6
-6
-8
-10
-16
-14
-10
-12
-8
-6
-8
-7
-7
-8
-7
-8
-8
-6
-6
-7
-7
-6
-7
-4
-2
-3
-4
-4
-5
-4
-2
-2
-1
1
4
5
5
7
5
4
5
5
6
8
8
11
11
12
12
10
9
11
11
9
11
9
11
13
12
9
9
7
8
8
8
8
5
5
6
5
5
7
5
5
6
7
6
7
5
4
5
7
8
9
8
5
4
3
2
5
6
6
7
8
12
12
8
6
9
11
11
11
11
9
9
6
8
10
10
8
7
7
9
9
7
11
10
9
9
4
3
4
-1
-4
-4
-6
-2
-4
-4
0
3
1
-1
-1
-2
-7
-8
-7
-9
-8
-8
-7
-6
-7
-7
-7
-7
-7
-8
-8
-7
-9
-8
-9
-8
-12
-14
-15
-14
-14
-13
-12
-13
-12
-13
-11
-13
-10
-12
-12
-13
-12
-13
-12
-11
-10
-10
-10
-9
-13
-14
-16
-17
-18
-19
-18
-17
-13
-11
-6
-6
-8
-6
-9
-9
-6
-8
-6
-2
-3
0
3
5
5
5
4
4
6
4
5
4
7
6
5
7
7
7
8
9
9
9
9
10
10
10
9
11
9
7
7
9
11
10
9
8
8
7
8
7
8
7
6
7
8
7
9
9
8
8
9
8
9
9
7
11
11
12
10
11
11
9
8
10
11
11
9
10
7
5
5
4
5
6
6
6
6
4
4
3
0
3
0
2
4
3
3
2
1
-1
-1
-1
-1
-3
-3
-2
-2
0
-3
-4
-6
-7
-6
-5
-6
-5
-5
-7
-5
-6
-7
-7
-7
-6
-4
-5
-5
-5
-5
-8
-6
-6
-8
-10
-11
-12
-11
-8
-7
-8
-10
-9
-9
-12
-13
-13
-11
-10
-10
-8
-12
-11
-9
-8
-4
-4
-4
-4
-3
-4
-5
-2
1
0
-1
1
0
0
3
3
4
6
3
3
4
7
7
8
6
4
3
3
5
6
5
3
2
3
3
3
3
4
1
-2
1
0
3
2
-2
-3
-1
-4
-6
-5
-5
-4
-6
-7
-4
-4
-3
0
-1
1
1
-3
-3
-2
2
2
-1
3
4
1
2
0
0
-2
1
1
0
3
5
4
6
6
5
6
4
3
6
6
6
7
7
8
7
7
7
7
8
6
6
4
4
6
6
3
3
4
4
2
0
4
5
5
5
4
4
1
2
5
6
3
4
3
5
6
5
5
2
1
1
0
-1
-1
0
0
1
1
-2
-4
-7
-8
-7
-6
-6
-6
-3
-5
-7
-5
-5
-4
-3
-7
-6
-6
-9
-8
-5
-4
-5
-6
-6
-7
-5
-5
-1
0
-4
-3
-3
-5
-5
-3
0
-1
-1
-1
0
-1
-3
0
-2
1
5
7
4
6
7
3
5
6
2
2
2
0
-2
-3
-2
0
0
1
-1
-4
-7
-8
-6
-8
-7
-6
-3
-4
-3
-3
-2
-5
-4
-3
-4
-3
-5
-5
-7
-6
-2
0
1
1
0
-1
-2
-2
0
2
1
4
4
3
5
6
6
5
4
7
6
6
4
6
6
7
8
7
8
8
8
6
5
6
8
4
6
7
1
0
1
-1
2
1
4
2
-2
1
1
0
0
1
-1
-2
-3
-3
-3
-3
-3
-3
0
-1
0
-1
-1
-1
-2
1
0
0
-1
-3
-3
-3
-3
-2
0
-1
2
0
-3
-5
-4
-1
3
1
0
0
-3
0
2
4
3
1
0
0
1
0
-1
-1
1
-1
1
1
0
-2
-4
1
0
-2
-1
-2
-3
-2
-3
-1
-4
-2
-2
-1
-2
-5
-5
-4
-2
-4
-2
-1
-1
-5
-4
-3
-7
-5
-2
-3
-3
-2
-3
-3
-3
-4
-2
-1
-2
-2
-2
-1
0
1
2
1
1
1
0
3
2
1
4
6
7
11
9
5
6
6
6
4
8
5
7
7
6
7
7
6
7
8
8
8
6
3
3
2
3
3
0
0
-1
-3
-1
1
-2
-2
-5
-6
-7
-8
-8
-9
-5
-4
-4
-3
-5
-5
-7
-6
-5
-4
-5
-6
-8
-7
-4
-2
0
-1
-3
-4
-2
-1
-1
0
1
1
1
-2
-3
-6
-4
-1
-1
1
1
-4
-4
-3
-3
2
2
1
1
2
2
-2
-3
-1
0
-2
1
3
0
-1
3
4
1
4
0
1
2
4
5
8
12
11
6
2
1
-1
5
7
8
9
6
4
6
9
4
6
8
2
1
-1
2
4
3
2
1
1
-3
3
4
2
0
1
1
1
4
1
-5
-8
-7
-9
-4
-4
-3
-1
-1
-2
-1
-2
-2
-3
-5
-6
-5
0
4
3
3
2
-1
2
-2
0
4
-1
0
1
-2
-2
0
-1
4
4
4
3
0
-6
-6
-6
-9
-4
-3
0
3
1
-2
-4
-6
-12
-13
-10
-9
-5
-4
-4
1
2
-3
-3
-3
-9
-13
-10
-10
-7
-7
-2
-2
-3
-4
-2
-2
-2
1
-3
-3
-1
-3
-4
-2
-2
3
2
-1
2
3
2
2
3
3
4
3
3
7
11
8
7
5
4
3
3
2
2
4
1
2
6
6
7
5
6
3
5
5
2
6
8
8
5
2
-1
0
-1
-2
1
2
-2
-1
0
0
3
3
2
0
3
5
6
9
6
0
5
7
7
3
-1
0
4
6
7
6
4
4
2
2
1
0
-1
-3
4
5
6
0
-4
-2
1
0
1
7
5
0
-2
1
2
0
-2
0
-2
-6
-9
-4
-3
-2
-4
-3
-2
-3
-5
-11
-9
-3
-6
-7
-4
-6
-9
-11
-10
-6
-5
-4
-2
-3
-1
-7
-9
-8
-4
-5
-6
-6
-11
-11
-9
-4
-4
-8
-2
-1
0
-9
-7
-3
-5
-2
-2
2
-2
-4
-7
-3
3
2
-1
0
-3
-5
1
1
0
0
10
13
-12
-31
-5
33
43
16
-16
-14
-7
-18
-1
30
26
8
5
14
-8
-29
2
-8
-12
49
64
10
-29
-23
-8
1
7
22
23
3
-29
-13
18
13
-26
5
18
-11
29
41
2
-51
3
47
12
-1
4
6
-3
-17
0
26
17
15
0
-13
-22
-13
34
26
-8
7
-7
-13
-5
-5
5
-18
-24
7
16
2
1
-7
-3
-27
-30
-1
12
19
5
-2
-28
-43
-14
8
19
17
-9
-25
-33
-25
-2
9
16
8
3
11
-5
-21
-10
-3
-1
13
16
15
11
-1
-10
-19
-5
21
19
16
3
3
1
3
19
13
8
0
-11
-6
7
4
3
-1
5
6
3
4
2
6
-11
-12
-7
-12
15
21
7
-6
-26
-25
-8
1
10
15
-3
-16
-11
-3
-15
-19
1
4
1
14
2
-16
-17
-22
-15
-1
10
3
7
3
8
-6
-15
-3
-9
-2
8
7
-15
-4
-9
-13
1
9
2
-9
4
17
12
1
-1
-22
-12
11
13
3
-4
6
-13
-5
-1
9
2
-5
3
10
11
4
2
0
6
5
12
-5
-16
11
16
-6
8
8
-4
18
17
7
0
-2
-1
1
5
16
14
6
-2
12
16
9
0
-12
1
3
-29
-10
19
20
3
3
-14
-4
11
8
0
-3
-1
-3
-5
-12
4
5
-7
4
20
-5
-11
2
-13
-5
1
4
12
12
12
7
-12
-5
-14
-15
11
9
11
4
15
-4
-1
-4
-6
-12
-34
-2
12
1
9
23
-10
-25
-5
5
5
6
1
-13
-29
-6
1
3
-6
-4
-7
-17
-10
3
-13
-12
-1
-20
-10
-2
-1
-4
-16
-28
-3
-9
-6
9
-6
-15
-17
3
-5
1
9
-1
-10
-11
-8
2
9
11
16
4
-2
6
3
5
0
0
9
1
6
31
15
-11
4
13
13
5
21
15
-7
0
8
21
9
4
11
19
-5
-4
15
20
-11
-5
8
16
7
17
10
15
0
-12
3
-14
-1
6
23
13
-8
-13
4
-6
2
11
-6
-8
-4
-4
-14
-15
15
1
-16
-10
-4
13
5
1
-13
-20
-13
-3
-8
-15
3
9
16
3
8
-1
-18
3
-3
-25
-12
8
16
-9
-3
16
-1
-19
-6
16
9
9
-7
-6
3
-11
-2
-2
-4
-4
15
4
-21
10
11
-5
-21
-10
-3
-11
-1
-5
20
5
-17
-3
-4
-18
-20
7
7
-9
0
-6
-16
-6
-11
-6
19
-6
-5
27
6
-10
-8
-14
-14
3
27
2
3
3
-4
-28
13
24
5
15
-1
-7
-19
-2
25
14
16
11
0
2
7
13
-5
-6
1
5
-3
13
19
2
-2
6
-6
-1
-1
14
8
-2
5
11
-15
2
5
3
-1
-17
10
6
-7
-28
1
3
-3
9
13
7
-1
-7
-3
-9
-17
-4
1
-7
2
-2
-10
3
0
6
-6
-15
-17
-9
-14
-11
8
8
-13
-28
3
9
12
8
-20
4
7
-16
0
14
-15
-9
12
-6
11
-3
9
-3
-4
6
2
9
-8
20
21
0
2
8
13
7
5
-5
-1
1
-1
14
23
8
-7
12
1
-12
5
12
5
4
17
20
-5
-11
4
-9
0
17
15
-1
-11
12
8
-20
2
21
-5
-9
3
2
-12
6
23
9
-5
-8
-1
-6
-13
10
22
-14
-4
14
-1
-3
1
4
3
-3
-8
-1
-8
-13
6
-6
-9
0
-6
-1
-3
0
-7
-16
-17
-9
-1
11
-17
-20
-9
-18
-21
6
4
-17
-11
-6
-18
-15
-4
-11
-2
-12
-13
-1
-9
-17
-9
10
-1
-14
-8
-6
-4
7
3
-23
5
8
5
8
6
9
-12
7
20
-1
1
8
7
2
2
10
6
11
3
2
14
-5
-5
5
14
5
-11
0
20
6
-4
6
3
0
-17
7
18
2
6
12
4
-5
-11
-4
20
2
0
7
-4
-5
-9
5
16
-7
4
4
6
4
8
4
3
7
9
11
-7
-3
-3
0
5
-7
16
10
5
1
7
-1
-6
3
-3
6
3
12
8
1
-10
0
12
15
12
12
11
8
2
-8
12
4
-8
17
8
-5
-5
-5
-4
10
13
-3
-13
-9
7
23
16
-9
-10
-6
-19
-1
4
5
-7
-7
10
-8
-18
-9
0
-18
-4
10
0
-9
-16
-16
-15
-7
-2
-6
-2
-25
-35
-17
-19
-23
-6
-1
-17
-10
-1
-5
-9
-14
-15
-1
2
-3
0
-5
-8
-4
5
0
-10
-5
3
5
8
13
-12
-12
5
10
11
3
7
2
-2
-4
6
9
3
1
2
-6
0
8
0
7
12
-2
-14
2
20
4
-9
-11
-7
-12
-1
8
1
0
-4
3
7
1
-8
-2
9
-8
-4
14
11
0
6
20
6
0
10
8
12
9
5
11
13
9
9
10
7
12
6
19
23
5
11
7
5
12
14
11
8
9
0
2
-8
6
21
12
5
15
0
-5
7
6
7
1
7
3
-6
3
-3
5
-3
-19
-3
7
7
1
1
-6
-6
-16
-13
-8
-10
2
-3
-5
-7
-12
-3
1
-3
-12
-17
-22
-19
-13
-7
-7
-14
-2
-10
-6
-8
-20
-12
-16
-12
-10
-11
-8
-18
-14
-4
0
0
-8
-6
-8
-9
-18
2
13
-2
-6
-3
-2
-3
6
11
-3
-8
-7
-2
10
7
1
19
14
-7
4
6
-7
-5
7
11
-7
7
7
-3
12
7
-9
8
8
5
6
-11
-10
-1
0
-5
-3
7
5
-3
-1
-11
-16
-10
-5
1
-7
-2
-2
6
7
-1
-3
-1
-10
3
10
4
4
-1
-4
-1
5
8
7
-7
1
5
12
15
8
12
6
5
8
0
1
10
14
12
6
6
11
14
10
5
2
-2
0
8
12
9
7
5
-4
9
14
12
11
-3
-3
3
10
10
-2
1
-5
-3
0
-4
12
8
3
5
-12
-19
-9
0
8
6
0
5
-2
1
-1
-7
-3
-2
-6
2
20
4
-2
-6
-4
-2
4
8
-4
-2
1
-7
-1
7
0
-4
2
5
9
4
-7
-11
-14
-2
8
-1
1
-1
-2
-11
-10
3
0
-11
-14
-6
4
-3
-8
-3
-12
-8
-4
-11
-21
-17
-12
-13
-5
3
-9
-16
-18
-11
-6
-16
-19
-7
-13
-17
-6
-10
-2
-8
-10
-11
-1
-7
-18
-3
12
0
-11
1
3
-5
-1
4
4
0
6
10
4
5
-1
6
9
9
6
19
10
-6
4
3
2
7
11
4
15
12
7
6
17
16
-2
5
2
10
10
-3
0
4
1
-2
2
4
2
3
3
-6
-1
8
-4
-1
11
0
-4
9
10
8
2
-7
-7
4
12
12
11
16
4
3
14
2
-5
-6
4
10
10
16
9
1
5
14
4
13
15
4
4
3
5
-2
1
7
1
3
-5
-5
-4
-7
-8
-1
2
1
7
2
3
3
-4
-10
-11
-15
-14
-7
-8
-8
-5
-4
-2
-8
-3
-4
-11
-9
-4
-13
-13
0
-7
-15
-7
-1
-9
-6
-8
-6
-11
-9
-8
-8
-2
0
-3
-5
-2
2
-6
-16
-10
-8
-5
5
12
6
-12
-9
1
-4
-9
-2
-1
-10
-9
3
10
-3
-4
-3
3
4
0
5
7
1
-7
-1
-3
-3
8
6
8
7
3
-6
-2
1
-4
4
3
1
0
7
-2
-1
8
-1
0
-3
-4
2
-1
3
9
5
-5
-2
-3
-8
-5
0
3
2
5
6
11
4
5
2
6
12
0
0
0
4
8
5
-1
5
4
3
9
1
7
17
3
5
2
10
16
9
10
16
17
7
1
10
7
-5
-1
-1
2
14
17
17
11
-2
2
7
3
5
11
1
-2
6
12
-8
-11
1
-1
3
7
3
-4
-1
1
4
2
-1
-12
-16
-11
-11
-4
-4
-6
-9
-3
-6
-4
-6
-5
-6
-5
-5
-7
-1
-14
-10
-5
-7
-4
-9
-4
-8
-12
-5
3
0
-14
-12
-17
-10
-7
-3
-9
-10
-6
-6
-5
-7
-3
-5
-7
-10
-1
-6
-12
-7
-5
-1
-2
-6
-10
0
0
2
-1
-2
0
-10
1
4
-1
2
-3
-5
0
1
5
4
-5
-4
4
6
7
7
5
2
0
4
1
4
-2
2
8
3
5
5
6
4
0
11
4
-1
8
11
5
2
7
6
4
1
6
3
-8
-1
5
5
9
1
3
-5
-2
11
11
10
7
0
-3
9
8
3
6
5
1
6
10
0
-3
1
0
9
8
4
5
1
-2
1
13
3
0
1
8
10
1
1
-3
-3
-4
-5
-3
-1
-3
2
5
-1
-7
-5
-4
-8
3
15
3
1
3
-4
-6
1
-5
-1
-2
-6
-3
-2
1
-7
-3
-2
-2
4
5
3
-4
-7
-10
-3
-3
2
-6
-7
-2
-7
-4
-6
-2
-4
-3
4
1
-5
-6
-5
-3
-4
-3
4
-6
-6
1
7
5
-2
-2
3
6
0
-2
-3
-3
-8
-10
2
2
4
3
2
-1
1
0
-4
-4
-4
-2
-3
-1
-6
-9
-7
-4
0
1
-3
-1
3
2
-2
-3
1
-5
-6
-1
-1
-2
-7
-11
-5
-4
-3
3
-4
-3
4
-5
-11
-6
-6
-5
-3
1
7
5
4
4
-1
-2
2
3
-1
-4
-4
7
3
7
12
13
12
7
3
-1
-5
3
10
5
5
-1
0
5
3
5
7
3
4
10
7
5
7
-1
-2
4
3
0
-2
-3
4
6
1
10
8
3
1
7
5
-1
6
5
1
-3
2
5
8
7
3
4
1
2
0
-8
5
2
-3
2
-3
-2
-2
-5
-3
3
-3
0
3
9
3
0
-1
-8
-7
-1
0
4
-1
-6
-2
-3
1
0
-5
-11
-8
-1
-4
-6
-3
-3
-10
-3
-4
-8
0
3
-4
-5
-6
-7
-3
-4
-3
-2
-1
1
0
2
2
3
-1
-3
-7
-4
-3
-1
-4
-5
0
-3
-2
-6
-3
-3
-3
-4
2
2
-2
-1
-7
-5
-4
-1
2
0
-6
-6
-6
-3
5
11
5
-2
-2
-7
-7
1
-2
-5
-10
-5
-1
0
-1
-3
-3
-7
-4
4
7
8
10
5
6
8
6
8
11
3
1
1
6
14
7
6
8
6
6
7
10
10
11
3
2
5
10
11
11
10
7
6
6
7
7
5
5
5
5
2
0
1
6
6
5
-3
-2
-4
-8
-4
-6
-2
2
0
2
1
-6
-12
-4
-7
-5
-3
-5
-10
-11
-6
-7
-6
-7
-5
-8
-9
-6
-9
-10
-9
-10
-6
5
1
-4
-2
1
0
-1
1
3
2
-1
1
1
-2
-3
-2
-1
4
7
0
3
1
-3
-2
-1
-2
1
3
-2
-2
-1
-4
0
6
2
7
4
-2
-3
-5
-7
-3
2
0
-7
-6
-6
2
1
-1
-4
-8
-12
-6
-3
1
1
-4
-4
0
2
6
0
-5
-7
-8
-1
0
3
7
3
1
5
10
4
3
0
3
8
2
3
1
1
1
4
4
2
1
3
0
1
4
2
6
7
6
1
-5
-5
1
5
6
10
7
1
2
6
7
6
8
5
-1
-3
2
7
5
1
-1
1
-1
0
0
2
3
3
1
3
5
-1
-5
3
4
0
-2
-1
-4
-2
-2
2
4
3
5
4
5
3
-5
-2
-1
-3
-9
-8
-5
-8
-10
-5
3
2
-4
-3
3
1
-2
0
-2
-4
-5
-6
-2
-1
-1
-2
-3
-1
-4
-3
0
2
3
1
2
4
3
7
7
3
2
-1
-1
2
2
5
4
1
-3
-2
-4
-3
2
8
6
2
1
-2
-2
-2
-1
0
3
2
-1
-3
3
0
-4
-6
-7
-3
-3
-1
2
0
-5
-5
-3
-2
-8
-11
-9
-8
-4
-3
-1
-1
-8
-9
-9
-8
-6
-9
-12
-7
-7
-5
-6
-9
-7
-9
-12
-9
-5
-5
-4
-1
-4
-5
-4
-3
-2
-2
-1
-4
-3
2
4
-1
-5
1
2
3
5
4
2
2
1
1
5
11
7
3
12
10
7
9
10
11
9
11
14
17
17
16
20
16
14
13
14
13
12
13
8
12
10
11
12
9
11
8
9
6
5
4
3
0
-1
3
0
5
5
-1
1
-1
0
-1
-1
-3
-2
2
-2
-3
-5
-6
-3
2
2
0
0
-2
-4
-5
-2
-5
-2
-1
-9
-7
-7
-9
-6
-9
-8
-5
-5
-1
-2
-3
-3
-6
-6
-6
-6
-5
-7
-5
-6
-8
-6
-8
-10
-12
-11
-7
-6
-7
-5
-9
-7
-2
1
0
3
2
-2
0
-5
-7
-2
-1
-2
0
2
2
2
5
7
4
-2
1
3
2
2
-2
0
4
1
-3
-2
-4
-6
-3
2
3
-1
-2
-6
-6
-3
-5
-3
-2
-3
-3
-2
-1
-6
-7
-6
-4
-6
-4
-6
-8
-2
-5
-6
-2
-3
-9
-5
0
-1
-4
-2
1
0
4
4
6
4
2
6
8
3
7
9
7
5
8
7
7
3
5
8
7
11
13
12
13
10
6
4
6
8
11
15
11
9
9
4
7
7
5
6
3
-1
5
7
3
5
1
-3
-1
0
3
2
1
0
-3
-2
-2
4
4
2
2
0
-4
-2
-1
-3
-4
1
-1
-3
0
-1
-1
2
0
0
2
-3
-3
-3
-5
-8
-5
-5
-3
-3
-4
0
-3
-6
-3
1
-2
-3
2
-1
-3
-3
-5
-4
-6
-6
-4
-3
-4
-4
-4
0
0
2
3
-1
-3
-3
-6
-8
-6
-5
-3
-5
-3
-3
-2
-3
-6
-2
1
0
-1
-2
-3
-9
-5
-3
-6
-6
-2
1
-1
-2
-1
-4
-2
1
0
2
3
-1
-2
-2
0
-1
-1
0
-2
-2
1
0
0
3
1
-1
0
6
6
3
5
5
3
6
5
3
0
-1
0
6
2
0
1
-1
0
2
1
-2
-1
-1
-3
-4
-4
-9
-4
2
2
1
-3
0
3
1
2
2
1
-1
-1
3
3
0
0
4
9
8
9
3
3
1
-1
3
8
5
0
4
2
4
9
9
6
4
5
2
1
-1
-3
1
5
7
6
4
-1
-1
4
6
3
3
1
-2
4
3
6
7
4
1
2
1
-1
-1
-2
-1
2
4
3
0
-2
0
2
-4
-6
-3
-4
-3
-1
3
-4
-7
-3
-6
-7
-4
-4
-10
-4
-3
-4
-7
-5
-4
-5
-8
-4
-1
0
-1
-3
-1
-3
-2
-3
-4
-4
-4
-3
-3
1
1
-2
-2
-2
-1
-1
0
2
3
1
3
1
0
3
-1
0
-3
-1
3
4
3
4
-1
-5
-1
-1
0
-4
-6
-3
-2
-2
0
1
-3
-6
-7
1
0
-1
-5
-10
-6
-5
-3
4
6
2
-5
-7
-6
-6
-5
-4
-2
-1
1
1
-1
-2
-2
-1
-1
0
-4
-5
0
2
5
2
1
-2
-2
0
5
8
2
3
2
0
5
5
7
7
4
1
4
5
4
3
6
8
8
4
4
3
1
6
12
10
5
6
4
4
3
9
11
8
6
4
2
1
4
5
7
8
4
1
2
1
5
8
7
6
4
4
2
1
1
-1
-3
-2
-1
0
0
2
0
0
-1
1
1
-2
2
-2
1
5
1
-3
0
-2
-3
-1
-6
-5
-4
-5
-3
0
0
-3
-2
-3
-4
3
-1
-3
-4
-7
-8
-6
-5
-6
-6
-4
-2
-2
-9
-7
-6
-3
-5
-6
-7
-10
-12
-7
-2
-2
-4
-4
-7
-9
-9
-11
-12
-12
-12
-9
-6
-4
-7
-9
-7
-9
-7
-5
-6
-7
-5
-5
-6
-3
-3
-5
-5
-3
-1
0
-2
-1
-1
1
6
5
0
5
9
8
7
6
6
3
5
5
7
8
7
7
10
9
12
13
9
5
3
4
7
9
5
4
7
11
7
2
2
0
-2
-3
2
5
9
5
5
6
2
-2
-3
-3
-5
-1
2
0
2
7
5
3
-3
-6
-8
-4
3
5
8
5
2
1
3
5
6
5
2
4
2
2
6
6
2
3
7
7
6
5
5
8
8
8
8
9
4
3
4
4
6
8
8
7
8
6
3
2
3
3
3
4
-1
-2
1
-2
-2
-2
-5
-10
-11
-5
-3
-3
-5
-9
-13
-12
-13
-10
-12
-14
-13
-16
-12
-9
-11
-16
-13
-15
-14
-10
-8
-9
-9
-9
-11
-11
-12
-12
-13
-10
-9
-6
-6
-2
-1
-3
-2
-5
-8
-3
-2
-1
-1
-2
-3
-2
3
5
7
6
5
7
4
6
6
8
7
1
3
6
9
7
5
4
6
1
2
6
5
6
6
5
5
6
3
6
6
1
4
4
2
2
4
6
2
1
1
3
3
1
-1
-1
2
-2
0
3
-1
-3
-3
0
-1
-2
0
2
4
5
2
6
3
-2
1
-4
0
1
2
2
3
0
4
6
3
3
2
3
-1
0
-1
-1
2
3
1
3
3
1
1
-2
4
4
2
4
1
0
-1
-1
0
-3
-1
0
-2
-1
-2
-4
-4
-1
-3
-1
-2
-5
-3
0
1
0
0
1
3
2
1
0
-3
-4
-2
1
6
4
3
4
2
3
3
6
2
2
1
1
2
2
1
1
0
-4
-5
1
0
0
2
2
2
-1
-2
-7
-8
-7
-7
-7
-5
-4
-4
-5
-10
-8
-5
-8
-6
-2
-2
-6
-6
-9
-6
-6
-7
-4
-6
-4
0
1
0
1
-3
-5
-4
2
6
5
5
2
1
2
1
3
3
5
7
7
8
8
6
4
3
-1
1
0
-2
0
2
2
4
6
3
2
-3
-4
-3
-6
-6
-2
-3
-6
-3
0
-4
-5
-5
-4
-4
-8
-3
-3
-6
-1
-1
-5
-3
-2
1
-1
-2
-2
-2
-2
0
1
1
0
1
4
6
6
6
3
4
0
5
6
3
6
6
5
7
9
6
9
6
7
9
8
8
6
9
8
8
11
5
4
7
6
7
6
5
5
8
7
9
7
7
5
4
8
8
9
4
3
5
3
-2
-1
0
-1
-1
-3
-1
-3
-6
-7
-4
-8
-8
-8
-11
-9
-7
-7
-10
-11
-9
-11
-6
-9
-9
-9
-11
-11
-12
-11
-12
-15
-13
-10
-7
-7
-5
-4
-3
-3
-5
-5
-8
-8
-6
-8
-2
0
2
1
1
-4
-4
-3
-2
-2
0
-1
0
2
5
3
2
1
2
2
2
0
-1
-1
0
0
1
2
1
1
5
5
5
4
3
3
5
3
3
5
3
6
6
3
0
3
1
2
2
4
3
0
1
-1
4
2
0
3
0
-1
-2
-1
0
2
5
6
5
3
2
0
0
-2
-2
-1
-1
-3
-2
-1
-1
3
-2
1
4
2
4
7
3
2
1
1
5
5
3
5
6
6
7
7
7
6
8
8
6
7
6
5
6
8
8
4
4
3
2
5
3
4
4
-1
0
1
1
-1
-1
-1
-3
-6
-5
-6
-9
-8
-7
-8
-4
-5
-3
-3
-4
-4
-4
-5
-5
-5
-9
-7
-6
-7
-8
-9
-6
-6
-6
-5
-6
-5
-7
-4
-5
-5
-5
-6
-1
-4
-3
-3
-7
-7
-7
-5
-2
-4
-6
-6
-6
-4
-4
-6
-7
-9
-4
-1
0
1
0
1
1
0
0
-1
-6
-4
-2
-1
-2
0
4
3
3
3
1
1
2
3
4
6
4
4
4
7
7
7
6
4
5
5
5
5
7
5
5
8
5
3
2
5
6
6
8
7
6
7
4
3
4
3
1
-2
0
0
0
-2
-4
-4
1
2
2
-1
-3
-2
-2
-1
1
0
0
3
3
0
1
1
2
6
4
2
0
0
-2
-1
1
4
3
0
1
0
1
2
1
1
3
3
3
5
6
3
1
0
0
2
2
-3
-1
-1
1
6
7
3
1
1
0
-1
1
1
1
-1
-2
2
-3
-3
-2
-1
0
0
-1
-3
-2
-2
-1
-1
0
0
-1
0
1
-1
-5
-3
-5
-6
-3
-3
-3
-8
-9
-7
-5
-4
-4
-4
-7
-7
-8
-6
-7
-6
-8
-6
-5
-8
-8
-8
-6
-7
-4
-3
-4
-7
-12
-7
-5
-2
-2
0
-1
-5
-4
-4
-2
-3
-3
2
5
1
2
1
1
3
3
2
0
1
0
0
1
1
0
-1
2
4
3
2
2
2
4
5
6
5
2
3
1
2
2
0
-1
2
2
1
4
4
4
5
9
5
8
6
4
7
7
9
9
8
7
8
6
4
6
3
5
4
5
6
5
10
8
7
9
9
5
7
6
4
4
3
2
0
-1
-2
-2
0
2
0
-3
-1
-2
0
-4
-3
-1
1
0
-1
-5
-8
-6
-4
-4
-2
-2
-2
-4
-1
-1
-1
-2
-2
-5
-6
-6
-4
-3
-2
-5
-3
-4
-4
-3
-2
0
1
3
4
-1
-2
-3
-2
2
2
2
-1
-1
0
-1
-2
-1
-2
-1
-3
-1
1
0
2
-2
-2
3
0
-7
-5
-3
-8
-6
-4
-6
-6
-6
-5
-6
-6
-7
-9
-6
-4
-2
1
-1
-1
-4
-4
-5
-3
-4
-6
-4
-4
-4
-2
0
-3
-4
-1
0
1
1
0
-1
0
-4
-4
0
-1
-1
2
2
2
2
1
2
1
0
3
2
3
5
4
6
5
2
2
5
4
4
4
3
2
2
6
5
5
4
4
4
5
5
4
3
4
5
6
3
2
2
2
1
2
1
2
1
0
2
0
0
0
2
1
-1
0
-1
-1
1
4
4
2
1
1
2
2
3
3
4
3
2
5
5
5
5
4
5
6
5
7
6
4
4
1
2
1
1
2
1
0
2
0
-4
-2
-2
-4
-4
-4
-4
-4
-3
-2
0
1
0
-2
-1
-4
-6
-3
-5
-5
-6
-10
-7
-7
-8
-7
-6
-5
-3
0
0
-3
-3
-1
0
-2
-4
-4
-5
-1
0
0
0
-1
-3
-1
-3
-1
-3
-4
-3
-1
-1
0
0
-2
-3
-4
-6
-7
-4
-4
0
3
2
-1
-4
-3
-4
-6
-5
-7
-9
-6
-6
-6
-3
-2
-2
-1
-2
-2
0
-1
-5
-5
-2
-3
-4
-3
-2
-1
2
5
6
4
5
6
6
5
4
3
4
5
5
5
5
2
1
3
3
4
3
4
0
-1
0
4
4
4
4
4
0
0
4
3
5
4
3
4
4
3
3
5
7
6
4
7
7
8
9
6
6
3
3
3
4
8
8
7
7
7
5
3
2
4
6
5
3
3
5
3
1
0
-1
1
-4
-2
2
1
0
1
2
-3
-4
-2
4
3
1
0
-3
-5
-5
-5
-5
-6
-2
-4
-4
-1
0
-3
-4
-3
-3
-2
-1
-2
-4
-6
-5
-5
-6
-7
-6
-6
-4
-5
-9
-8
-5
-7
-8
-9
-10
-10
-11
-7
-6
-4
-4
-4
-4
-6
-5
-4
-5
-7
-5
-8
-8
-5
-9
-3
-2
-1
0
-1
-2
0
3
4
4
3
0
-2
0
2
3
3
3
6
5
6
7
2
4
3
4
5
3
3
4
1
1
1
0
-1
-1
-2
-1
2
1
0
2
4
3
3
2
-2
0
0
0
2
4
2
-1
1
3
6
6
6
4
3
1
0
-1
2
5
5
9
8
3
4
1
3
3
5
4
3
4
4
4
6
5
3
3
5
8
6
3
2
4
3
2
3
2
0
0
0
2
3
2
-1
1
3
1
1
1
2
-1
-1
-1
-2
-3
-2
3
1
2
0
-3
-5
-6
-6
-5
-5
-2
2
1
1
0
-3
-5
-6
-5
-2
1
0
-4
-2
-3
-2
0
-1
1
-4
-2
-4
-4
-1
-1
-3
-1
-1
-2
-1
-3
-1
-1
-3
-4
-4
-6
-7
-4
-4
-4
-6
-6
-5
-5
-5
-2
-5
-1
-1
-4
-4
-6
-6
-4
-3
0
3
1
0
1
-2
-1
2
-1
-2
-3
-2
-1
3
-1
0
-1
-1
-2
-1
0
-2
-1
-1
-6
-5
-4
-6
-2
-2
-1
-1
-2
-2
-5
-5
-2
-1
-1
3
4
5
2
1
2
-1
1
1
-1
1
2
3
4
6
9
9
4
5
6
6
10
10
6
5
6
6
6
7
6
7
5
8
12
9
7
3
3
7
6
5
6
5
5
3
3
3
0
0
2
1
3
2
0
0
-1
1
0
0
0
3
3
4
2
2
2
-2
0
3
1
1
-1
-2
1
1
-1
0
-2
-3
-3
-1
-3
-3
-2
-3
-2
-2
0
-1
-4
-2
-2
-6
-8
-5
-7
-7
-6
-3
-5
-7
-7
-7
-8
-9
-9
-11
-12
-6
-4
-2
-1
-4
-4
-4
-6
-1
1
-4
0
-2
-3
-5
-3
-2
-4
-2
0
-1
-4
-2
-1
0
0
4
3
1
4
2
0
1
2
2
2
-1
-3
-1
-3
-5
-2
1
1
1
-2
-1
1
1
2
2
0
-1
-1
0
3
3
-1
-2
0
0
0
1
0
2
3
4
3
4
2
1
5
6
6
6
6
3
4
5
4
5
4
4
6
8
6
3
2
1
1
1
1
3
2
0
1
0
1
-1
-1
3
5
6
4
2
-1
-2
-2
-2
-3
-2
-2
-1
-1
0
-1
-1
-2
-1
0
-2
1
1
2
1
2
2
2
2
1
4
4
3
3
2
1
2
1
2
3
1
0
-1
1
5
5
5
5
3
2
1
0
-2
-1
-2
-4
0
1
-3
-5
-3
-1
-2
-2
-3
-5
-8
-10
-5
-4
-2
0
-4
-6
-5
-3
-1
-2
-5
-3
-4
-5
-3
-4
-4
-4
-3
-3
-5
-6
-5
-3
1
-1
-2
-2
-4
-2
1
1
2
0
-2
-1
-2
0
2
4
3
3
3
-1
-2
0
-3
-1
3
2
0
0
3
1
1
3
1
0
0
0
1
2
3
2
0
-3
-2
-2
-2
-1
2
5
6
6
4
1
0
0
-1
-2
-2
2
1
3
2
0
0
-5
-4
-4
-2
-3
-3
-2
-2
1
0
-2
-3
1
-1
0
1
-1
-3
-3
-2
-2
-4
-2
2
2
0
2
3
1
-2
-2
0
2
3
1
5
4
1
1
0
-1
1
1
3
4
2
2
2
3
6
3
6
5
4
3
3
4
1
0
1
5
4
6
8
7
7
5
3
4
0
-1
4
4
5
5
3
1
-2
-2
-1
1
1
1
0
1
3
-1
1
2
-1
1
0
-1
-1
-1
-4
-2
-1
-2
-2
-3
-4
-2
-3
-2
-2
-3
-4
-3
-6
-7
-6
-7
-8
-4
-5
-4
-5
-2
-1
-1
-1
-2
-2
-4
-3
-2
0
-2
-3
3
3
2
4
6
4
1
1
0
2
1
0
1
0
-2
-3
-2
-2
-3
-2
-4
-5
-5
-5
-3
-1
1
2
1
0
-1
-1
-4
-4
-2
-2
-4
-7
-6
-4
-2
-2
-1
0
1
-3
-2
-1
-3
-4
0
-1
-1
2
-4
-4
0
0
1
0
1
2
2
3
2
-1
1
3
4
3
3
6
4
2
0
1
1
2
7
5
4
5
3
4
4
3
1
0
0
2
4
4
3
3
3
3
5
2
1
-2
-1
1
2
3
2
1
-1
-1
3
2
1
3
4
4
6
5
6
4
2
3
1
0
0
-2
-4
-2
-1
1
-3
-2
-3
-4
-4
-2
-2
-3
0
-1
-1
-1
-4
-4
-1
1
0
-2
-4
-8
-4
-3
1
3
0
0
0
1
6
5
4
3
3
3
2
0
0
-1
0
-1
-1
-1
-5
-5
-1
1
4
3
2
1
-1
-1
3
2
-2
-1
0
-3
-3
-6
-5
-3
-3
-1
-1
-3
-4
-3
-1
-2
-2
-6
-6
-6
-4
-1
-3
-5
-6
-4
-4
-4
-1
-1
-6
-6
-3
-1
-1
-3
-5
-3
-2
-3
-3
-3
-5
-2
-1
-1
-1
-3
-1
-1
-1
0
-1
-2
-2
0
-1
1
0
1
1
2
3
2
2
0
1
1
2
6
6
5
3
5
4
7
11
9
8
8
10
12
10
8
4
5
8
7
8
11
8
4
7
7
8
6
3
3
5
5
4
4
5
1
-2
0
-2
-5
-4
-1
-1
-1
-4
-5
-7
-6
-6
-4
-4
-3
-2
-1
-1
-2
-2
-5
-4
-3
-3
-1
0
-1
-4
-3
-2
-4
-4
-4
-3
1
2
1
-1
0
0
-2
1
0
-2
-3
-2
-1
0
4
4
3
2
2
1
0
-3
-3
-2
-4
-2
-3
-5
-4
-4
-1
0
1
-1
0
-1
-3
-4
-2
-4
-6
-6
-6
-7
-7
-5
-6
-3
-5
-6
-5
-6
-3
-3
1
-1
-2
-5
-3
-3
-3
-4
-3
-4
-4
-3
-1
3
1
-1
0
0
0
2
1
0
-2
-2
1
1
-3
0
-1
-1
-1
4
1
2
2
1
1
1
2
0
2
3
4
6
5
2
3
3
6
9
8
6
6
6
8
9
9
8
7
5
6
4
3
5
3
3
4
6
6
5
4
7
9
7
6
3
2
5
5
5
4
3
1
0
2
2
3
3
1
2
0
2
1
0
1
1
1
1
1
0
1
-3
-1
-1
-3
-3
-3
0
0
-1
0
-1
-2
0
-3
-4
-4
-4
-4
-3
-2
-5
-5
-6
-6
-5
-5
-6
-6
-5
-6
-7
-6
-7
-4
-6
-4
-1
-2
-3
-4
-3
-4
-4
-4
-4
-6
-8
-7
-7
-5
-3
-6
-4
-7
-7
-5
-4
-3
-3
-3
-1
-3
-3
-1
-1
-1
0
0
1
1
-1
0
-1
-1
0
0
1
3
4
1
1
2
5
5
5
5
2
1
3
4
5
3
2
1
0
1
7
4
5
5
2
3
5
4
2
6
4
3
4
2
2
3
1
-1
-2
-4
-5
-2
-1
2
2
-2
-4
-3
-1
2
1
1
1
-1
0
1
1
0
1
2
2
3
2
3
4
3
5
6
4
1
1
2
1
1
0
-2
4
7
7
8
5
7
9
10
7
6
3
1
1
2
1
3
4
4
2
2
1
2
0
1
3
3
2
1
0
-2
-3
-2
-1
-3
-2
-2
-1
-2
-2
-2
-4
-3
-4
-6
-7
-7
-8
-7
-5
-4
-5
-5
-8
-6
-2
-2
-2
-1
-7
-6
-4
-2
-3
-5
-6
-7
-6
-6
-4
-2
-1
-3
-4
-3
-4
-4
-2
-1
-1
-2
0
-2
-5
-6
-7
-8
-8
-7
-7
-5
-5
-2
2
2
3
2
0
3
0
-2
-1
-2
-2
-3
-2
-4
-4
-2
0
2
2
3
3
3
4
3
2
3
1
1
1
3
3
4
3
5
3
4
4
3
5
1
4
5
2
3
6
6
7
6
6
3
3
3
4
4
0
1
1
4
5
4
2
1
3
5
9
7
4
2
3
0
2
2
3
5
5
5
6
4
3
4
4
6
9
6
5
1
1
3
2
1
1
2
1
2
2
4
1
-1
-2
-1
0
-1
-1
-3
-2
-2
2
0
0
-5
-7
-5
-6
-7
-5
-7
-7
-6
-7
-7
-9
-10
-8
-8
-5
-3
-7
-5
-5
-5
-5
-5
-7
-6
-4
-3
-2
-3
-5
-6
-6
-7
-4
-4
-1
1
4
3
4
1
-2
2
2
1
2
0
-3
-3
-4
-3
-2
-3
-3
-2
-1
-1
0
-1
-1
-3
-5
-6
-4
-5
-7
-8
-6
-6
-4
-2
-3
-1
-4
-3
-2
-3
-2
-1
-1
-1
1
-1
1
3
1
4
2
2
2
3
1
2
4
4
6
6
6
6
6
7
5
4
5
4
5
6
8
7
6
8
8
7
7
7
9
9
10
11
11
10
7
6
6
6
8
5
3
5
4
4
6
8
8
6
4
4
5
7
5
7
5
5
4
1
0
-2
-3
-1
-2
-5
-4
-6
-5
-4
-1
0
2
0
-3
-5
-7
-6
-1
-2
-4
-6
-10
-7
-8
-4
-5
-5
-7
-6
-4
-2
-4
-1
-3
-4
-4
-4
-5
-3
-2
-4
-5
-7
-3
-2
-5
-4
-4
-6
-3
-3
-2
-3
-4
-6
-9
-5
-6
-4
-2
-2
-4
-4
-6
-6
-3
-4
-5
-6
-5
-5
-3
-5
-3
-1
-1
-2
-5
-4
-3
-2
1
0
1
-1
-2
-1
-1
1
1
1
1
3
2
3
2
0
-2
2
6
4
1
1
3
-1
0
-1
-1
0
1
1
3
2
1
-1
1
2
2
2
1
2
1
1
2
2
2
3
4
6
4
4
3
1
1
6
6
7
5
3
6
4
7
6
6
7
7
6
7
10
6
4
5
5
6
5
6
6
7
7
8
7
6
6
3
3
3
2
4
3
4
5
3
2
0
0
2
2
3
3
1
-1
-1
0
0
0
-4
-5
-4
-2
0
1
-2
-2
-3
-5
-4
-4
-6
-5
-3
1
-3
-4
-4
-8
-9
-9
-6
-5
-6
-5
-5
-5
-5
-5
-7
-9
-11
-9
-9
-10
-5
-3
-5
-4
-5
-3
-3
-4
-4
-6
-5
-5
-3
-4
-5
-6
-7
-5
-3
-3
-1
1
2
-1
-2
0
-1
1
1
1
-1
-2
0
1
0
0
1
4
5
3
3
6
0
-1
1
1
-2
-2
-2
0
0
1
4
4
3
2
3
1
1
0
-1
0
-1
-1
0
4
4
7
4
4
2
1
0
0
3
4
4
3
2
2
1
1
3
4
6
5
6
6
5
2
2
3
2
3
4
7
7
9
8
3
2
0
-2
-1
-1
3
5
4
4
4
1
-1
0
0
2
3
3
3
3
1
2
0
3
3
0
0
2
3
2
0
0
0
-3
-4
-2
-4
-5
-4
-3
-3
-3
-2
-5
-2
0
2
2
2
1
-2
-2
-3
0
-2
-4
-1
-2
-2
-2
-3
-2
-1
0
-2
-3
-6
-7
-5
0
2
2
0
0
-1
-1
1
-2
-3
-3
-4
-2
-2
-2
-4
-2
-1
-1
-1
-1
-3
-3
-3
1
4
1
1
2
-1
-1
0
1
-2
-1
-1
-2
-2
-2
-3
-2
1
2
1
1
-1
-1
-3
0
-1
-1
-1
0
0
4
1
-4
-4
-3
-3
-1
3
-1
-1
-2
-2
-3
-4
1
2
2
0
1
2
-3
-1
1
2
2
2
0
-1
1
0
0
1
0
1
1
0
4
3
2
3
2
2
3
1
-4
-2
-4
-2
1
2
1
3
2
0
-1
-1
-3
-3
-1
-1
-2
-2
-3
-4
-5
-1
4
3
2
2
0
-2
1
1
1
2
1
3
4
3
3
3
3
2
4
6
5
5
5
8
8
8
6
5
3
3
2
2
5
5
4
5
4
2
2
0
4
4
4
5
4
4
3
3
3
2
1
1
-1
0
-1
-2
0
0
1
2
3
0
2
6
7
6
3
1
1
-1
-2
-3
-3
-2
-3
-4
-3
-3
-4
-3
-4
-4
-3
-2
-5
-6
-6
-9
-7
-8
-8
-8
-9
-8
-6
-7
-9
-8
-8
-9
-8
-9
-9
-9
-9
-9
-8
-9
-8
-7
-8
-6
-6
-6
-8
-8
-7
-9
-7
-4
-2
-2
-1
-1
-2
-1
-4
-4
-2
-2
0
3
0
0
2
5
4
4
4
3
3
3
6
5
7
6
4
6
6
4
6
4
3
5
5
5
5
5
6
5
4
5
2
3
5
6
8
9
5
2
3
3
5
3
3
7
7
7
6
7
7
4
4
2
0
2
3
2
5
8
5
6
5
3
1
3
2
1
3
3
2
3
0
1
1
2
1
3
4
0
0
1
2
2
0
-2
1
2
2
3
-1
-3
-1
-4
-3
1
2
2
2
1
0
-1
-4
-5
-3
-2
-2
-1
-1
-1
0
-1
-1
-1
-2
0
1
0
-2
-1
-2
-1
-1
-3
-4
-5
-9
-8
-5
-1
-1
2
2
-1
-4
-6
-5
-6
-5
-7
-6
-7
-8
-9
-8
-8
-9
-7
-4
-5
-6
-8
-8
-7
-7
-8
-7
-5
-6
-9
-9
-7
-7
-5
-9
-6
-6
-8
-8
-3
-4
-3
-1
-3
-2
-5
-3
1
0
0
0
1
1
3
4
4
1
2
5
8
10
7
8
8
7
8
8
5
5
6
6
4
7
6
7
8
5
6
6
7
9
8
4
7
3
0
1
2
1
3
3
3
2
1
1
2
1
3
0
0
4
4
3
3
6
1
3
3
1
1
3
3
4
6
5
7
7
5
7
5
4
4
4
6
9
8
6
7
8
6
7
6
4
6
5
4
3
3
3
2
-1
0
-2
0
-1
1
3
-1
2
1
-3
-7
-6
-6
-6
-6
-7
-9
-11
-7
-6
-4
-4
-7
-5
-4
-5
-6
-8
-7
-6
-7
-8
-10
-12
-10
-7
-7
-6
-8
-9
-10
-7
-5
-6
-7
-8
-7
-5
-7
-8
-8
-9
-10
-8
-7
-7
-9
-8
-6
-5
-1
-4
-2
-1
-5
-6
-4
-3
-6
-7
-5
-3
-2
-2
0
2
2
2
2
3
1
-1
1
2
7
8
6
4
4
5
4
5
4
4
4
4
5
3
4
4
7
7
7
7
8
4
4
7
8
8
7
5
5
5
5
8
8
7
4
3
3
3
5
8
8
11
11
11
9
6
3
3
5
5
6
6
7
5
4
6
7
8
10
8
7
8
4
3
4
6
8
9
10
9
6
6
3
2
2
-3
-3
-2
0
0
-2
-3
-2
-5
-6
-5
-3
-4
-9
-8
-8
-7
-10
-11
-9
-9
-7
-8
-6
-4
-7
-8
-7
-6
-8
-8
-7
-8
-9
-8
-8
-8
-5
-6
-5
-5
-5
-5
-3
-2
-3
-4
-3
-5
-8
-6
-4
-4
-5
-5
-6
-6
-8
-6
-6
-5
-6
-6
-8
-9
-10
-11
-10
-9
-9
-8
-8
-8
-7
-11
-11
-11
-10
-10
-8
-6
-6
-4
-5
-2
-1
-4
-1
3
4
3
4
1
2
0
4
8
8
8
9
8
8
9
11
12
12
11
11
12
13
14
15
14
14
15
12
10
8
9
11
10
13
12
9
9
8
8
9
9
11
13
11
8
5
7
9
10
11
12
8
4
5
6
8
12
10
8
7
5
7
5
7
6
2
-1
0
4
2
4
6
4
4
3
1
0
3
0
-2
-2
-8
-8
-6
-6
-4
-4
-4
-5
-9
-8
-10
-14
-12
-12
-13
-12
-12
-11
-11
-11
-10
-12
-13
-12
-11
-11
-10
-8
-8
-6
-8
-8
-10
-8
-7
-4
-7
-9
-12
-12
-9
-8
-3
-2
-3
-5
-6
0
-3
-3
-3
-7
-4
-4
-2
-1
-1
0
0
-2
-3
-5
-3
-3
0
1
0
-1
-2
0
0
3
0
-2
0
2
2
3
1
-1
-3
-5
-1
-1
-2
-1
1
-1
-1
2
4
3
5
5
4
2
0
1
3
4
3
5
5
1
0
0
4
3
3
6
7
5
5
6
3
8
3
3
4
3
1
4
3
1
1
0
2
4
9
9
10
8
6
8
8
8
9
8
6
8
10
6
7
10
6
8
9
3
2
3
-2
4
8
9
9
8
5
6
3
2
3
3
4
4
4
3
3
0
-1
-1
2
3
1
1
-1
1
1
0
-2
-4
-3
-3
-1
-1
1
0
-3
-2
-2
-1
-4
-5
-2
-3
-2
-2
-3
-6
-9
-6
-8
-4
-4
-5
-4
-4
-5
-8
-8
-7
-4
-7
-5
-6
-8
-8
-6
-4
-6
-8
-10
-11
-11
-8
-6
-5
-5
-8
-7
-6
-6
-6
-7
-9
-11
-11
-10
-7
-9
-9
-6
-6
-7
-8
-6
-7
-8
-10
-12
-9
-10
-7
-5
-5
-4
-4
-3
-3
-2
-1
-1
-1
-3
-1
-3
-2
2
0
-1
0
3
3
3
1
1
1
2
5
8
9
9
12
14
15
13
13
12
10
12
13
13
14
12
13
15
14
13
14
14
15
16
15
13
14
14
15
13
10
6
4
5
6
6
6
6
6
3
1
4
0
0
4
2
1
0
1
0
-2
-3
-3
-2
-2
-3
-1
-1
0
0
-1
1
1
2
3
4
4
3
3
1
1
3
2
0
1
2
2
1
-1
-2
-2
-2
-4
-4
-3
-6
-6
-7
-5
-4
-8
-9
-9
-8
-10
-11
-10
-13
-13
-12
-11
-12
-13
-13
-13
-9
-7
-7
-6
-7
-11
-9
-8
-9
-12
-13
-15
-14
-10
-7
-4
-4
-1
-3
-4
-4
-7
-3
-3
-2
0
1
2
3
1
0
0
-1
-2
-3
1
1
1
2
2
-1
3
1
0
0
-2
-3
-2
2
4
3
1
-1
-3
-1
1
1
1
2
2
2
3
3
3
5
6
6
6
7
8
6
8
8
9
9
7
7
9
9
12
9
9
9
11
9
8
7
8
7
7
10
9
9
6
6
5
4
5
4
4
7
4
3
0
-2
0
1
0
0
0
-3
-4
-1
-1
0
-1
-2
-2
-2
2
3
1
1
1
-1
0
2
0
-2
-3
-2
-1
1
-1
0
-1
-3
-1
0
-1
-3
-2
-5
-4
-3
-3
-3
-3
-2
-2
-2
-3
-3
-2
-3
-2
-3
-4
-5
-4
-5
-4
-3
-4
-3
-3
-3
-1
-3
-5
-5
-6
-4
-1
-3
-4
-3
-3
-3
-2
-1
-4
-5
-5
-5
-4
-1
0
0
-1
1
2
0
1
-2
-2
-1
-2
-2
-2
-3
-1
-1
2
3
1
-2
-4
-3
-3
-5
-6
-5
-4
-2
-2
-3
-2
-3
-3
0
-1
-3
-4
-4
-4
-1
1
2
2
-1
-1
3
0
0
0
-1
2
3
4
3
1
1
1
1
3
6
7
6
7
6
3
6
5
4
4
4
4
3
2
2
1
0
-1
0
-2
-2
0
3
3
3
4
3
2
1
0
1
0
-1
4
1
0
0
1
-1
-1
1
4
3
2
5
5
3
2
3
4
3
4
5
5
5
5
5
5
3
4
3
4
5
4
4
3
6
5
3
3
2
1
0
2
4
4
2
1
0
-2
-3
0
1
4
3
4
5
6
3
4
2
-1
-1
-1
-2
-4
0
-3
-2
-3
-4
-3
-4
-6
-5
-4
-2
-4
-3
-5
-6
-7
-7
-8
-6
-6
-7
-9
-9
-9
-7
-7
-6
-4
-6
-5
-5
-8
-5
-7
-8
-9
-10
-10
-10
-9
-7
-7
-7
-7
-4
-6
-6
-4
-3
-3
-1
0
-1
-2
-3
-3
-2
-3
-1
-1
-4
-3
-4
-3
-1
0
1
0
2
-1
-2
0
1
3
5
4
3
2
2
3
4
4
4
4
2
4
4
4
6
6
8
8
6
6
5
7
7
8
7
6
5
7
8
9
10
11
10
9
8
7
9
6
5
7
8
6
6
5
6
5
6
9
7
6
5
4
6
7
4
6
6
5
6
4
3
4
0
-1
2
2
0
2
2
1
2
-1
-1
-3
-3
-5
-5
-1
-3
-6
-7
-7
-6
-6
-6
-9
-10
-9
-9
-9
-9
-11
-11
-12
-9
-10
-10
-8
-7
-8
-6
-6
-8
-8
-9
-7
-6
-7
-7
-5
-6
-5
-2
-3
-3
-3
-2
1
3
2
2
2
1
3
3
4
2
0
2
4
3
3
2
0
-1
1
1
1
0
2
1
1
2
1
1
-1
-2
-2
-1
-4
-4
-3
-5
-3
-3
-5
-6
-6
-4
-6
-2
-2
-5
-4
-3
0
2
2
1
0
-1
-2
0
2
0
1
1
1
4
3
4
7
7
7
5
5
4
3
4
7
8
6
6
5
5
5
5
7
6
5
5
6
3
2
2
1
1
2
2
2
3
-1
-1
-2
0
0
-5
-6
-6
-5
-4
-3
0
0
-2
-2
-4
-3
-5
-2
2
3
3
1
-1
-2
-1
-1
1
2
1
2
1
2
3
3
5
6
5
5
3
5
8
6
8
8
8
7
6
6
6
6
5
5
4
5
5
3
3
1
1
2
0
3
1
1
-1
-2
1
-3
-1
-1
-1
0
-1
-2
-4
-5
-5
-2
-4
-5
-7
-11
-9
-4
-1
-2
-5
-4
-4
-3
-1
-3
-3
-6
-7
-6
-4
-5
-6
-7
-8
-5
-5
-3
-3
-2
-4
-5
-4
-5
-4
-5
-6
-4
-6
-7
-6
-8
-6
-6
-8
-5
-5
-3
-2
-1
-1
-3
-3
-3
-3
-4
-5
-3
-7
-4
0
0
0
1
-2
-3
-1
1
2
2
1
1
1
0
1
3
1
1
5
3
3
4
6
6
6
3
4
4
3
7
9
8
6
5
6
8
8
7
7
5
3
6
7
7
9
10
10
10
10
8
8
9
7
7
8
7
6
5
2
3
4
5
2
0
0
0
1
2
3
1
-2
-1
-1
-2
-3
-3
-2
-2
-1
0
-2
-3
-3
-2
-1
-3
-3
-2
-2
-3
-5
-3
-5
-6
-5
-5
-3
-4
-1
-4
-1
-1
1
0
-1
-1
-1
-2
-4
-2
-2
-1
-2
0
0
-1
-1
-1
-1
-1
0
-1
-2
-3
-5
-4
-3
-2
-2
-2
-3
-4
-6
-6
-5
-4
-4
-4
-3
-2
-1
-4
-3
-2
-4
-3
-2
-4
-4
-2
-3
-3
-4
-4
-3
-2
-2
-1
1
2
3
2
-1
0
-2
-2
-1
0
1
1
2
4
5
2
1
1
-1
-1
0
1
-1
-2
-1
0
1
1
1
-1
-3
0
1
1
2
2
1
0
1
1
0
2
3
3
5
4
2
0
2
3
1
4
3
2
2
3
3
2
5
5
4
3
4
2
1
1
3
4
3
1
1
-1
1
5
8
10
8
3
3
3
3
2
1
2
0
0
1
0
0
1
2
4
2
1
2
-1
-1
0
1
1
1
1
1
3
3
1
3
2
1
0
-1
0
-1
0
-3
-1
-1
0
-1
0
0
0
0
-2
-2
-4
-3
-4
-3
-3
-3
-3
-1
0
-1
-2
-4
-3
-2
-3
-1
-1
-5
-5
-1
-3
-4
-3
-2
-3
-4
-2
-3
-4
-3
-3
-2
-4
-3
-4
-3
-5
-4
-2
-3
-2
-2
-2
-1
-1
-2
-4
-5
-6
-5
-3
-5
-6
-4
-4
-5
-4
-3
-3
-3
-4
-3
-3
-4
-6
-7
-8
-7
-6
-5
-2
-1
1
1
2
0
1
1
-2
0
-1
-2
2
0
-1
3
3
2
4
3
2
2
3
3
5
6
7
7
7
8
7
8
7
7
6
4
5
6
7
8
9
8
7
10
10
10
10
8
7
6
4
7
8
7
8
9
9
8
5
4
2
3
4
4
4
1
2
3
3
3
5
2
-2
-2
0
1
0
-1
0
0
-2
-4
-3
-3
-4
-4
-3
-3
-5
-8
-8
-6
-7
-6
-5
-3
-5
-4
-5
-5
-4
-5
-6
-6
-6
-7
-7
-6
-6
-4
-3
-2
-3
-2
0
1
-1
-2
0
-2
-3
0
-1
-3
-1
-3
-3
-2
-1
-4
-7
-6
-4
-3
-2
-1
-2
-3
-2
-1
-2
-4
-6
-4
-5
-4
-4
-5
-5
-4
-2
-1
-1
-4
-6
-7
-4
-3
-4
-3
-4
-2
-3
-1
1
0
0
0
1
2
1
0
0
1
3
3
5
3
3
4
3
5
4
3
3
4
5
4
5
6
7
10
11
9
8
5
3
5
5
2
3
3
2
3
4
4
2
2
3
3
4
5
3
1
1
-1
1
1
1
2
3
5
4
2
3
4
2
3
4
3
0
0
0
3
4
4
4
1
1
2
0
2
3
1
1
3
1
-1
-3
-3
-1
0
-1
1
-1
-4
-2
-3
-2
-2
-3
-4
-2
-1
-1
-4
-3
-6
-5
-4
-4
-1
-2
-1
-2
-1
-1
-4
-5
-4
-5
-2
0
-1
-4
-4
-3
-4
-3
-3
-2
-3
-3
-1
0
1
-1
1
-1
-3
-1
-1
-3
-2
0
0
-1
-2
-3
-1
-1
-1
0
0
0
3
4
4
1
-3
-3
-2
1
1
1
3
-1
-2
-2
-1
-1
-1
0
-1
-2
-2
-2
-3
-1
-1
-3
-1
-4
-5
-4
-2
1
-1
-4
-5
-6
-8
-6
-4
1
0
2
4
1
-2
-2
-1
-1
0
2
3
0
0
3
2
4
3
4
3
3
5
5
7
6
6
4
7
9
5
5
5
5
4
6
4
2
3
3
2
4
4
4
7
6
5
3
1
1
1
1
0
-2
-2
-5
-5
-4
-4
-1
-1
-5
-5
-3
-7
-7
-6
-5
-4
-6
-6
-4
-2
-2
-3
-2
0
0
0
-3
-1
-1
1
3
5
7
6
5
5
5
5
5
6
4
2
3
4
7
7
8
7
4
4
8
7
7
7
6
4
3
1
3
3
2
0
1
1
1
1
-2
-2
-2
-2
-2
-4
-5
-6
-7
-6
-6
-8
-7
-8
-9
-10
-10
-8
-9
-10
-8
-5
-10
-13
-11
-12
-11
-8
-7
-8
-9
-12
-10
-8
-8
-7
-7
-9
-9
-7
-7
-8
-8
-4
-2
-2
0
-1
0
2
2
3
5
6
6
8
7
9
10
8
8
8
10
10
10
13
11
9
10
10
8
10
9
8
9
6
5
2
2
0
1
2
0
0
-1
-2
-2
-1
-4
-7
-9
-9
-11
-12
-8
-12
-13
-9
-7
-8
-6
-6
-5
-3
-5
-2
0
1
0
3
7
8
13
15
18
20
21
24
26
27
29
30
33
32
28
28
27
29
26
26
23
20
16
14
10
7
2
-1
-4
-8
-11
-16
-19
-26
-30
-31
-34
-35
-38
-43
-46
-47
-48
-48
-49
-53
-52
-51
-47
-43
-41
-37
-35
-30
-26
-22
-15
-8
-2
6
14
19
24
26
32
38
43
46
52
54
56
56
56
54
55
54
51
52
49
45
39
35
31
27
23
18
15
9
4
0
-2
-11
-14
-19
-26
-30
-34
-35
-40
-45
-49
-50
-53
-55
-57
-60
-59
-60
-60
-61
-61
-59
-58
-57
-53
-50
-52
-47
-45
-41
-40
-37
-34
-31
-24
-14
-6
0
8
15
23
30
40
45
54
61
71
78
85
93
94
98
99
101
98
96
95
91
86
82
77
67
60
53
46
42
35
27
19
11
5
1
-9
-14
-19
-24
-27
-32
-34
-39
-45
-48
-51
-54
-59
-62
-61
-59
-61
-63
-67
-71
-72
-71
-71
-69
-68
-69
-69
-68
-67
-66
-64
-62
-56
-53
-46
-39
-33
-27
-17
-4
8
18
29
39
50
62
77
84
91
98
104
108
115
118
114
116
113
111
107
104
97
89
80
73
64
54
43
32
20
10
2
-6
-14
-23
-26
-33
-41
-48
-54
-61
-68
-75
-83
-89
-95
-97
-100
-104
-103
-102
-107
-111
-111
-115
-118
-122
-121
-121
-118
-110
-107
-104
-102
-101
-94
-88
-77
-65
-54
-43
-32
-17
0
22
36
51
67
84
103
118
136
149
159
167
176
180
179
183
185
182
178
173
166
159
149
138
124
110
98
86
74
63
49
34
21
6
-8
-22
-37
-54
-65
-75
-84
-87
-92
-98
-106
-112
-119
-123
-128
-132
-136
-141
-141
-148
-152
-149
-151
-150
-144
-143
-142
-140
-129
-125
-113
-100
-85
-65
-55
-34
-18
3
29
54
75
92
117
137
153
173
190
206
221
234
238
232
234
231
230
227
218
210
195
179
166
148
131
116
94
74
58
35
16
-4
-25
-41
-54
-72
-86
-103
-115
-129
-143
-152
-163
-174
-186
-187
-195
-203
-213
-218
-221
-230
-232
-235
-243
-240
-233
-230
-226
-221
-215
-207
-191
-178
-161
-140
-119
-91
-66
-36
-3
24
55
89
111
138
169
195
220
245
274
295
309
319
330
331
326
322
321
309
298
289
270
251
227
206
182
159
135
110
86
61
34
6
-20
-47
-77
-106
-129
-152
-170
-181
-195
-208
-224
-236
-248
-258
-271
-277
-284
-289
-294
-296
-295
-298
-298
-298
-296
-294
-285
-275
-260
-237
-209
-188
-162
-129
-95
-57
-20
21
60
98
140
182
217
251
282
319
356
388
415
438
456
459
462
462
456
448
440
424
405
383
349
322
290
254
222
188
157
117
79
47
6
-32
-73
-117
-159
-191
-222
-249
-277
-303
-330
-356
-378
-394
-407
-420
-428
-437
-450
-454
-459
-458
-453
-446
-440
-422
-411
-396
-362
-334
-299
-258
-225
-191
-148
-93
-35
20
81
136
188
242
289
337
392
440
478
533
572
600
628
649
665
667
667
657
635
612
580
541
504
454
395
339
295
243
182
119
60
1
-55
-111
-157
-207
-260
-323
-387
-436
-482
-516
-550
-582
-611
-628
-645
-664
-677
-686
-687
-682
-673
-671
-663
-651
-629
-601
-568
-537
-500
-459
-413
-351
-287
-227
-164
-107
-47
26
94
167
244
323
405
481
541
601
665
727
791
844
887
922
945
950
950
946
929
902
862
813
761
709
647
577
501
419
350
285
218
133
46
-41
-124
-191
-255
-323
-395
-466
-531
-593
-640
-683
-722
-749
-786
-815
-841
-865
-876
-881
-886
-868
-851
-850
-844
-819
-791
-765
-716
-661
-611
-548
-481
-405
-336
-273
-192
-115
-26
53
143
234
314
411
514
614
695
774
847
914
987
1060
1113
1157
1177
1201
1206
1193
1164
1124
1080
1035
989
922
853
757
673
586
488
379
273
158
44
-60
-162
-268
-385
-469
-545
-621
-685
-752
-831
-909
-971
-1022
-1068
-1094
-1118
-1153
-1154
-1122
-1094
-1090
-1068
-1059
-1051
-1035
-1003
-945
-883
-814
-727
-651
-565
-465
-382
-278
-178
-55
53
137
241
348
467
594
716
838
955
1038
1119
1200
1264
1328
1369
1401
1422
1424
1448
1443
1396
1333
1238
1142
1076
963
857
749
632
521
378
234
99
-64
-228
-351
-451
-560
-674
-768
-848
-936
-1030
-1097
-1166
-1215
-1267
-1322
-1352
-1359
-1346
-1327
-1287
-1221
-1171
-1146
-1101
-1059
-1010
-964
-896
-831
-789
-729
-664
-581
-457
-341
-221
-102
6
101
193
312
393
468
571
689
789
861
935
1031
1114
1176
1264
1338
1398
1415
1437
1447
1463
1469
1430
1376
1301
1207
1096
1017
944
851
741
601
443
308
186
89
0
-79
-189
-335
-481
-593
-673
-795
-901
-984
-1051
-1111
-1174
-1188
-1172
-1139
-1154
-1169
-1168
-1169
-1142
-1123
-1100
-1055
-986
-912
-898
-872
-806
-755
-701
-631
-513
-398
-284
-183
-92
32
146
256
359
436
539
615
649
730
813
869
939
1020
1125
1225
1316
1394
1446
1440
1402
1393
1406
1410
1406
1360
1266
1171
1064
987
842
675
508
340
225
130
24
-87
-226
-388
-546
-679
-803
-879
-972
-1065
-1172
-1290
-1368
-1428
-1471
-1468
-1446
-1419
-1393
-1455
-1457
-1437
-1415
-1355
-1284
-1224
-1155
-1067
-990
-872
-737
-587
-463
-393
-275
-188
-87
11
83
176
297
404
505
615
734
819
882
973
996
989
1018
1027
1060
1109
1146
1142
1189
1223
1233
1282
1248
1211
1225
1217
1178
1166
1099
979
822
645
521
405
272
127
-16
-153
-236
-304
-425
-565
-665
-752
-861
-966
-1033
-1072
-1070
-1101
-1160
-1231
-1264
-1236
-1189
-1129
-1052
-965
-942
-943
-899
-812
-734
-621
-508
-335
-188
-110
-110
-38
-37
-74
-101
-19
100
259
646
991
1153
1212
1156
860
405
-32
-343
-522
-442
-22
617
1223
1863
2275
2275
1931
1367
764
169
-267
-347
-149
298
927
1658
2310
2602
2510
2018
1197
325
-513
-1219
-1646
-1672
-1383
-963
-434
62
344
379
142
-381
-1069
-1684
-2260
-2650
-2703
-2392
-1887
-1344
-840
-443
-225
-237
-502
-844
-1202
-1548
-1750
-1749
-1467
-1028
-557
-138
281
622
742
684
478
175
-187
-388
-432
-386
-124
309
706
1006
1273
1392
1335
1128
924
708
550
412
491
603
816
1061
1329
1568
1723
1738
1603
1408
1181
949
702
543
443
307
216
161
107
39
-58
-216
-416
-616
-892
-1128
-1327
-1454
-1552
-1577
-1587
-1572
-1435
-1275
-1147
-1133
-1122
-1237
-1265
-1244
-1164
-1030
-878
-641
-405
-205
-93
50
132
236
376
481
459
386
416
419
432
472
554
488
517
611
672
704
775
793
648
569
599
572
518
722
1151
1605
1929
2276
2429
2309
1924
1369
620
-144
-627
-705
-448
107
953
1771
2139
1988
1530
730
-341
-1317
-2096
-2614
-2778
-2359
-1685
-898
-114
512
745
536
28
-708
-1608
-2347
-2735
-2747
-2573
-2097
-1291
-530
197
721
894
741
323
-246
-813
-1173
-1325
-1247
-972
-458
118
621
979
1081
833
381
-109
-599
-960
-1000
-824
-552
-52
450
826
1122
1321
1274
1061
802
595
456
408
487
711
1076
1414
1661
1768
1782
1755
1639
1348
1013
742
541
412
304
293
308
220
31
-197
-369
-628
-987
-1284
-1537
-1692
-1749
-1736
-1674
-1582
-1466
-1364
-1262
-1225
-1157
-1095
-1044
-1031
-910
-773
-549
-302
-78
35
118
107
-34
-126
-217
-296
-363
-295
-201
-128
-98
-52
-54
-176
-207
-249
-193
-102
24
138
234
372
738
1051
1173
1403
1688
1802
1757
1870
2058
2171
2199
2162
2029
1910
1916
1869
1762
1624
1546
1405
1151
921
665
302
-111
-535
-991
-1427
-1787
-1987
-2157
-2223
-2077
-1927
-1784
-1651
-1594
-1592
-1682
-1679
-1568
-1511
-1310
-974
-711
-459
-242
-31
28
-45
-184
-372
-544
-700
-768
-815
-849
-907
-874
-916
-924
-854
-853
-885
-921
-745
-600
-380
-39
359
676
920
1121
1451
1882
2222
2457
2831
3126
3273
3373
3371
3237
3162
2981
2785
2471
2162
1927
1837
1610
1293
883
267
-446
-1030
-1580
-2148
-2664
-2891
-3011
-3056
-2922
-2617
-2376
-2205
-2016
-1901
-1977
-1945
-1827
-1764
-1571
-1216
-804
-384
54
407
619
545
283
-154
-675
-1088
-1466
-1677
-1787
-1847
-1809
-1682
-1646
-1625
-1492
-1518
-1701
-1751
-1633
-1387
-1008
-459
81
709
1575
2566
3284
3840
4376
4750
4842
4617
4391
3970
3554
3390
3416
3427
3417
3531
3446
2921
2206
1383
357
-784
-1738
-2482
-3122
-3526
-3534
-3275
-3001
-2599
-2131
-1793
-1730
-1781
-1751
-1715
-1577
-1487
-1309
-1018
-602
-152
283
599
663
485
170
-289
-715
-1074
-1531
-1992
-2433
-2684
-2740
-2727
-2620
-2454
-2337
-2271
-2175
-2042
-1876
-1709
-1442
-1068
-626
104
1136
2201
3075
3909
4739
5336
5556
5436
5060
4570
4057
3604
3287
3028
2775
2739
2698
2410
1917
1314
562
-433
-1426
-2278
-3190
-3750
-3939
-3923
-3695
-3204
-2537
-1940
-1362
-860
-420
-101
-126
-200
-371
-407
-357
-326
-316
-274
-240
-193
-183
-345
-660
-1207
-1756
-2356
-2982
-3420
-3706
-3886
-3807
-3459
-3006
-2492
-2048
-1615
-1209
-879
-557
-68
704
1556
2358
3299
4317
5102
5491
5647
5546
5147
4657
4220
3790
3304
3046
2979
2823
2462
1955
1365
628
-269
-1153
-2035
-2847
-3420
-3602
-3604
-3476
-2992
-2360
-1691
-1047
-468
-1
260
319
257
228
178
45
-124
-293
-449
-593
-740
-831
-1081
-1525
-1942
-2408
-3002
-3578
-3922
-4234
-4428
-4319
-4008
-3664
-3280
-2670
-2146
-1589
-921
-51
1030
1964
2706
3560
4344
4806
5094
5211
5018
4778
4512
4210
3849
3559
3470
3401
3120
2586
1976
1258
334
-660
-1490
-2174
-2813
-3149
-3080
-2894
-2477
-1857
-1206
-567
-29
383
682
1078
1304
1279
1244
1150
1011
801
484
103
-357
-817
-1174
-1658
-2289
-2753
-2957
-3151
-3555
-3857
-4018
-4192
-4187
-3975
-3731
-3467
-3023
-2347
-1682
-1015
68
1278
2305
3120
4092
4939
5358
5466
5307
4863
4255
3621
3053
2618
2340
2239
2248
2161
1795
1281
747
-25
-1017
-1914
-2765
-3491
-3755
-3556
-3139
-2490
-1617
-715
119
782
1420
1863
2074
2149
1996
1616
1195
985
760
299
-202
-556
-867
-1232
-1572
-1955
-2495
-2946
-3308
-3780
-4256
-4518
-4596
-4548
-4300
-3879
-3409
-2842
-2069
-1167
-419
389
1429
2559
3268
3782
4504
4966
4946
4641
4265
3713
3178
2763
2400
2039
1727
1597
1513
1144
517
-131
-916
-1820
-2653
-3240
-3728
-3894
-3520
-2913
-2240
-1361
-360
606
1376
2012
2423
2609
2671
2558
2302
1876
1583
1367
1012
503
67
-346
-928
-1494
-2025
-2574
-2984
-3303
-3507
-3633
-3822
-3909
-3790
-3642
-3449
-3093
-2544
-1966
-1196
-374
379
1305
2478
3513
4283
4827
5340
5471
5056
4373
3616
2823
2064
1620
1282
1077
1022
1227
1293
874
324
-296
-1172
-2174
-3116
-3766
-4235
-4282
-3782
-2969
-2021
-941
254
1402
2294
2948
3277
3278
3029
2820
2512
2021
1408
774
232
-334
-788
-1147
-1413
-1767
-2097
-2216
-2560
-3039
-3364
-3652
-4113
-4390
-4234
-3968
-3580
-2907
-2103
-1335
-451
490
1262
2087
3081
3883
4152
4357
4712
4776
4312
3781
3264
2504
1786
1459
1121
753
595
601
427
-112
-758
-1346
-1978
-2782
-3507
-3903
-4195
-4131
-3563
-2778
-1844
-691
471
1511
2352
2984
3332
3291
3002
2753
2417
1817
1066
519
54
-347
-798
-1151
-1542
-1892
-2144
-2397
-2733
-3134
-3293
-3371
-3461
-3543
-3419
-3224
-3054
-2599
-1929
-1261
-568
270
977
1706
2665
3641
4218
4592
4941
5059
4707
4061
3317
2379
1504
906
557
385
365
447
605
375
-93
-519
-1162
-2171
-3073
-3616
-4008
-4078
-3657
-2840
-1966
-946
233
1405
2315
3002
3557
3654
3298
2777
2386
1788
1064
348
-204
-640
-1057
-1366
-1555
-1728
-1939
-2010
-2138
-2498
-2885
-3039
-3172
-3479
-3568
-3351
-3085
-2803
-2178
-1431
-735
83
925
1753
2520
3467
4232
4604
4752
4845
4728
4075
3334
2596
1875
1239
880
670
651
800
966
858
492
-121
-890
-1862
-2936
-3727
-4207
-4356
-4086
-3354
-2431
-1348
-65
1227
2258
2950
3335
3356
2979
2386
1750
1001
368
-38
-214
-272
-236
-310
-329
-447
-939
-1539
-2136
-2882
-3564
-3941
-4082
-4032
-3757
-3260
-2608
-1914
-1292
-774
-413
-176
57
232
468
923
1859
2943
3681
4365
5032
5324
5008
4342
3457
2286
1093
342
-23
-235
-241
93
471
432
34
-398
-1182
-2336
-3277
-3912
-4440
-4548
-4022
-3038
-1792
-375
1072
2437
3327
3766
3794
3406
2729
1851
1014
264
-363
-647
-581
-478
-326
-142
-219
-626
-1161
-1802
-2476
-3171
-3790
-4185
-4277
-4104
-3695
-3076
-2435
-1777
-1184
-654
-266
14
271
600
1213
2075
2935
3571
4170
4627
4856
4612
4053
3196
2195
1372
829
428
265
319
402
435
195
-304
-840
-1514
-2409
-3071
-3493
-3639
-3348
-2564
-1465
-264
978
2172
3207
3753
3907
3722
3199
2414
1690
998
357
-73
-108
-61
-44
27
-62
-365
-822
-1332
-2104
-2957
-3735
-4346
-4575
-4383
-3919
-3275
-2468
-1730
-1145
-622
-252
-188
-150
-152
-147
173
899
1889
2740
3600
4362
4836
4850
4387
3513
2231
960
39
-498
-722
-722
-462
-36
157
31
-275
-822
-1704
-2555
-3026
-3331
-3385
-2831
-1798
-519
913
2317
3429
4138
4285
4003
3441
2565
1591
780
167
-173
-278
-122
83
111
-2
-318
-900
-1654
-2566
-3538
-4318
-4757
-4841
-4522
-3928
-3216
-2467
-1738
-1122
-667
-421
-398
-493
-332
-120
186
975
2196
3202
3848
4432
4759
4568
3824
2845
1692
494
-493
-949
-983
-877
-543
-59
106
-51
-468
-1012
-1803
-2609
-2962
-2933
-2668
-1925
-654
691
1993
3253
4184
4543
4477
4082
3364
2494
1574
938
649
521
552
744
810
667
227
-422
-1342
-2503
-3605
-4431
-5047
-5318
-5149
-4519
-3591
-2591
-1598
-863
-500
-425
-536
-758
-1018
-1187
-1055
-662
63
1161
2581
3768
4469
4922
4970
4303
3136
1781
225
-1123
-1916
-1998
-1639
-1013
-259
509
863
705
232
-575
-1651
-2635
-3060
-2997
-2502
-1531
-81
1546
3097
4378
5116
5251
4773
4014
3082
2002
1173
815
751
832
1177
1484
1486
1097
292
-841
-2229
-3584
-4705
-5440
-5524
-5212
-4558
-3557
-2519
-1668
-1039
-736
-827
-1187
-1582
-1773
-1759
-1497
-884
-53
1011
2269
3617
4401
4486
4286
3709
2672
1340
129
-886
-1536
-1592
-1081
-353
360
788
1000
806
122
-826
-1801
-2674
-3162
-2917
-2190
-1177
222
1796
3120
4160
4686
4683
4227
3485
2723
1987
1504
1203
1243
1658
2044
2100
1814
1162
129
-1196
-2634
-3971
-5011
-5587
-5512
-4924
-4023
-3021
-2099
-1399
-1058
-1135
-1631
-2193
-2687
-2872
-2608
-1958
-1064
-18
1062
1935
2664
3281
3493
3076
2348
1618
992
465
-65
-404
-468
-304
21
585
890
814
513
98
-463
-1198
-1759
-2100
-2181
-1876
-1087
-81
927
1834
2723
3362
3667
3654
3501
3236
2840
2650
2603
2533
2484
2533
2477
2006
1359
507
-579
-1695
-2724
-3594
-4107
-4296
-4020
-3375
-2663
-2136
-1845
-1742
-2063
-2482
-2773
-2928
-2884
-2486
-1679
-697
200
936
1564
1778
1684
1707
1818
1631
1467
1509
1606
1636
1586
1476
1185
720
420
277
193
9
-109
-184
-321
-415
-533
-741
-983
-1109
-935
-598
-244
280
857
1433
2054
2548
2933
3169
3202
3105
2957
2594
2052
1536
1159
720
224
-223
-680
-1288
-1905
-2359
-2782
-3095
-3214
-3114
-2879
-2726
-2672
-2518
-2479
-2569
-2606
-2600
-2477
-2255
-1836
-1291
-681
-197
238
543
710
923
1271
1673
1876
1880
1883
1981
1894
1600
1242
792
422
378
625
842
920
1008
921
598
154
-403
-1101
-1723
-2039
-1856
-1295
-577
205
976
1689
2268
2602
2627
2429
1981
1527
1177
1006
926
951
1201
1489
1489
1054
350
-490
-1464
-2324
-2978
-3365
-3460
-3300
-2780
-2136
-1709
-1663
-1870
-2112
-2479
-2873
-2969
-2793
-2428
-1717
-744
207
943
1367
1453
1521
1759
2111
2315
2344
2435
2578
2651
2579
2432
2168
1772
1477
1546
1722
1607
1292
952
505
-44
-518
-1028
-1671
-2070
-2064
-1641
-1063
-401
229
751
1172
1503
1617
1448
1040
753
680
848
1133
1383
1530
1445
1252
881
193
-805
-1954
-2888
-3342
-3393
-3214
-2846
-2396
-2143
-2091
-2184
-2525
-3004
-3509
-3648
-3430
-2932
-2106
-1214
-381
432
1075
1452
1494
1411
1574
1975
2474
2946
3418
3736
3808
3745
3464
2906
2199
1625
1411
1474
1573
1481
1177
724
45
-686
-1426
-2223
-2822
-2972
-2700
-2103
-1196
-326
283
781
1061
1042
867
558
345
384
703
1203
1719
2092
2204
2017
1401
396
-944
-2261
-3334
-3960
-4139
-3873
-3216
-2592
-2117
-1799
-1741
-2234
-2997
-3772
-4273
-4278
-3698
-2645
-1320
18
1143
1927
2376
2470
2093
1819
2028
2516
3142
3697
4143
4467
4579
4284
3713
2949
2007
1269
895
918
1128
1153
921
459
-160
-875
-1727
-2592
-3125
-3158
-2776
-1927
-893
23
610
978
1148
1130
979
745
572
512
771
1155
1496
1542
1103
320
-698
-1761
-2712
-3447
-3759
-3668
-3195
-2497
-1899
-1672
-1869
-2425
-3183
-3895
-4252
-4163
-3565
-2443
-1062
367
1565
2327
2481
2200
1725
1298
1016
1315
2123
3152
4070
4805
5236
5205
4581
3499
2437
1419
793
716
1080
1660
1999
1948
1549
808
-219
-1405
-2440
-3097
-3151
-2642
-1785
-757
209
741
831
619
212
-289
-665
-791
-639
-328
147
520
561
447
-67
-868
-1866
-2756
-3237
-3350
-3166
-2745
-2221
-1814
-1654
-1766
-2119
-2687
-3284
-3637
-3569
-2985
-1997
-876
126
896
1396
1524
1304
829
403
198
471
1351
2625
3811
4663
4961
4794
4281
3581
2760
2037
1597
1431
1725
2236
2825
2973
2641
1856
676
-581
-1714
-2408
-2651
-2482
-1919
-1099
-326
158
151
-260
-942
-1689
-2206
-2276
-2027
-1581
-867
-162
186
103
-150
-626
-1301
-1885
-2152
-2097
-1740
-1261
-816
-605
-714
-1088
-1668
-2337
-2884
-3071
-2918
-2417
-1583
-712
-166
-54
-177
-404
-594
-785
-723
-332
396
1426
2549
3667
4444
4701
4436
4044
3668
3255
2972
2898
2960
3270
3698
4010
3981
3564
2743
1466
122
-922
-1470
-1787
-1925
-1815
-1571
-1419
-1380
-1492
-1893
-2399
-2982
-3259
-3129
-2679
-2074
-1484
-1012
-652
-380
-229
-286
-404
-456
-442
-293
-47
164
242
95
-212
-543
-1003
-1629
-2153
-2539
-2782
-2836
-2602
-2232
-1827
-1518
-1283
-1144
-1064
-878
-632
-301
103
672
1362
2139
2990
3750
4190
4377
4416
4278
4250
4245
4143
4041
3924
3771
3566
3229
2849
2284
1345
400
-451
-1108
-1541
-1724
-1760
-1894
-2047
-2307
-2610
-2932
-3346
-3566
-3697
-3530
-3049
-2354
-1640
-1007
-477
-85
90
-16
-125
-233
-253
-160
-9
114
125
-15
-287
-756
-1342
-1947
-2526
-2941
-3047
-2761
-2270
-1829
-1399
-929
-628
-480
-412
-430
-427
-228
182
807
1572
2414
3140
3550
3751
3726
3494
3275
3041
2891
2716
2672
2728
2749
2717
2557
2239
1752
1151
520
39
-305
-498
-627
-703
-854
-1130
-1500
-1789
-2083
-2366
-2422
-2331
-2059
-1632
-1170
-767
-501
-376
-443
-518
-612
-639
-627
-544
-385
-328
-338
-438
-688
-1099
-1531
-1853
-2073
-2116
-1882
-1473
-1026
-572
-164
-1
24
-59
-107
-78
-6
199
479
909
1407
1793
2031
2061
1921
1713
1435
1271
1136
1111
1197
1344
1493
1613
1667
1612
1491
1304
1134
985
873
749
625
527
411
402
310
150
60
-93
-268
-373
-388
-480
-498
-496
-520
-499
-532
-593
-627
-650
-713
-798
-842
-983
-1160
-1314
-1433
-1605
-1708
-1730
-1788
-1716
-1641
-1556
-1346
-1130
-910
-648
-444
-341
-271
-204
-83
30
81
106
206
218
168
233
268
259
158
24
30
143
274
446
599
645
744
857
895
850
791
722
678
761
955
1113
1229
1273
1238
1155
1093
1098
1028
975
845
693
479
278
167
120
94
17
-53
-46
-123
-317
-478
-603
-790
-994
-1156
-1264
-1336
-1308
-1256
-1156
-1095
-1077
-1046
-1004
-882
-751
-598
-491
-322
-218
-176
-139
-122
-195
-305
-449
-585
-625
-681
-673
-514
-366
-213
-98
82
261
426
662
773
772
732
717
799
841
933
1034
1092
1180
1297
1371
1374
1384
1308
1202
1027
853
646
441
263
171
155
154
147
171
186
122
62
28
-42
-163
-265
-382
-464
-483
-462
-353
-212
-71
-50
29
65
-44
-180
-302
-380
-489
-582
-586
-620
-746
-850
-896
-950
-1123
-1214
-1321
-1373
-1256
-1047
-817
-554
-276
-68
113
246
333
335
293
237
335
470
648
856
1024
1150
1134
1080
932
765
602
419
212
98
22
-88
-178
-285
-364
-438
-513
-509
-515
-457
-360
-318
-303
-259
-235
-238
-172
-169
-107
-17
112
338
566
763
795
725
699
555
321
85
-142
-387
-576
-614
-640
-722
-827
-908
-1069
-1166
-1170
-1199
-1051
-878
-645
-393
-161
50
222
396
447
513
523
584
721
947
1172
1303
1391
1422
1427
1331
1226
1024
747
498
313
234
238
158
52
-46
-252
-349
-417
-471
-487
-520
-527
-418
-326
-314
-201
-198
-184
-106
17
134
153
231
277
378
491
523
436
257
14
-229
-459
-624
-802
-934
-1022
-1144
-1133
-1201
-1228
-1237
-1280
-1254
-1168
-1021
-845
-567
-306
-119
61
204
297
396
525
652
810
1059
1312
1527
1644
1694
1730
1566
1366
1195
1021
846
757
755
762
772
688
582
412
179
24
-125
-230
-320
-487
-529
-437
-321
-306
-294
-230
-228
-229
-144
-101
-62
-13
-2
-20
-26
-133
-291
-465
-702
-916
-1048
-1127
-1171
-1128
-1115
-1138
-1167
-1215
-1319
-1345
-1388
-1442
-1431
-1312
-1154
-988
-750
-509
-312
-168
2
191
349
439
629
835
997
1216
1388
1492
1604
1566
1409
1260
1142
1029
872
816
865
872
857
819
738
640
407
203
89
-51
-163
-134
-80
-26
30
92
83
92
137
137
145
163
204
219
218
201
183
72
-92
-224
-377
-498
-562
-520
-495
-518
-525
-609
-791
-1044
-1236
-1391
-1489
-1538
-1493
-1381
-1229
-977
-741
-537
-365
-274
-315
-291
-183
-85
107
329
553
760
923
991
979
912
893
859
908
983
962
933
890
806
694
489
258
85
-92
-162
-151
-34
126
221
342
403
388
384
367
284
229
270
414
575
654
709
722
639
638
715
679
614
519
364
237
122
-37
-253
-511
-756
-1012
-1250
-1370
-1470
-1488
-1440
-1376
-1272
-1171
-1094
-1059
-1002
-967
-936
-890
-802
-654
-377
-41
205
415
536
578
601
590
595
573
540
570
561
521
420
346
244
97
5
-168
-318
-403
-449
-404
-272
-87
13
51
139
147
207
286
344
369
435
572
687
827
970
1070
1094
1112
1124
1115
1038
902
723
527
340
137
-81
-276
-529
-800
-940
-1030
-1054
-1108
-1170
-1156
-1155
-1185
-1191
-1178
-1210
-1162
-1077
-985
-878
-667
-405
-179
42
260
432
467
460
470
434
368
360
334
323
295
190
75
-32
-129
-176
-180
-234
-253
-268
-316
-297
-278
-309
-339
-279
-233
-150
13
226
415
566
786
1005
1157
1242
1225
1201
1216
1236
1244
1229
1169
1112
962
804
697
498
324
151
-21
-208
-375
-496
-614
-665
-670
-668
-715
-697
-720
-722
-643
-591
-524
-454
-378
-318
-211
-64
16
88
93
56
14
-34
-55
-31
22
39
5
-39
-125
-235
-321
-350
-380
-473
-527
-601
-681
-692
-680
-697
-693
-657
-501
-335
-169
-7
99
246
338
496
667
710
700
696
653
643
676
719
745
700
658
626
601
506
426
390
310
248
164
81
-40
-154
-278
-326
-346
-377
-349
-370
-350
-265
-221
-191
-236
-266
-218
-177
-145
-83
-83
-69
-96
-162
-103
-88
-53
-22
4
88
109
35
-59
-123
-199
-269
-274
-251
-315
-373
-390
-440
-418
-384
-375
-364
-378
-392
-339
-286
-233
-129
-23
116
200
292
310
315
384
403
412
425
473
491
480
523
513
435
380
298
241
141
84
76
15
-26
-24
-27
-80
-152
-254
-368
-397
-386
-341
-286
-222
-157
-117
-65
-13
-1
8
54
101
139
181
219
215
217
218
240
270
257
213
130
62
16
3
21
44
33
33
9
-100
-187
-240
-293
-289
-234
-112
-44
66
190
328
400
385
371
308
241
273
346
452
503
504
519
424
277
200
119
-5
-67
-201
-255
-278
-342
-355
-355
-345
-428
-595
-750
-848
-812
-773
-724
-661
-568
-486
-411
-314
-249
-179
-80
-21
14
123
251
277
266
330
360
292
283
269
210
238
231
227
202
111
32
-42
-108
-85
-93
-91
-125
-130
-21
117
245
296
325
330
324
345
354
446
513
533
579
566
547
515
501
427
300
201
100
-44
-112
-129
-195
-218
-267
-392
-552
-697
-830
-905
-960
-952
-875
-853
-777
-683
-669
-565
-495
-458
-365
-255
-183
-62
-1
122
325
471
565
548
572
535
510
509
510
438
347
305
255
102
1
-23
-67
-127
-230
-201
-177
-109
5
67
151
189
195
250
254
273
333
357
427
493
539
520
492
492
425
350
234
171
120
50
-7
-72
-143
-260
-309
-384
-468
-624
-734
-817
-887
-858
-792
-619
-529
-472
-427
-423
-472
-494
-386
-309
-190
48
226
379
462
480
501
448
404
354
376
392
380
328
214
186
115
60
-47
-107
-157
-193
-217
-183
-69
-24
-12
27
70
99
97
62
95
142
210
292
326
401
472
449
473
498
492
418
390
313
218
164
117
113
91
62
-68
-172
-259
-289
-297
-310
-278
-270
-240
-224
-264
-363
-400
-413
-484
-542
-510
-471
-356
-244
-130
3
162
263
282
279
221
140
64
82
38
63
91
38
-44
-127
-171
-222
-282
-247
-162
-31
65
89
121
58
-18
-38
-53
-121
-149
-165
-131
-111
-20
99
174
175
168
124
89
87
103
95
127
171
139
129
65
-22
-75
-50
-29
15
57
74
122
118
39
25
-55
-190
-274
-330
-330
-331
-337
-227
-135
-84
20
71
507
1260
1364
234
-1320
-1854
-822
538
930
186
-448
-225
343
718
328
-260
-397
-198
167
701
1053
772
127
-559
-879
-655
-65
529
472
302
286
99
-411
-1181
-1428
-1103
-469
122
553
646
251
-276
-736
-830
-404
279
909
1282
1431
1268
747
302
101
100
482
1003
1233
964
524
-14
-432
-642
-563
-249
39
315
442
263
-187
-689
-943
-898
-693
-367
-87
26
-37
-421
-698
-777
-672
-274
258
607
511
210
-198
-575
-763
-674
-453
-135
111
168
-44
-515
-870
-1006
-929
-529
-75
264
396
379
135
-104
-210
-96
222
664
1141
1325
1346
1152
875
606
537
810
1135
1273
1141
830
422
-129
-467
-581
-508
-436
-378
-393
-512
-809
-1249
-1545
-1575
-1192
-800
-393
11
22
-333
-659
-868
-931
-771
-400
-44
178
212
82
-169
-532
-676
-550
-309
-154
-95
-217
-468
-720
-809
-750
-649
-398
-62
225
374
451
503
536
647
999
1364
1605
1778
1906
1844
1878
2048
2257
2450
2534
2477
2230
1839
1338
842
562
294
102
19
-145
-419
-705
-994
-1371
-1694
-1797
-1711
-1659
-1664
-1553
-1466
-1420
-1280
-1189
-1095
-900
-564
-335
-331
-417
-390
-232
61
253
232
70
-141
-315
-473
-649
-838
-852
-830
-816
-846
-930
-1177
-1416
-1577
-1566
-1375
-1190
-949
-723
-530
-374
-8
464
835
1103
1405
1753
2026
2230
2334
2326
2413
2715
3067
3243
3139
2844
2361
1835
1394
1010
580
246
61
1
-105
-437
-894
-1400
-1731
-1841
-1778
-1805
-1854
-1734
-1482
-1204
-973
-889
-899
-813
-451
-25
256
356
355
347
349
368
164
36
63
141
76
-271
-691
-978
-1163
-1387
-1573
-1744
-1838
-1823
-1845
-1902
-1900
-1837
-1689
-1303
-744
-290
52
438
917
1235
1422
1716
1882
2010
2273
2633
2956
3195
3368
3243
2986
2539
2037
1547
1075
711
534
455
197
-136
-538
-922
-1335
-1624
-1782
-1906
-1937
-1849
-1640
-1459
-1267
-1209
-1249
-1224
-1070
-835
-467
-153
44
184
290
276
207
163
68
81
141
157
37
-163
-466
-813
-1142
-1458
-1552
-1567
-1484
-1327
-1189
-1144
-1167
-1155
-949
-557
-156
136
506
1027
1451
1728
1861
1921
2029
2246
2623
2986
3185
3269
3209
2944
2515
2099
1646
1144
714
468
262
97
-159
-542
-858
-1167
-1419
-1629
-1874
-2024
-2038
-1905
-1746
-1561
-1389
-1225
-1131
-1109
-1052
-810
-582
-414
-160
64
198
229
247
214
88
-51
-111
-145
-137
-155
-256
-549
-773
-1023
-1244
-1405
-1410
-1209
-1067
-978
-900
-726
-625
-396
40
357
497
728
1037
1272
1546
1844
1953
2017
2237
2528
2758
2776
2679
2463
2169
1837
1420
937
457
91
-183
-398
-595
-700
-866
-1103
-1408
-1747
-1968
-2111
-2152
-2024
-1815
-1651
-1448
-1309
-1158
-1016
-936
-822
-751
-630
-496
-277
-102
26
182
234
221
191
144
42
-86
-224
-370
-390
-393
-498
-618
-687
-830
-933
-921
-820
-617
-379
-165
55
269
510
713
955
1240
1527
1792
1975
2103
2149
2203
2272
2364
2317
2249
2229
2198
2042
1759
1387
893
484
128
-68
-171
-230
-335
-483
-666
-871
-1019
-1244
-1415
-1566
-1593
-1458
-1338
-1222
-1171
-1204
-1221
-1159
-1003
-796
-629
-588
-622
-683
-635
-461
-327
-284
-259
-219
-187
-173
-228
-336
-467
-575
-629
-634
-682
-703
-675
-628
-576
-514
-331
-218
-58
158
344
536
754
949
1149
1419
1689
1832
1950
2032
2075
2086
2046
1964
1886
1845
1806
1699
1532
1251
826
411
104
-55
-170
-243
-363
-605
-855
-1054
-1257
-1526
-1787
-1960
-1999
-1934
-1866
-1771
-1660
-1608
-1544
-1512
-1409
-1229
-1023
-811
-687
-601
-556
-603
-627
-634
-623
-456
-277
-115
0
25
-69
-250
-469
-624
-652
-581
-419
-310
-242
-175
-112
-17
152
342
560
821
1120
1428
1692
1887
2004
2087
2144
2219
2271
2308
2402
2490
2539
2458
2252
1927
1628
1366
1146
926
683
455
205
-92
-436
-717
-904
-1027
-1193
-1441
-1655
-1917
-2125
-2191
-2112
-2000
-1865
-1761
-1685
-1527
-1421
-1242
-1059
-989
-951
-814
-706
-674
-647
-555
-381
-188
-40
81
140
86
-30
-204
-403
-573
-605
-623
-646
-537
-439
-309
-252
-149
-54
42
265
508
743
910
1075
1254
1474
1685
1909
2050
2137
2263
2384
2469
2556
2512
2356
2230
1991
1691
1387
1049
691
348
42
-229
-437
-638
-827
-1082
-1337
-1509
-1674
-1786
-1879
-1983
-2038
-2025
-1925
-1813
-1686
-1511
-1345
-1183
-957
-788
-710
-716
-629
-444
-331
-269
-180
-126
-143
-148
-117
-110
-142
-238
-353
-407
-513
-535
-514
-488
-402
-339
-290
-209
-159
-69
163
450
727
898
984
1139
1375
1560
1735
1891
2052
2166
2252
2270
2217
2151
2037
1964
1849
1698
1497
1178
821
390
20
-278
-581
-808
-971
-1162
-1358
-1381
-1417
-1524
-1580
-1671
-1722
-1764
-1745
-1685
-1621
-1621
-1479
-1312
-1274
-1209
-1051
-783
-607
-521
-473
-513
-527
-514
-517
-455
-318
-155
-72
-21
18
41
-26
-109
-139
-111
-47
-23
37
47
43
165
359
547
866
1197
1405
1584
1673
1683
1745
1796
1904
2003
2002
1953
1925
1824
1721
1663
1523
1355
1099
892
663
337
32
-299
-635
-913
-1092
-1227
-1269
-1270
-1298
-1311
-1267
-1255
-1278
-1324
-1405
-1443
-1474
-1456
-1480
-1502
-1458
-1276
-1046
-861
-771
-688
-640
-570
-433
-310
-206
-177
-174
-107
-129
-129
-28
40
153
272
420
493
478
493
530
537
533
574
577
596
714
844
998
1206
1327
1401
1470
1511
1517
1496
1389
1286
1187
1052
934
816
755
680
608
549
463
376
283
80
-180
-400
-599
-759
-894
-997
-1027
-1050
-1034
-996
-1069
-1173
-1216
-1309
-1373
-1420
-1503
-1500
-1511
-1502
-1407
-1369
-1339
-1233
-1034
-882
-697
-558
-564
-539
-466
-378
-211
-70
-3
66
164
333
463
661
798
860
930
939
956
936
884
880
906
912
926
948
937
882
903
950
994
981
948
948
948
954
927
807
650
519
464
476
468
480
415
329
333
308
132
-30
-160
-296
-402
-438
-524
-703
-858
-980
-1029
-1039
-1076
-1128
-1244
-1301
-1363
-1443
-1486
-1493
-1491
-1438
-1335
-1273
-1119
-967
-796
-633
-436
-267
-135
-4
125
267
431
583
693
848
970
1006
1038
1086
1088
1069
1095
1111
1093
941
833
761
640
544
449
406
351
225
90
83
106
166
168
191
129
117
252
347
433
453
491
541
632
656
646
602
586
543
416
327
247
158
52
-69
-266
-471
-646
-808
-997
-1130
-1227
-1332
-1403
-1436
-1401
-1387
-1417
-1413
-1443
-1345
-1170
-987
-816
-652
-480
-287
-117
43
185
346
555
722
855
978
1029
1013
910
858
845
801
718
594
414
235
92
-88
-173
-179
-210
-292
-369
-440
-479
-516
-572
-532
-319
-132
-31
157
348
521
674
859
947
1018
1111
1202
1257
1295
1273
1123
947
760
646
511
358
156
-82
-303
-573
-831
-1049
-1182
-1254
-1292
-1414
-1507
-1557
-1639
-1603
-1516
-1401
-1271
-1103
-902
-712
-489
-294
-86
67
170
298
454
595
719
797
825
838
819
825
740
555
417
294
195
115
-3
-120
-234
-326
-411
-442
-478
-513
-528
-439
-269
-151
-83
30
189
357
579
823
1081
1219
1315
1427
1528
1630
1649
1602
1545
1488
1373
1200
1032
793
552
320
133
-69
-261
-466
-706
-927
-1115
-1223
-1302
-1383
-1497
-1573
-1541
-1451
-1414
-1275
-1092
-946
-825
-632
-462
-359
-226
-74
38
79
127
252
357
383
453
463
478
416
333
309
241
187
76
-65
-207
-341
-435
-433
-451
-465
-443
-399
-284
-235
-172
-90
-23
83
260
402
460
609
706
707
798
931
997
1017
998
1023
1063
982
829
731
606
424
287
133
-71
-237
-420
-622
-737
-860
-1031
-1128
-1198
-1269
-1251
-1276
-1315
-1309
-1290
-1202
-1033
-820
-581
-418
-339
-280
-240
-130
26
180
302
381
505
578
547
588
560
544
547
488
406
374
284
179
118
-13
-83
-109
-100
-63
-84
-123
-45
55
86
213
325
348
395
425
491
625
695
708
800
846
864
892
873
813
793
661
584
548
422
274
198
135
15
-91
-187
-306
-421
-566
-746
-809
-854
-887
-922
-958
-888
-880
-873
-777
-645
-551
-403
-244
-122
-33
28
124
155
214
209
204
201
265
317
274
275
205
185
190
84
34
31
-23
-50
-24
-8
102
179
151
207
239
199
236
246
184
204
228
265
362
384
339
324
280
225
146
112
81
72
104
106
82
3
-104
-218
-272
-327
-330
-316
-370
-466
-539
-548
-542
-547
-498
-417
-422
-380
-359
-389
-415
-451
-460
-422
-400
-329
-218
-145
-69
-62
-86
-89
-107
-141
-175
-130
-171
-210
-181
-114
-100
-98
-24
1
43
77
174
226
278
362
402
474
528
636
694
724
758
692
619
593
487
361
347
301
273
184
83
0
-115
-234
-245
-291
-345
-367
-426
-407
-394
-337
-246
-209
-208
-127
-58
15
111
154
219
307
341
347
349
338
343
385
355
301
326
272
218
135
36
-36
-136
-221
-241
-279
-339
-313
-292
-382
-431
-450
-444
-357
-274
-182
-76
-18
9
81
249
344
408
409
445
491
476
499
542
506
419
410
407
368
295
161
23
-109
-286
-425
-434
-459
-526
-568
-613
-635
-717
-720
-649
-571
-555
-470
-347
-295
-245
-144
27
78
112
157
249
388
480
592
653
615
594
559
475
387
341
220
66
-82
-186
-262
-305
-284
-256
-267
-261
-274
-360
-421
-405
-437
-408
-314
-227
-159
-130
-2
93
128
214
325
344
342
329
327
401
446
519
547
506
450
358
264
200
108
-35
-105
-182
-295
-365
-357
-427
-523
-571
-572
-544
-567
-581
-570
-494
-414
-360
-282
-231
-147
-35
68
140
185
235
312
382
446
479
482
468
439
412
352
321
293
205
74
-2
-61
-109
-151
-231
-262
-264
-246
-289
-334
-354
-391
-332
-252
-254
-239
-223
-208
-89
62
117
163
198
227
265
290
323
379
424
468
539
537
444
359
274
204
157
63
-76
-171
-177
-236
-224
-219
-264
-304
-412
-472
-459
-457
-390
-321
-289
-174
-77
-55
-7
109
203
269
330
423
502
545
574
601
649
696
745
719
665
573
439
328
223
146
45
-105
-197
-258
-339
-431
-456
-519
-569
-577
-595
-582
-541
-514
-458
-388
-364
-338
-315
-214
-70
13
105
251
308
337
395
338
290
254
200
214
189
166
93
1
-87
-143
-160
-224
-267
-330
-416
-498
-513
-479
-471
-432
-411
-294
-170
-93
-49
-15
51
132
228
271
358
445
509
590
658
660
597
568
529
481
408
297
235
196
157
66
-18
-121
-241
-282
-346
-469
-592
-703
-731
-743
-730
-635
-579
-542
-546
-484
-329
-271
-268
-166
-111
-107
61
101
106
184
209
235
308
267
217
199
122
105
129
179
182
130
44
8
-8
-56
-94
-89
-74
-115
-57
14
11
104
196
197
243
314
326
375
436
501
533
577
609
575
591
661
710
717
673
598
492
401
277
184
82
-43
-61
-102
-177
-261
-374
-490
-574
-579
-570
-523
-482
-494
-493
-503
-525
-504
-455
-393
-254
-204
-168
-165
-145
-79
-59
-42
-19
-27
-70
-51
-25
-34
-32
-65
-130
-214
-187
-96
-74
-91
-75
-77
-126
-167
-177
-129
-108
-56
-1
63
75
79
187
277
355
443
474
456
366
317
299
308
354
352
332
287
268
247
214
124
54
21
-10
28
7
-34
-54
-85
-109
-137
-165
-190
-247
-325
-330
-315
-334
-257
-187
-160
-137
-183
-166
-173
-187
-162
-146
-157
-190
-179
-149
-169
-195
-203
-286
-297
-260
-213
-149
-118
-139
-87
-63
-32
12
54
80
56
45
9
55
115
181
259
305
329
380
430
429
423
454
435
349
282
231
257
283
275
324
302
201
146
115
102
84
25
77
93
-17
-11
44
0
12
28
-16
-51
-81
-79
-56
-91
-114
-87
-48
-76
-97
-92
-119
-148
-203
-250
-280
-297
-321
-309
-324
-349
-316
-285
-306
-299
-279
-242
-237
-179
-162
-139
-67
-80
-6
40
19
70
137
234
304
326
401
422
450
439
395
363
342
300
250
153
108
89
95
138
139
128
36
-11
11
58
77
72
23
-13
-53
-106
-96
-90
-84
-40
-13
-4
21
32
58
59
57
-15
-99
-148
-148
-138
-142
-121
-149
-179
-246
-317
-304
-332
-380
-397
-427
-393
-395
-372
-395
-406
-343
-299
-264
-173
-119
-139
-101
-32
43
90
97
147
167
165
209
243
296
319
347
376
366
322
322
280
202
182
178
177
178
175
145
73
76
84
97
152
184
150
154
151
69
43
28
32
-36
-72
-65
-20
48
51
100
82
41
1
-62
-79
-114
-208
-234
-262
-251
-256
-294
-298
-363
-378
-392
-448
-480
-452
-477
-538
-484
-368
-312
-256
-224
-185
-154
-115
-33
57
155
248
317
362
436
462
500
598
634
676
659
640
633
596
568
566
528
467
400
382
368
337
317
289
253
223
167
136
120
64
23
-17
-67
-111
-137
-178
-156
-103
-75
-66
-120
-149
-161
-205
-195
-151
-145
-137
-208
-319
-406
-474
-525
-532
-523
-485
-486
-489
-471
-490
-538
-517
-479
-455
-448
-457
-428
-365
-317
-277
-224
-121
-81
-64
23
132
191
233
291
355
409
470
502
478
488
468
447
399
424
377
310
361
368
373
371
385
348
279
226
188
129
114
97
62
48
13
-23
-67
-57
-84
-135
-130
-147
-167
-198
-201
-159
-105
-54
-83
-164
-200
-193
-210
-232
-297
-329
-329
-299
-321
-346
-355
-428
-398
-361
-322
-335
-377
-357
-305
-302
-280
-277
-289
-242
-141
-51
-4
27
8
32
99
90
133
213
273
355
440
481
440
437
463
449
495
525
452
432
466
471
427
395
364
319
297
309
314
294
263
213
199
175
116
79
56
16
3
-45
-26
-21
-33
0
-2
15
-26
-116
-161
-157
-198
-217
-196
-193
-195
-153
-157
-195
-227
-242
-254
-260
-256
-267
-261
-264
-258
-303
-315
-315
-303
-317
-295
-236
-187
-141
-154
-143
-132
-103
-39
9
53
110
157
161
184
210
211
194
169
193
252
321
322
290
287
304
302
343
293
208
188
149
96
50
2
-41
-69
-90
-61
-67
-86
-99
-97
-60
-69
-99
-122
-138
-177
-222
-211
-177
-100
-92
-96
-96
-107
-115
-151
-124
-97
-121
-157
-207
-209
-216
-260
-259
-232
-243
-272
-240
-186
-155
-184
-166
-155
-159
-132
-113
-77
-55
-44
-29
16
76
69
94
151
214
299
317
356
383
338
297
324
377
376
412
426
459
489
486
422
378
342
296
223
151
111
44
36
86
37
-49
-86
-122
-135
-142
-115
-117
-113
-113
-169
-174
-134
-140
-138
-136
-135
-102
-92
-130
-117
-123
-208
-235
-216
-223
-191
-158
-203
-233
-206
-233
-267
-223
-230
-208
-183
-142
-125
-121
-74
-61
-56
-70
-17
20
-21
33
80
120
179
189
195
251
250
294
353
355
345
356
383
390
385
322
302
282
251
224
203
190
155
118
92
110
93
-14
-93
-104
-118
-56
-21
-49
-54
-56
-80
-134
-132
-127
-151
-157
-117
-59
-9
-12
-44
-63
-90
-154
-231
-234
-220
-251
-239
-208
-242
-295
-304
-342
-341
-345
-334
-323
-335
-292
-294
-248
-234
-226
-165
-132
-94
-39
-48
-52
-61
-20
52
106
149
185
264
243
233
257
287
272
237
290
355
349
317
312
288
232
195
195
165
105
47
84
93
77
58
31
-8
-39
-34
-71
-68
-36
-31
-6
-34
-87
-131
-150
-147
-159
-127
-49
-24
-72
-71
-87
-142
-161
-129
-140
-144
-130
-141
-163
-124
-97
-77
-31
-20
-30
-7
-31
-34
-21
12
57
64
73
51
78
99
133
189
247
275
301
280
252
270
258
238
254
274
254
184
181
260
267
249
218
157
136
115
131
130
115
54
-5
-78
-107
-86
-117
-146
-182
-190
-207
-189
-150
-160
-173
-213
-216
-175
-145
-108
-118
-128
-156
-170
-200
-201
-201
-166
-126
-41
-34
-74
-65
-111
-150
-167
-109
-56
-10
4
28
2
-16
-34
-43
34
32
-21
-9
14
11
17
57
101
92
74
86
80
70
74
95
79
62
69
91
113
113
148
118
97
112
72
15
-28
-73
-79
-125
-136
-89
-59
-61
-78
-79
-92
-117
-136
-152
-168
-173
-201
-208
-213
-178
-155
-134
-106
-62
-42
-32
18
22
60
94
69
66
31
-8
9
-3
-31
-11
9
26
49
36
36
25
-1
-26
-40
-101
-109
-64
-53
-6
38
41
63
86
95
102
119
135
156
167
187
223
199
154
131
148
164
216
232
187
191
175
132
87
48
11
21
13
-3
-5
-42
-83
-99
-90
-32
-28
-60
-38
-63
-91
-76
-64
-65
-69
-48
-13
-3
41
76
96
134
145
126
97
82
59
99
92
51
58
11
-23
-44
-56
-35
6
7
7
11
-39
-82
-86
-33
-23
-24
-6
-35
-66
-64
-39
-5
23
29
0
-14
-29
-36
-32
-4
36
47
43
17
-23
-54
-57
-60
-93
-107
-124
-103
-119
-118
-132
-180
-205
-215
-190
-198
-206
-192
-179
-195
-133
-76
-33
-10
23
43
44
54
47
57
76
77
66
49
48
33
21
55
76
72
80
72
16
-21
-66
-61
-44
-43
-56
-72
-95
-96
-111
-88
-70
-39
2
40
61
63
79
90
77
76
116
112
126
119
125
77
43
46
50
61
65
83
86
73
38
33
21
37
36
52
59
37
14
16
4
-15
23
17
18
47
48
59
51
33
53
70
64
37
18
-21
-46
-17
-5
2
-6
-33
-37
-51
-73
-96
-100
-86
-71
-41
-39
-64
-73
-61
-45
-28
-35
-50
-45
-55
-34
-7
18
40
41
49
80
100
84
93
75
42
25
19
33
52
47
58
70
57
46
14
4
21
27
7
10
0
-15
-4
16
31
10
-11
-37
-42
-4
10
12
1
-12
-29
-25
-1
-15
-49
-55
-57
-52
-48
-30
-26
-22
-10
-13
-26
-44
-51
-40
-43
-42
-15
-11
-20
-19
-11
-6
11
-14
-22
-24
-11
20
18
15
42
38
44
59
27
-1
-37
-52
-54
-61
-49
-39
-61
-58
-43
-34
-22
-45
-70
-94
-85
-85
-77
-67
-62
-48
-34
-1
0
1
16
10
7
34
49
39
16
28
24
24
16
-9
-6
-2
9
23
25
33
-2
-1
16
28
35
22
25
38
67
68
68
54
40
32
44
44
40
49
36
31
59
56
47
56
64
36
9
-5
-34
-31
-27
-35
-23
-18
-34
-51
-59
-46
-15
0
-11
-21
-24
-47
-49
-33
-27
-20
9
21
24
33
28
30
32
47
42
44
50
53
81
82
90
83
82
73
56
42
35
44
17
20
41
47
60
38
7
12
13
13
25
27
36
26
13
4
-22
-34
-42
-37
-29
-22
-8
1
4
8
-6
-7
-4
-32
-41
-38
-41
-60
-71
-91
-97
-85
-90
-70
-65
-73
-89
-104
-102
-105
-96
-100
-104
-105
-109
-102
-102
-89
-93
-88
-82
-77
-46
-19
4
29
39
50
35
16
22
36
58
84
105
101
94
79
71
83
76
55
43
62
81
91
87
76
69
57
71
73
72
39
20
14
16
7
-18
-37
-44
-37
-20
-4
0
-10
-28
-36
-64
-75
-104
-133
-136
-133
-133
-126
-123
-120
-96
-90
-89
-89
-84
-82
-66
-57
-57
-63
-54
-37
-6
23
46
66
67
75
76
75
69
68
70
79
95
105
133
154
151
175
167
147
161
149
123
114
107
111
127
126
112
100
77
47
46
41
31
26
32
19
1
-9
-29
-16
-23
-28
-27
-46
-60
-67
-51
-43
-38
-32
-47
-65
-87
-81
-82
-83
-90
-86
-58
-50
-47
-46
-49
-58
-50
-35
-43
-67
-103
-120
-98
-64
-24
19
51
42
15
11
6
-12
-5
24
7
9
39
30
25
30
47
47
51
69
85
88
73
93
79
60
66
59
53
63
48
37
21
16
25
-1
-29
-41
-48
-53
-60
-53
-51
-47
-47
-52
-61
-92
-109
-105
-96
-76
-58
-65
-77
-98
-115
-115
-109
-94
-77
-65
-61
-66
-81
-92
-107
-114
-108
-115
-101
-93
-82
-61
-32
-11
8
26
32
30
29
35
40
41
38
45
53
74
95
122
133
124
114
113
128
158
164
162
169
147
135
123
98
80
60
35
18
22
40
42
63
69
62
30
1
-24
-38
-25
-20
-19
-16
-3
2
4
-16
-35
-32
-25
-36
-30
-38
-47
-40
-18
7
16
19
-6
-18
-31
-49
-48
-54
-42
-30
-24
-26
-13
-4
-7
13
25
22
25
15
24
32
39
39
34
19
-14
-66
-75
-68
-73
-47
2
54
69
73
69
49
8
-26
-17
-6
-6
8
10
0
-9
-8
-15
-35
-35
-26
-27
-18
-1
17
41
38
36
40
33
27
4
-8
-27
-19
-12
-5
-1
9
-3
-29
-46
-36
-28
-31
-16
-3
-12
-45
-74
-83
-86
-80
-78
-79
-66
-58
-34
-22
-29
-16
-21
-11
22
21
0
-18
-44
-53
-36
-29
-25
-25
-32
-34
-7
15
52
82
112
113
63
40
5
0
-5
-3
7
4
-16
-11
-12
-22
-9
1
1
5
14
6
11
7
-4
14
23
14
13
1
-20
-16
19
30
51
45
22
-7
-26
-31
-23
-12
-16
5
29
32
27
24
14
-21
-36
-33
-28
-11
11
34
33
31
17
26
37
47
53
64
70
68
60
29
16
12
3
-24
-17
-4
7
31
62
67
72
71
50
35
21
12
-24
-37
-23
-22
-20
-16
-7
3
-2
2
30
30
21
24
31
18
17
27
34
38
40
24
-9
-25
-26
-27
-17
9
28
48
44
26
11
-5
-17
-36
-49
-42
-42
-49
-39
-48
-52
-48
-56
-60
-67
-79
-88
-73
-46
-36
-13
-16
-33
-42
-52
-60
-59
-57
-56
-63
-59
-53
-41
-32
-21
-2
-12
-16
-15
-25
-23
-18
0
3
-4
-4
2
6
4
24
34
46
59
63
77
86
69
60
20
-6
-14
-36
-41
-29
-17
6
35
40
49
27
4
-5
-14
-36
-39
-34
-33
-28
-36
-38
-45
-49
-34
-25
-12
15
16
0
-13
-19
-27
-37
-41
-35
-11
17
20
34
36
35
37
53
59
42
34
12
4
17
33
53
62
60
60
61
65
65
73
72
69
59
54
44
41
50
67
70
77
80
64
66
53
42
40
35
37
45
37
23
4
2
-4
-5
2
4
2
0
2
-6
-16
-34
-52
-55
-61
-67
-69
-72
-78
-77
-75
-69
-73
-74
-66
-56
-53
-51
-44
-44
-47
-62
-69
-88
-103
-87
-72
-69
-62
-58
-60
-61
-52
-37
-24
-24
-19
-5
-9
-1
20
24
30
35
27
26
19
17
21
25
34
37
50
61
75
73
76
74
64
51
52
48
45
39
37
50
58
70
69
60
64
67
51
29
-3
-45
-66
-70
-58
-30
-21
-17
-13
-21
-24
-29
-41
-43
-43
-39
-42
-45
-57
-71
-80
-84
-88
-85
-86
-82
-61
-39
-29
-23
-22
-21
-10
-11
17
40
36
27
21
11
-6
-14
-12
-6
9
36
66
90
94
99
100
84
70
58
57
65
56
49
47
46
46
64
79
84
73
58
56
34
10
-7
-17
-23
-35
-34
-32
-19
-13
-14
-12
-5
-12
-26
-46
-57
-61
-67
-62
-65
-55
-48
-34
-36
-41
-50
-61
-62
-66
-63
-55
-40
-14
2
9
15
17
-2
-15
-2
12
14
22
23
15
16
25
39
47
60
64
62
62
67
61
51
53
50
63
47
37
40
27
20
9
5
7
5
8
21
26
32
39
29
13
-9
-22
-38
-62
-69
-60
-70
-75
-73
-74
-67
-54
-44
-34
-36
-43
-52
-66
-58
-52
-53
-42
-45
-56
-56
-44
-38
-39
-40
-32
-13
-1
15
11
20
20
12
11
5
4
-6
6
17
16
29
34
24
30
35
21
25
34
53
71
74
84
72
48
41
34
34
47
41
33
38
39
51
56
42
33
12
-16
-34
-34
-28
-22
-14
-20
-22
-28
-37
-43
-46
-51
-60
-56
-51
-55
-61
-47
-35
-31
-26
-12
-18
-23
-20
-20
-12
-5
-6
-9
-2
6
13
16
18
16
17
14
24
32
30
17
16
28
23
34
43
36
29
13
3
9
9
27
43
52
63
64
50
39
37
26
24
13
17
18
11
14
15
25
22
9
-2
-8
-22
-22
-23
-37
-36
-16
-16
-17
-8
-18
-27
-38
-36
-29
-23
-26
-26
-28
-32
-27
-33
-28
-27
-33
-27
-22
-17
-13
-16
-11
-6
-14
-22
-17
-19
-15
0
13
20
11
13
8
-8
-17
-15
-11
-11
-7
5
20
26
29
28
16
22
25
24
37
32
27
28
18
12
13
2
-3
1
2
12
24
27
32
36
26
18
4
-17
-29
-34
-41
-37
-31
-30
-18
-8
4
5
8
4
-10
-16
-29
-31
-32
-39
-32
-26
-34
-29
-23
-33
-36
-31
-22
-20
-17
-18
-8
5
13
15
12
17
11
9
12
19
21
21
20
28
33
33
33
25
22
26
30
28
27
23
17
15
21
21
29
26
25
25
19
10
4
-1
-8
-13
-14
-12
-10
-3
2
5
6
0
-11
-24
-27
-33
-42
-44
-47
-44
-44
-28
-24
-22
-18
-21
-19
-19
-13
-6
-8
-7
-6
0
8
12
11
7
2
-1
3
12
22
27
32
36
36
32
26
32
36
30
34
35
33
25
22
20
7
7
4
4
5
6
3
8
11
8
6
-3
-18
-25
-19
-15
-18
-16
-18
-19
-19
-17
-20
-18
-6
-4
-7
-20
-31
-36
-37
-23
-9
2
6
5
11
11
6
-6
-9
-3
-2
1
3
4
4
4
-1
1
-3
-9
-1
3
4
5
4
7
8
14
13
7
5
5
6
10
14
17
25
24
16
8
3
0
-13
-12
-16
-25
-24
-26
-27
-17
-15
-6
-2
-1
3
-8
-31
-47
-44
-41
-29
-20
-24
-22
-17
-14
-10
4
10
0
1
0
-3
2
5
9
20
22
14
15
11
10
12
9
18
25
28
29
28
25
31
36
30
28
20
10
6
7
9
9
10
5
9
10
12
16
12
4
-3
3
-2
-3
-6
-1
-2
-8
-1
3
7
8
-2
-13
-12
-18
-13
-1
2
2
4
-2
2
-3
-5
-4
-3
-3
5
6
-4
-2
-8
-12
-7
-5
-7
-4
6
7
11
12
9
12
15
12
9
9
15
11
3
-4
-10
-11
-7
-7
7
10
6
2
-6
-9
-14
-16
-20
-15
-12
-14
-8
-3
-6
-8
-15
-21
-22
-19
-21
-21
-23
-28
-26
-30
-35
-26
-28
-21
-21
-24
-27
-27
-23
-16
-7
2
19
18
12
14
6
-4
-7
-6
-5
3
9
9
19
27
29
33
34
28
25
25
24
22
23
19
19
21
16
15
13
18
18
22
27
26
20
11
11
13
7
4
-1
-7
-12
-14
-18
-17
-14
-16
-12
-11
-13
-14
-17
-11
-9
-11
-14
-22
-26
-28
-30
-33
-27
-19
-9
-1
1
-1
3
-1
-3
-6
-15
-21
-28
-21
-13
-1
7
16
26
24
24
24
19
17
18
16
17
17
15
14
17
22
20
21
19
14
18
18
21
21
19
19
20
17
15
4
7
2
-2
4
9
15
13
9
12
9
4
5
3
3
3
2
7
7
0
-3
-2
-7
-8
-13
-23
-26
-24
-21
-19
-21
-18
-14
-9
-11
-17
-27
-31
-33
-29
-25
-21
-18
-19
-12
-9
-12
-19
-24
-23
-18
-14
-6
-6
-11
-11
-8
-13
-9
2
3
8
14
12
16
13
15
20
12
12
4
1
3
5
17
21
21
23
18
11
12
11
13
12
9
5
3
-2
-1
4
2
5
-1
-6
-4
-11
-10
-8
-9
-13
-15
-16
-20
-24
-27
-29
-30
-22
-15
-12
-13
-12
-10
-10
-11
-4
-5
-5
-3
-4
1
7
10
8
5
3
3
-2
0
10
14
17
16
16
16
10
10
11
11
10
21
26
26
32
29
31
26
24
24
22
20
18
22
20
16
13
9
11
14
10
14
10
10
10
10
7
0
0
3
6
6
4
-1
-5
-9
-9
-4
-7
-7
-12
-13
-15
-15
-15
-12
-8
-10
-17
-16
-24
-23
-18
-21
-15
-17
-15
-16
-14
-14
-17
-13
-15
-17
-15
-16
-17
-16
-17
-14
-14
-9
-6
-6
-2
-1
-2
4
8
11
13
10
5
6
5
2
3
5
5
2
6
5
6
6
7
7
7
5
3
10
12
13
4
4
4
0
-9
-8
-9
-16
-11
-10
-6
-3
-6
-8
-6
-7
-6
-2
-8
-8
-12
-17
-17
-10
-5
-1
-1
-3
-9
-12
-12
-10
-5
1
7
12
11
4
-1
3
5
7
12
10
11
14
17
18
19
17
12
18
16
10
9
8
11
11
16
16
17
12
14
19
15
14
10
5
4
5
9
11
13
10
9
8
7
9
3
-4
-12
-17
-19
-15
-11
-8
-8
-2
-1
3
5
5
4
-2
-3
-8
-15
-19
-14
-14
-12
-16
-18
-14
-15
-12
-9
-6
-3
-6
-7
-7
-9
-6
-5
-8
-8
-9
-8
-4
-10
-10
-5
-3
4
4
6
3
0
-1
5
6
8
6
4
3
0
1
-3
-2
1
4
7
13
15
19
17
22
24
23
18
13
9
9
8
8
8
8
6
5
1
-2
-5
-5
-3
0
-2
-4
-6
-10
-12
-14
-11
-10
-10
-8
-5
-7
-13
-14
-11
-13
-15
-12
-15
-14
-19
-14
-10
-12
-10
-11
-14
-11
-13
-12
-9
-7
-5
-4
1
1
2
2
1
3
5
0
1
2
3
4
3
3
7
8
8
9
8
5
3
2
-2
-4
-1
3
4
6
13
20
19
19
13
10
11
10
12
10
9
10
10
5
4
6
8
7
7
11
9
7
6
2
4
6
5
2
1
-5
-8
-7
-8
-11
-5
-5
-4
-9
-11
-8
-5
1
4
1
4
-1
-7
-8
-10
-9
-12
-9
-8
-8
-4
3
8
7
6
7
7
8
11
7
1
0
4
5
5
7
3
2
6
11
15
14
13
10
7
7
6
3
1
2
3
0
-4
-2
-3
0
-1
-5
-10
-14
-18
-17
-14
-10
-11
-11
-13
-20
-18
-19
-21
-20
-17
-12
-11
-16
-22
-23
-24
-21
-17
-5
-3
-5
0
-3
-2
2
1
2
5
2
-1
-1
1
2
4
10
12
15
14
17
17
12
11
8
4
9
10
11
16
15
12
10
10
10
10
10
10
9
6
0
-1
-1
-5
-1
-3
-4
-4
-4
-6
-9
-6
-3
1
2
-1
-2
-6
-3
-4
-7
-8
-9
-10
-9
-9
-5
-1
-4
-8
-7
-6
-4
-2
4
2
5
9
9
9
8
6
5
4
0
4
7
10
13
12
15
14
13
15
8
7
4
4
6
11
11
15
15
11
12
12
11
10
7
4
0
1
1
1
-3
-3
-2
-2
-4
-3
-4
-4
-3
4
5
8
12
6
2
-1
-10
-15
-17
-16
-17
-16
-13
-14
-13
-15
-17
-21
-18
-15
-13
-13
-10
-11
-8
-7
-5
-1
-3
-6
-7
-13
-14
-12
-9
-3
0
-1
1
3
1
0
4
1
-2
-1
-4
-4
0
2
6
9
8
11
11
11
10
6
2
-5
-9
-6
-3
-5
0
2
1
2
3
1
-2
-2
2
2
-3
-7
-8
-11
-13
-8
-6
-5
-6
-7
-11
-9
-7
-10
-9
-6
-6
-9
-7
3
9
8
12
11
6
7
6
6
8
12
14
14
17
13
14
15
17
15
15
18
19
17
20
23
20
17
19
18
17
15
12
14
14
9
7
8
7
6
4
5
2
-3
-10
-11
-10
-7
-5
-1
-2
-5
-3
-4
-4
-5
-6
-9
-11
-9
-8
-7
-6
-6
-7
-11
-11
-10
-9
-11
-9
-7
-9
-8
-9
-8
-6
-4
-4
-3
-2
-3
-5
-5
-5
-5
-10
-8
-3
-1
2
4
5
1
-1
0
-3
-4
-5
-5
-4
-2
1
4
8
6
2
1
-1
0
-4
-6
-4
1
0
-2
-4
-3
-1
0
1
1
0
-2
-5
-2
-4
-5
-2
-4
-4
1
2
2
2
-1
-4
-5
-7
-6
-3
-3
-5
-4
-2
-1
-2
-2
-7
-10
-10
-8
-4
-4
-4
-3
-2
1
-2
-4
-6
-7
-6
-1
0
1
-1
-1
0
1
1
3
1
-1
2
2
1
4
7
6
6
5
3
-1
-2
-3
0
4
3
2
4
7
4
6
8
7
7
4
2
2
7
8
7
10
12
10
11
12
13
13
13
14
12
9
6
10
9
8
11
14
16
14
10
9
9
9
8
10
11
7
5
8
6
7
10
8
7
2
4
4
2
0
-4
-4
-2
0
1
-1
-2
-6
-9
-8
-2
2
1
2
-2
-5
-3
-3
-5
-3
-1
-6
-10
-11
-13
-13
-14
-12
-13
-15
-12
-11
-12
-11
-12
-15
-17
-16
-15
-14
-14
-14
-12
-10
-8
-9
-13
-14
-12
-9
-8
-6
-5
-9
-7
-3
-1
-2
-1
-5
-9
-8
-8
-9
-5
-2
-1
2
2
-1
0
1
-1
1
1
-3
-4
-3
-4
-2
-3
1
6
12
14
16
13
6
5
4
6
7
5
1
0
-2
-1
3
2
-1
3
-2
-4
-2
-5
-2
-1
2
4
0
0
-3
-2
-1
-3
-3
-1
-2
0
4
1
2
3
2
1
4
4
-1
1
3
6
9
10
11
12
12
8
2
5
5
3
6
6
8
10
11
14
17
18
15
13
12
9
9
7
6
5
4
7
11
10
10
10
9
8
6
6
7
6
7
6
4
2
4
7
5
5
4
4
0
-2
-3
-1
-2
-7
-9
-7
-7
-6
-4
-5
-3
-6
-6
-8
-5
-1
-2
-1
-2
-5
-8
-5
-5
-6
-5
-5
-4
-3
-2
0
-1
1
3
1
-1
-2
-5
-8
-10
-9
-9
-12
-14
-13
-15
-11
-11
-8
-7
-7
-9
-10
-10
-12
-12
-10
-10
-9
-11
-14
-16
-17
-15
-14
-13
-10
-11
-10
-10
-8
-9
-6
-4
-3
-6
-7
-7
-10
-8
-7
-5
-3
-3
-3
-1
1
0
2
6
3
2
5
3
5
1
0
5
-1
2
4
6
9
10
11
11
11
13
13
13
11
10
11
9
8
8
8
8
8
8
9
12
12
14
13
15
14
15
12
13
15
14
15
13
13
14
10
8
6
7
8
8
8
8
9
8
7
5
4
8
9
5
2
5
5
1
1
-1
-2
-1
-2
1
6
4
-1
-3
-7
-9
-10
-7
-4
-5
-2
-3
-5
-3
-2
0
0
-3
-3
-5
-5
-4
-3
-3
-5
-5
-7
-7
-6
-8
-9
-9
-8
-11
-14
-11
-8
-12
-13
-16
-15
-14
-13
-12
-11
-10
-9
-10
-11
-12
-10
-9
-8
-7
-5
-6
-8
-6
-5
-3
-1
0
3
2
1
0
3
3
4
4
3
5
3
2
3
1
1
1
-2
0
2
1
2
3
3
-1
-2
-3
-3
-4
-5
-3
-4
-4
-2
-4
-1
-4
-4
-1
-3
-5
-7
-8
-8
-7
-3
0
1
3
4
4
5
7
9
9
6
6
7
8
11
13
13
14
15
14
13
16
15
12
10
10
8
10
6
7
9
10
8
7
6
6
7
8
8
4
4
4
0
1
-1
-2
-3
-4
-2
-1
0
-5
-6
-5
-2
0
2
0
-2
-3
-3
-4
-3
-3
-2
1
2
1
1
1
0
1
2
1
2
1
-1
2
3
2
-1
0
3
3
4
5
1
0
2
2
2
5
5
6
5
1
0
-1
-2
-1
-1
-2
-2
-2
-4
-5
-7
-7
-7
-4
-4
-3
-5
-7
-6
-6
-5
-4
-5
-8
-10
-10
-8
-7
-8
-10
-13
-13
-8
-8
-9
-5
-5
-5
-4
-9
-6
-4
-6
-9
-10
-13
-10
-6
-3
0
-2
-2
-4
-3
-2
-5
-6
-6
-3
-2
-3
-3
-2
-1
1
3
3
4
5
2
2
7
6
3
3
2
2
3
1
4
7
4
2
2
-1
1
0
4
7
3
2
-1
1
5
4
1
-1
-6
-7
-6
-6
-1
0
0
3
3
-2
1
0
1
2
2
3
2
2
4
8
8
7
5
4
3
4
4
10
9
10
11
8
9
12
10
9
10
11
10
10
10
8
8
6
10
10
11
11
10
11
8
6
8
8
6
7
5
4
3
4
2
-1
-4
-4
-4
-5
-7
-9
-8
-5
-4
-1
2
4
1
-2
-3
-5
-7
-5
-4
-5
-3
-3
-5
-3
-1
-2
-4
-6
-1
-1
-3
-1
-2
-4
-3
0
-3
-3
-5
-9
-5
-2
-3
-1
-3
-6
-5
-3
-5
-4
-6
-11
-11
-11
-10
-11
-11
-12
-9
-9
-11
-11
-11
-14
-14
-13
-13
-12
-11
-15
-13
-10
-12
-7
-4
-3
0
-1
-2
-1
-4
-1
2
3
1
3
3
3
5
4
1
1
2
1
4
8
8
11
11
10
12
8
8
8
8
7
8
7
6
5
5
6
9
8
8
10
9
5
4
5
3
2
1
-1
0
-1
0
2
1
0
1
-1
-3
-5
-4
-6
-7
-3
-3
-3
-1
-1
-1
0
0
0
2
2
3
7
6
4
5
5
4
6
5
5
5
6
2
4
3
5
6
6
7
6
5
2
4
6
5
6
6
7
8
10
11
12
10
9
6
3
4
3
4
4
2
5
6
5
5
4
2
2
2
2
5
5
3
1
1
1
0
-3
-2
-5
-9
-12
-14
-15
-13
-10
-9
-9
-9
-9
-10
-12
-13
-14
-15
-14
-16
-17
-15
-17
-15
-16
-15
-16
-19
-18
-16
-14
-13
-10
-9
-10
-7
-4
-4
-5
-3
-2
-2
-3
-3
-3
-4
-3
-4
0
-1
0
1
2
2
1
2
2
2
2
1
2
4
4
3
5
6
8
6
6
8
7
5
4
4
5
6
6
3
2
5
5
5
5
4
2
1
3
7
7
8
13
11
9
6
3
3
5
7
7
7
5
4
8
8
10
12
11
9
9
6
5
6
3
3
3
1
0
0
0
0
0
-1
0
1
1
1
-3
-3
-4
-3
0
0
2
1
-1
0
3
0
1
-1
-2
-1
0
1
1
0
-1
-1
0
0
0
1
-3
-3
-3
-3
2
2
1
1
-3
-3
-1
-2
-4
-5
-4
-4
-4
-6
-6
-5
-3
-2
1
1
-1
-2
-3
-5
-3
-4
-3
-4
-5
-3
-2
-2
-2
1
2
0
-2
-2
-2
-3
-4
-4
-3
-3
-3
-3
0
-1
-1
-1
0
-3
-4
-2
-7
-6
-6
-5
-3
-4
-4
-6
-5
-4
-5
-4
-1
-3
-6
-4
-2
-4
-2
-1
-2
-1
-1
-2
-4
-1
0
0
3
3
1
-2
-2
0
0
1
1
3
1
2
6
6
4
3
5
3
4
2
3
3
2
3
5
4
4
4
6
5
5
5
5
3
2
2
2
3
3
6
7
6
5
6
4
0
-1
-2
2
2
3
5
2
3
3
4
4
2
2
2
1
1
0
0
1
5
6
6
8
7
6
3
1
0
1
1
3
4
4
2
1
0
-3
-3
-1
0
1
3
2
1
-3
-3
-3
-2
-2
-1
-1
-1
-1
-3
-3
-2
-1
2
1
0
2
3
2
0
-1
-2
-5
-1
-2
-3
-3
-3
-1
0
2
0
-2
-3
-3
-3
-3
-4
-8
-7
-9
-11
-7
-8
-12
-12
-14
-14
-10
-7
-6
-6
-5
-7
-9
-8
-8
-7
-9
-11
-10
-8
-8
-7
-8
-6
-3
-4
-3
1
1
-1
-1
-2
-3
-3
0
-1
0
0
0
2
5
9
9
12
12
9
11
11
12
14
11
9
7
7
7
6
6
8
7
7
7
8
8
5
5
3
2
3
-1
-1
-1
-2
-1
-1
0
1
-1
-2
-2
-5
-2
0
1
2
2
5
5
2
3
2
3
2
-1
-2
-3
-1
1
1
3
4
4
7
6
7
8
7
4
1
2
1
3
2
3
5
3
5
5
4
4
2
2
1
1
4
4
3
3
1
2
4
4
0
-1
-2
-3
-3
-2
0
1
1
0
-2
2
2
1
0
-1
-2
-4
-4
-2
-1
0
-1
-2
-6
-6
-5
-8
-8
-10
-11
-10
-9
-7
-3
-4
-5
-3
-5
-8
-9
-11
-11
-10
-7
-4
-4
-4
-4
-5
-7
-8
-6
-6
-8
-8
-6
-6
-7
-4
-3
-3
-2
-5
-6
-8
-8
-9
-9
-9
-7
-3
-3
-4
-4
-4
-1
-3
0
0
0
0
2
3
5
6
6
8
7
5
5
4
4
6
6
6
7
8
7
7
7
6
4
6
5
6
6
4
7
8
9
9
6
6
5
5
5
8
6
6
3
5
5
3
5
5
4
6
7
5
4
4
5
5
5
4
3
5
5
3
1
3
1
3
2
-1
-1
-1
1
4
7
6
6
4
3
3
3
1
-1
-4
-4
-1
0
0
-2
-2
-2
-2
-4
-5
-5
-5
-7
-5
-5
-7
-5
-2
-4
-5
-3
-2
-2
-2
-3
-5
-7
-5
-5
-6
-5
-4
-6
-8
-6
-7
-6
-5
-2
-2
-3
-1
3
2
2
4
3
1
0
1
1
-2
-3
1
0
2
2
4
2
0
-2
-2
-3
-4
-5
-5
-3
-4
-3
-2
-2
-5
-5
-4
1
-3
-5
-4
-3
-2
-1
-1
-1
1
0
-1
0
-4
-5
-3
-1
-1
0
0
0
-1
-4
-4
-4
-4
-6
-4
-5
-4
-3
-3
-1
-1
0
-3
-4
-6
-4
-2
0
0
3
2
1
1
2
3
1
1
4
5
5
5
6
5
7
9
10
7
7
6
2
2
1
0
4
4
4
7
6
4
2
1
2
4
4
7
6
8
10
8
9
9
5
4
4
6
6
5
5
4
3
2
2
3
5
7
8
8
7
4
6
6
6
6
7
8
7
9
10
9
6
5
4
1
-1
0
1
1
1
2
3
1
3
2
-1
-2
-3
-4
-3
-4
-4
-8
-11
-11
-10
-10
-9
-13
-13
-14
-14
-13
-13
-13
-13
-13
-13
-13
-14
-13
-13
-12
-12
-14
-16
-12
-13
-13
-12
-11
-11
-10
-11
-11
-11
-11
-9
-6
-5
-2
-3
-5
-4
-3
-3
-2
-5
-5
-3
-3
-3
-4
-4
-5
-1
1
2
5
6
5
5
4
5
8
7
8
9
9
7
6
8
8
10
12
11
13
14
14
14
12
13
13
12
15
14
11
8
7
6
4
2
6
5
5
6
8
8
8
5
5
4
2
0
0
-3
-6
-6
-4
-1
0
0
-2
-1
0
0
0
0
-1
-2
-3
-3
-4
-6
-5
-3
-3
-1
-2
-1
-1
1
2
4
5
3
2
3
4
2
3
4
4
8
10
10
10
7
8
7
3
1
1
0
-1
0
4
4
3
4
2
-2
-2
-1
-3
0
-1
-4
-5
-5
-7
-8
-6
-5
-5
-7
-8
-8
-10
-7
-7
-7
-9
-9
-10
-8
-7
-7
-8
-10
-10
-7
-7
-6
-6
-7
-8
-8
-5
-5
-4
-4
-5
-4
-2
1
1
3
3
2
1
0
-1
0
3
3
3
3
1
0
1
2
3
1
0
-2
-1
0
0
0
0
-1
-2
0
3
4
4
3
1
-1
-4
-3
-4
-4
-3
-2
-1
-1
0
1
-1
1
-1
-3
-4
-2
-4
-4
-3
-1
0
1
0
-1
2
0
0
2
2
2
2
3
4
5
4
3
4
7
7
6
7
5
3
6
5
6
9
7
8
9
10
10
9
12
10
9
7
9
8
11
11
10
9
8
8
5
7
9
9
7
4
5
4
3
4
3
1
-1
-1
-4
-3
-3
-3
-2
-2
-1
-2
-5
-5
-7
-8
-8
-10
-11
-11
-10
-10
-9
-11
-10
-10
-10
-9
-8
-8
-9
-11
-10
-8
-6
-5
-4
-4
-5
-5
-5
-4
-4
-1
-2
-1
-3
-3
0
2
2
2
0
-1
-3
-4
-2
-2
-4
-2
-2
-3
-3
-1
-1
-2
-3
-2
-2
-3
-1
0
-1
-1
-3
-3
-1
-3
-4
-3
-4
-4
-3
-1
2
4
5
4
4
4
2
1
0
0
-1
-2
-3
-1
1
3
4
6
7
5
4
4
5
6
8
8
7
7
7
7
4
2
2
2
3
5
4
2
2
-1
-1
0
2
4
3
2
2
2
2
3
2
4
3
4
2
0
1
1
1
0
0
5
3
4
3
3
2
3
1
2
2
2
2
1
3
3
3
4
4
1
-2
-1
1
1
1
-2
-6
-7
-5
-1
-3
-3
-1
0
-1
-3
-1
-3
-2
-2
1
1
1
0
-1
-1
0
1
-1
-2
0
-1
-2
-1
-1
-2
-2
-3
-4
-5
-3
-3
-2
-2
-2
-1
0
-1
0
-1
-2
-4
-5
-6
-6
-5
-5
-6
-6
-5
-5
-4
-4
-1
-2
-4
-3
-5
-4
-3
-5
-5
-6
-6
-6
-6
-2
0
0
0
2
2
2
0
0
2
0
0
2
1
2
2
2
2
4
3
2
5
3
0
0
-1
0
1
3
6
6
3
1
1
1
1
2
1
2
2
-1
2
3
3
2
0
1
-1
-2
1
2
1
2
2
3
2
1
-1
-4
-3
-4
-4
-1
-1
-1
-2
-2
-3
-3
-2
-2
-1
-1
2
2
3
3
3
2
1
1
2
3
2
3
4
3
5
5
4
4
2
4
4
5
7
7
8
4
7
5
4
5
3
5
5
6
6
7
6
5
3
3
3
4
6
7
7
6
3
1
-3
-5
-7
-5
-3
-3
-2
-2
-4
-5
-6
-9
-8
-10
-11
-8
-8
-9
-7
-7
-10
-6
-4
-5
-6
-9
-6
-5
-4
-3
-1
-2
-1
0
0
2
1
4
2
0
-1
1
2
3
5
3
6
4
5
6
4
2
4
3
3
1
-3
-5
-5
-3
-4
-5
-5
-4
-3
-2
2
1
-1
-2
-4
-5
-5
-5
-6
-6
-5
-4
-6
-6
-6
-4
-4
-5
-2
-4
-5
-5
-6
-5
-4
-2
2
3
2
2
0
-3
-3
0
3
4
3
1
2
0
1
3
7
5
5
6
5
6
8
10
8
7
7
5
3
6
4
6
6
5
5
3
1
1
2
1
4
2
0
1
1
-1
-2
0
-1
-2
0
0
1
1
0
2
3
1
-1
-3
-3
-5
-6
-4
-1
2
3
4
1
-1
-2
-1
-1
2
2
3
-1
-1
1
0
1
1
2
0
2
2
2
2
1
2
3
5
4
5
5
5
5
7
7
6
3
0
1
4
5
4
7
6
6
6
7
4
1
-1
-1
-1
-1
-3
-4
0
1
-1
0
-1
-2
-5
-6
-5
-6
-7
-8
-4
-3
-4
-5
-6
-10
-13
-10
-9
-7
-6
-7
-9
-9
-8
-5
-6
-6
-4
-5
-5
-4
-5
-6
-4
-6
-6
-6
-5
-3
-3
-1
-2
-3
-3
-2
-1
0
0
0
-2
-4
-4
-4
0
0
-2
-3
-2
-3
-2
2
1
2
4
3
2
3
3
2
2
0
2
2
2
1
3
2
1
5
6
3
5
8
7
8
7
6
8
7
5
4
4
5
4
5
7
7
4
6
7
8
9
10
8
7
5
2
2
2
4
3
3
4
2
2
1
4
3
0
1
1
2
0
0
3
4
2
1
3
1
-1
-1
-3
1
2
1
3
1
0
-2
-2
-1
-2
-4
-2
-3
-5
-1
0
1
2
4
2
2
3
-1
-3
-2
-4
-4
-5
-6
-4
-6
-7
-7
-8
-4
-6
-6
-5
-8
-9
-9
-8
-6
-4
-7
-7
-4
-6
-5
-6
-4
-4
-5
-3
-4
-3
-3
-2
-2
0
0
-1
1
0
-2
-2
2
2
1
5
5
3
2
3
5
6
6
6
7
3
3
1
1
3
3
2
5
3
4
4
5
4
2
0
1
2
1
2
-1
-4
-3
-3
-6
-6
-6
-7
-8
-6
-4
-2
3
0
-3
-3
-5
-6
-6
-6
-5
-5
-3
-2
1
1
2
4
0
0
-2
-3
-2
0
-3
-2
2
4
5
3
5
7
5
6
3
2
0
-2
-1
0
1
4
7
7
6
4
3
2
2
3
2
3
3
6
8
7
6
6
3
4
5
5
9
11
10
10
10
9
8
6
5
5
4
5
7
10
7
9
8
5
1
1
2
-1
-3
-3
-2
-3
-4
-3
-5
-7
-10
-10
-7
-5
-7
-7
-7
-7
-7
-7
-9
-10
-12
-13
-9
-9
-10
-10
-10
-9
-6
-2
-2
-3
-2
-2
-1
-3
-3
-3
-2
2
2
2
4
4
4
8
7
6
2
1
0
0
0
2
2
4
6
4
4
3
-1
-3
-2
-4
-5
-8
-8
-4
-3
-2
0
-4
-7
-9
-9
-9
-8
-6
-7
-7
-8
-8
-6
-4
-6
-6
-5
-6
-5
-2
1
3
4
3
2
-1
-4
-2
-1
4
7
8
6
2
2
2
3
5
3
3
5
3
3
7
7
2
0
1
2
2
4
4
1
4
6
5
8
9
4
8
6
4
3
4
4
3
4
4
7
7
8
9
8
4
5
1
-1
3
1
3
3
5
5
4
7
5
3
0
0
-1
-1
-1
-3
1
2
1
-1
-5
-6
-4
-5
-5
-3
-3
-4
-5
-6
-2
-1
-2
-1
-1
-6
-3
-4
0
0
-2
1
-1
-2
2
3
3
3
1
-1
0
1
2
1
2
3
1
1
2
-1
-5
-2
-1
-1
1
3
2
1
-1
-2
-3
-2
-2
0
-1
-2
-1
0
-1
-1
-1
-7
-9
-8
-4
-7
-5
-3
-7
-9
-9
-7
-6
-6
-6
-6
-6
-6
-4
-5
-4
-4
-1
-3
-4
-3
-5
-7
-7
-7
-8
-7
-6
-4
-4
-5
-2
-4
-5
-5
-5
-1
-2
-5
-5
-4
-4
-3
0
-1
1
0
2
6
6
7
7
8
7
6
9
5
6
9
11
11
10
13
10
5
4
8
8
7
11
9
11
10
10
10
10
9
7
7
8
7
8
8
6
6
4
5
5
4
7
6
5
6
5
0
-1
-3
-6
-5
-4
0
2
5
2
1
4
-1
-2
0
1
0
0
0
1
1
-2
-4
-6
-7
-4
-4
-2
-2
-1
0
-1
0
-3
-6
-5
-6
-6
-2
-2
-3
0
-2
-3
-5
-6
-3
-6
-4
-2
-3
0
-1
-6
-6
-9
-4
-3
-2
0
2
4
4
5
3
0
-5
-2
0
1
-4
-7
-5
-5
-4
-2
-3
-4
-4
-2
1
-1
1
-2
-4
-6
-2
-1
-3
-4
-4
-3
-4
-4
-3
-3
-5
-5
-2
-2
-3
3
2
-2
-4
-4
-4
-6
-2
-6
-4
-5
-8
-4
-2
-2
1
5
-1
0
-2
-6
-3
-4
-5
-2
0
2
3
1
-3
0
3
3
5
5
5
4
-1
4
6
11
11
9
9
6
5
2
4
4
3
1
5
7
12
12
12
9
1
-1
-5
-3
-2
0
1
2
0
3
2
2
4
-2
-4
-1
3
3
5
7
7
5
5
8
3
0
5
7
4
7
7
3
-1
-2
-2
-2
-2
-1
-1
1
4
4
2
3
2
1
3
4
8
9
8
6
10
5
3
5
2
5
7
6
6
3
0
0
-3
-6
-7
-11
-10
-7
-8
-6
-7
-6
-3
-4
-4
-9
-9
-12
-13
-10
-10
-5
-7
-6
-5
-4
-5
-5
-6
-6
-1
-6
-11
-10
-9
-7
-2
-6
-7
-5
-6
-5
-6
-5
-6
-10
-9
-5
-5
-5
-5
-3
-1
-2
-2
-2
-2
-2
-3
-4
0
0
-2
-4
-1
1
0
3
7
6
6
4
1
0
-1
-1
1
4
3
8
10
11
7
5
5
2
-1
0
4
5
4
3
7
4
4
5
6
4
2
1
-2
2
-1
1
2
1
2
5
5
9
4
2
2
1
1
2
3
5
9
5
6
7
5
4
3
5
5
2
4
1
-2
0
-2
-2
0
0
-3
-3
-4
-2
-1
3
9
8
7
3
3
2
0
3
3
3
1
0
2
6
6
8
9
4
0
-3
-4
-6
-6
-6
-4
-1
-1
1
1
1
2
3
2
0
1
1
-2
1
5
6
5
2
1
-3
-3
-5
-5
-4
-4
-5
-3
-4
-2
4
-3
-2
-1
-6
-6
-6
-8
-10
-11
-11
-12
-10
-8
-7
1
2
2
0
-3
-8
-9
-11
-13
-10
-14
-13
-9
-8
-3
-2
-5
-4
-5
-4
0
0
-1
-3
-6
-5
-4
-3
-1
1
-1
-2
-1
1
0
0
2
2
3
5
2
0
-2
-5
-4
-6
-4
0
2
4
2
4
8
9
4
5
5
3
2
0
2
-2
-1
0
-2
2
2
2
1
0
1
0
4
3
1
1
2
3
4
5
3
3
2
1
3
1
3
6
6
10
12
11
11
9
8
10
8
9
8
11
12
9
9
6
7
8
8
10
10
10
11
11
7
7
2
0
-1
0
3
7
9
8
8
6
4
0
-1
2
3
3
8
9
8
9
1
-5
-8
-9
-9
-6
-4
-5
-5
-4
-5
-7
-9
-12
-17
-16
-14
-14
-13
-13
-11
-11
-13
-15
-10
-12
-15
-13
-10
-10
-13
-14
-11
-9
-8
-10
-8
-9
-10
-7
-6
-6
-7
-5
-6
-6
-4
-3
-2
-1
0
-1
2
1
-1
2
4
2
3
7
8
5
7
7
7
8
11
13
10
10
7
7
4
0
0
2
5
3
6
8
5
5
5
3
5
1
1
1
1
-1
1
2
0
2
3
2
2
-1
-3
-3
-2
-3
-4
-1
-3
-5
-2
-1
-2
0
0
2
4
0
-2
-3
-2
-2
2
2
-2
-2
-4
-3
-2
-2
0
2
1
0
3
1
3
4
4
7
7
7
4
8
11
7
4
1
2
1
-1
-1
2
0
0
1
2
4
3
3
1
1
0
-1
-2
0
1
1
0
0
3
2
1
4
2
1
-2
-3
-4
-2
-1
-2
-1
0
-1
2
2
2
-3
-4
-2
-3
-2
-1
0
1
3
-1
0
-2
-2
-3
-3
-1
0
3
5
6
5
2
1
2
2
2
3
2
0
0
2
2
-1
-2
-2
-3
-4
-5
-4
-5
-6
-4
-3
-2
-4
-6
-5
-8
-6
-4
-5
-7
-5
-5
-5
-5
-8
-7
-8
-9
-9
-11
-11
-7
-5
-7
-4
-5
-3
-5
-3
-4
-7
-7
-5
-4
-1
-2
0
-1
-2
-2
-1
-1
0
1
2
1
0
2
4
4
3
1
3
4
3
4
5
5
5
5
4
5
3
0
0
-3
-1
4
7
8
11
9
10
9
9
9
9
7
2
3
3
2
2
6
6
5
4
4
4
4
2
6
6
7
6
5
6
6
6
5
5
7
7
7
5
4
3
5
7
5
4
2
3
3
1
3
2
3
2
3
2
0
0
-2
-1
-1
0
1
0
-1
-2
-4
-4
-5
-4
-4
-3
-2
-3
-3
-4
-6
-4
-4
-5
-6
-7
-11
-7
-2
-1
2
-1
-3
-5
-5
-5
-6
-6
-4
-6
-4
-2
-6
-5
-6
-7
-7
-10
-7
-7
-6
-6
-6
-4
-7
-9
-9
-10
-8
-6
-4
-4
-4
-4
-8
-6
-5
0
0
1
1
-1
-1
-1
-3
-5
-4
-4
-4
-3
-2
0
2
5
7
4
2
1
1
0
3
7
6
4
1
2
1
-1
-1
-1
-1
-4
-2
-2
1
4
4
5
7
3
0
-2
0
2
1
2
5
5
4
2
2
2
3
5
5
4
4
1
3
7
6
5
6
6
8
8
8
7
6
8
6
7
9
9
10
7
7
9
4
4
4
4
3
3
5
6
4
2
3
3
3
3
-2
-1
1
0
-1
-1
1
-1
-1
1
1
1
-2
-1
3
2
-1
0
-2
-4
-5
-5
0
1
-2
0
-2
-4
-2
-4
-5
-3
-4
-7
-7
-6
-3
-2
-1
0
-8
-7
-9
-11
-5
-4
-4
-3
-6
-7
-5
-5
-5
-7
-4
-5
-5
-5
-4
-4
-3
-5
-4
-6
-8
-7
-3
-3
0
0
-2
-5
-4
-5
-4
-2
-2
-1
-3
-4
0
0
-2
-2
-5
-5
-4
-3
-2
-2
1
0
1
1
1
1
2
0
0
1
4
3
6
4
1
0
-1
2
0
4
8
7
6
6
4
2
1
1
2
2
3
1
-2
-1
2
0
1
0
-1
3
4
4
3
2
3
2
3
4
3
3
1
0
-2
-1
-1
-1
1
1
1
-1
1
-1
2
4
2
3
3
3
3
6
5
6
6
5
4
1
1
1
1
3
4
3
2
3
6
6
6
6
4
3
4
7
6
6
6
8
8
7
8
6
5
7
6
5
3
0
1
0
-1
2
4
4
4
4
4
1
-1
-3
-3
-5
-5
-6
-5
-4
-5
-8
-5
-5
-3
-4
-4
-5
-9
-8
-9
-10
-11
-12
-12
-14
-11
-9
-11
-10
-10
-8
-10
-7
-7
-8
-8
-6
-6
-6
-5
-5
-6
-8
-5
-4
-4
-2
0
-2
-1
0
-2
-3
0
-1
-3
-1
-3
-4
-2
0
2
1
0
1
1
3
3
2
1
1
0
0
-1
1
-1
-2
-1
-2
-1
1
-2
-1
1
-3
-1
-1
1
4
5
4
6
3
2
0
-1
0
3
2
2
4
5
5
5
5
4
5
5
5
5
3
3
5
3
5
8
9
7
8
6
4
2
2
4
4
5
5
5
3
4
6
5
6
7
8
8
8
10
10
10
10
7
7
6
6
6
3
5
3
5
4
5
5
4
3
1
0
-3
-3
-5
-6
-6
-9
-8
-7
-10
-6
-4
-5
-5
-6
-4
-6
-6
-6
-6
-6
-4
-4
-5
-3
-4
-5
-7
-8
-9
-6
-5
-3
-2
-4
-6
-5
-4
-5
-3
-5
-5
-8
-8
-4
-3
0
0
1
2
5
3
1
-2
-4
-3
-5
-4
-2
-3
-2
1
0
-2
-4
-3
-5
-3
-4
-7
-5
-2
1
2
4
-2
-5
-5
-7
-9
-6
-6
-4
-1
-3
-2
2
2
2
2
3
4
2
0
1
2
2
3
2
2
1
0
4
4
5
3
5
6
5
5
5
5
4
4
5
5
4
4
5
3
2
6
5
6
4
4
3
3
1
1
4
4
5
5
3
2
2
4
5
4
2
2
3
2
2
5
5
3
2
3
4
1
3
3
0
-2
-3
-4
-4
-2
-4
-4
-5
-4
-3
-3
-3
-2
0
-4
-3
-3
-5
-4
-2
-1
-2
-1
-2
-2
1
0
2
-1
0
0
-2
-2
-1
2
3
3
5
7
5
5
7
5
3
4
5
6
9
7
7
10
7
7
6
7
6
7
6
6
6
3
3
3
1
1
0
0
-2
-3
-5
-9
-10
-8
-7
-7
-7
-6
-6
-9
-9
-12
-13
-13
-11
-10
-10
-10
-10
-8
-9
-8
-9
-8
-10
-12
-14
-12
-11
-11
-9
-8
-9
-10
-7
-10
-8
-7
-5
-4
-3
-5
-3
-4
-4
-3
-2
-4
-3
-3
-3
-2
-2
-1
-1
0
2
3
4
3
5
3
1
1
1
2
2
4
5
7
7
7
8
6
6
7
7
7
5
7
7
7
8
7
7
9
8
7
7
7
7
5
7
6
6
5
5
6
6
6
3
4
6
7
7
8
7
6
8
9
9
9
8
7
8
9
10
10
9
6
7
8
8
11
10
10
10
6
7
9
7
5
3
2
2
2
3
3
1
3
-1
0
3
1
0
0
-3
-5
-8
-9
-8
-6
-7
-8
-9
-13
-9
-8
-6
-7
-9
-11
-9
-6
-8
-10
-12
-12
-15
-12
-11
-9
-10
-9
-8
-9
-10
-10
-12
-12
-10
-8
-8
-11
-9
-10
-12
-9
-11
-11
-8
-6
-8
-8
-7
-9
-6
-3
-4
-7
-10
-8
-7
-5
-4
-4
-6
-4
-1
0
0
1
-2
0
0
-1
5
5
4
3
2
3
4
7
8
6
8
10
8
7
8
9
7
9
10
11
7
6
8
9
11
11
10
9
11
10
8
7
5
4
6
7
8
8
5
2
3
4
5
2
1
1
0
2
2
0
1
0
-4
-3
-2
-2
1
-1
2
5
4
3
2
3
2
0
-2
-2
-3
0
2
2
3
5
3
0
0
1
2
3
4
3
3
1
1
4
5
2
3
5
2
6
7
3
5
2
1
4
3
3
1
1
-1
-4
-6
-5
-3
-1
0
-1
0
-2
-4
-4
-5
-9
-10
-11
-7
-7
-7
-3
-4
-4
-5
-4
-3
-3
-3
-5
-9
-6
-7
-6
-7
-8
-10
-9
-7
-6
-6
-7
-4
-5
-3
-4
-4
-4
-3
-3
-5
-4
-6
-8
-7
-5
-3
-2
-4
-6
-4
-1
-1
-4
-5
-3
0
-1
-1
-2
0
-1
-1
0
-1
0
0
2
4
5
5
2
2
2
1
4
4
4
4
5
4
4
5
3
4
4
1
2
2
2
4
2
2
3
4
6
4
5
7
4
5
7
9
9
8
7
5
4
4
5
6
6
6
8
7
5
6
4
3
3
6
8
8
6
4
4
5
4
4
6
7
5
5
5
6
5
3
1
-1
0
0
0
2
3
0
-1
0
0
-2
0
0
-2
-3
-4
-4
-4
-4
-4
-4
-6
-6
-8
-8
-5
-6
-5
-3
-4
-4
-3
-2
-4
-6
-5
-5
-7
-6
-6
-3
0
-1
0
-1
-1
-5
-6
-5
-6
-4
-4
-4
-5
-6
-4
-4
-3
-4
-5
-3
-4
-3
-4
-4
-5
-4
-4
-5
-3
-5
-4
-2
-3
-2
-2
-4
-3
-2
-2
-1
-2
-1
1
1
1
1
-1
-2
-1
-2
-1
0
0
0
0
1
1
1
1
0
0
0
-2
-2
1
1
-1
1
-2
-2
-1
1
2
4
5
2
0
1
3
4
3
1
2
3
4
3
3
3
2
3
5
4
4
6
5
5
4
5
3
2
3
5
7
7
6
7
7
5
4
5
6
5
5
4
3
3
0
0
-1
2
3
4
5
3
3
3
3
6
6
5
4
1
0
-1
0
1
3
3
1
-1
0
1
3
4
4
2
0
-1
2
2
3
4
2
1
0
0
1
2
2
0
-2
-3
-2
-3
-1
-1
2
1
2
-2
-3
-5
-9
-6
-6
-3
-2
-3
-5
-6
-7
-7
-9
-8
-7
-6
-10
-13
-11
-9
-9
-10
-10
-10
-9
-8
-8
-8
-5
-6
-7
-7
-8
-9
-9
-9
-8
-5
-2
-2
-4
-2
-2
-1
-2
-1
1
2
3
4
3
1
2
1
2
2
0
1
3
6
7
6
5
5
4
5
4
5
7
4
3
5
4
4
6
6
7
5
5
4
4
5
4
4
1
3
4
4
5
4
5
5
4
3
1
0
-1
3
5
5
4
3
0
0
-3
-3
-2
-2
-1
-2
0
0
-2
-1
1
0
2
0
-1
-1
-2
0
2
-1
-3
-1
-2
-2
-5
-2
-2
-3
-2
-1
-1
-1
-2
0
-2
-3
0
1
0
-1
0
-1
1
4
1
2
3
2
2
2
3
3
2
3
6
4
3
4
2
1
3
1
0
1
1
0
3
3
3
2
0
-1
-2
-2
-2
-2
1
2
0
-1
1
0
0
1
0
-2
-2
0
0
-1
0
0
-3
-2
1
-3
-2
-2
-3
-2
0
-1
-2
-2
-1
-2
-3
-4
-5
-3
-2
0
0
-2
-3
-3
-4
-5
-2
-2
-3
-4
-2
-2
-3
-4
-7
-4
-3
-3
-5
-4
-6
-6
-4
-2
-1
-2
-3
-4
-4
-5
-2
-1
-1
-4
-4
-3
-1
0
-2
2
3
2
0
0
0
-3
-3
-2
0
-1
-2
0
3
3
3
3
3
4
4
5
4
2
-1
0
-1
-1
2
3
3
2
3
2
0
-1
1
1
-1
0
1
0
-1
0
2
1
1
2
-1
-3
-3
-1
2
3
4
4
2
2
2
2
2
1
3
4
7
6
4
3
5
6
5
4
6
5
5
5
6
7
7
5
5
6
2
2
4
6
4
7
6
3
3
3
7
5
4
3
1
0
0
1
-1
0
1
2
-2
-2
0
-2
-4
-4
-2
-3
-3
-2
-1
-3
-2
-4
-5
-4
-6
-9
-8
-8
-5
-4
-4
-3
-3
-3
-2
-1
-1
-2
-3
-3
-3
-4
-4
-3
-3
-3
-3
-2
-2
0
-1
-2
-2
-2
-5
-4
-3
-3
-3
0
-2
-1
-1
-2
0
-1
0
-1
0
0
-1
-2
-2
-3
-3
0
1
-1
-3
-3
-3
-4
-2
-1
0
0
1
-1
-3
-3
-3
-4
-5
-5
-4
-4
-4
-2
-2
0
0
1
1
-1
0
1
-2
-3
-1
-1
0
0
3
5
4
3
1
0
1
1
3
4
4
4
4
4
4
6
5
3
3
6
3
4
2
3
5
3
3
5
3
2
2
1
2
3
3
2
2
4
3
1
1
1
-1
3
3
2
3
2
3
0
1
2
0
1
2
4
2
4
1
1
2
1
2
1
4
5
3
2
4
6
3
3
4
3
1
1
-1
-1
-1
-2
-1
-3
-4
-4
-3
0
-1
-2
0
-2
-3
-1
0
-3
-2
0
0
-1
-1
-2
-4
-4
-6
-5
-2
-1
-3
-4
-6
-6
-5
-6
-8
-5
-4
-5
-2
-3
-3
-4
-1
-3
0
-2
-4
-5
-4
-4
-4
-4
-5
-3
-4
-4
-2
-2
-3
-4
-3
-3
-3
-6
-5
-2
-1
-1
-3
-3
-3
-5
-3
1
3
4
4
3
3
3
2
2
5
5
6
7
5
4
3
3
2
4
3
3
5
4
7
6
6
6
4
2
1
1
1
2
3
5
5
4
3
1
1
0
1
2
2
1
0
-1
-1
-2
-4
-1
0
-1
0
1
2
3
4
3
4
3
3
1
3
3
4
1
-1
0
3
3
4
2
2
2
2
2
3
2
3
2
0
1
1
0
1
-1
-2
-4
-2
0
0
2
0
-1
-2
-3
-3
0
1
0
-1
-3
-6
-7
-9
-9
-8
-7
-4
-2
-1
-1
-1
-3
-4
-4
-5
-3
-4
-6
-6
-5
-4
-1
3
2
1
0
-2
-1
-1
-1
0
0
-1
-1
-1
-1
-2
-1
0
1
1
-1
-1
0
0
0
0
-1
-1
0
0
-1
-2
-3
-3
-4
-5
-3
-3
-2
-4
-1
0
0
-1
-2
-3
-3
-3
-4
-4
-5
-3
-3
-1
2
1
1
1
3
2
1
0
0
3
5
6
5
3
1
1
1
0
2
3
1
2
4
4
5
4
6
6
5
4
5
2
0
3
2
2
3
4
5
5
6
5
8
3
1
3
2
4
5
3
5
6
4
4
6
3
3
4
1
2
2
1
2
2
0
2
2
0
2
3
0
1
-1
-2
-3
-4
-3
-2
-4
-4
-3
-2
-2
-2
-4
-2
-1
-3
-2
-3
-3
-5
-3
-2
-3
-3
-4
-7
-6
-3
-3
1
-1
-2
-1
-3
-4
-4
-2
-3
0
-1
-3
-1
0
-1
0
1
0
0
-2
-1
-1
0
0
0
0
-1
-1
-2
-1
-1
1
2
2
0
-1
0
1
0
-1
-1
-2
-4
-3
-3
-1
-1
-1
-1
-3
-2
-3
0
1
2
0
1
-3
-4
-2
-1
-3
-3
-3
-2
-2
-1
-1
-3
-2
-3
-3
-3
-2
-2
-2
-2
-2
-2
0
0
1
1
1
1
1
1
1
0
-1
-1
-3
-1
-2
-3
-1
1
2
3
4
4
4
3
1
3
4
5
3
5
8
6
6
7
6
4
4
5
6
6
7
5
7
8
7
7
6
4
3
2
4
6
6
4
5
3
2
2
1
0
2
2
2
1
0
-1
0
2
2
2
-1
0
0
0
0
-1
-2
-3
-3
-3
-3
-4
-3
-2
-2
-2
-4
-4
-3
-4
-2
-4
-3
-3
-2
-2
-2
-2
-4
-3
-5
-4
-4
-3
-1
-2
-3
-5
-5
-7
-6
-4
-3
-2
-2
-3
-4
-3
-3
-2
-4
-4
-1
-2
-4
-3
-3
-2
-1
-1
-2
-3
-4
-3
-2
-1
0
-1
-1
-1
-2
-1
0
0
-1
0
-2
-4
-6
-5
-3
-1
1
3
2
2
2
2
3
3
0
-1
-3
0
-2
-2
0
0
1
1
1
1
1
2
2
1
1
4
6
6
7
6
3
3
3
2
4
3
2
3
5
5
6
5
6
7
5
5
6
6
4
5
5
6
7
7
5
4
3
2
2
3
4
2
2
0
1
2
0
2
1
-1
-2
1
3
2
2
2
0
0
-1
-1
0
-1
-1
-1
-2
-1
-3
-2
-1
-2
-3
-4
-5
-4
-4
-3
-2
-5
-4
-4
-5
-4
-5
-5
-6
-4
-3
-5
-5
-6
-4
-3
-4
-4
-6
-7
-7
-6
-5
-4
-3
-4
-3
-4
-3
-4
-6
-5
-4
-4
-4
-2
-2
-1
1
5
3
0
1
0
2
2
3
3
1
0
0
0
1
3
3
4
7
5
3
1
2
2
3
5
5
5
3
4
5
3
4
4
3
1
3
2
2
4
5
5
4
3
2
0
-1
2
2
1
2
0
-1
-1
2
2
1
2
1
1
2
2
1
-2
-2
-2
1
1
2
3
2
-2
1
2
3
2
0
0
-3
-4
-4
-4
-5
-5
-5
-3
-2
-3
-3
-2
-1
-1
-1
-1
-2
-4
-1
0
1
0
0
-1
0
0
-1
-1
-1
-2
1
1
0
1
1
-1
-1
1
0
1
2
4
4
5
5
5
4
5
5
4
3
3
1
0
0
-2
-1
1
1
1
1
0
-1
0
0
1
3
1
0
-2
-3
-2
-4
-5
-7
-5
-5
-5
-3
-3
-3
-3
-2
-1
1
0
-1
-2
1
1
1
-1
-2
-1
-3
-1
-1
0
0
2
2
1
2
3
2
1
0
0
1
2
1
1
0
1
1
2
0
-2
-1
-2
-1
0
0
-1
-1
-3
-4
-5
-6
-7
-5
-3
-2
-3
-3
0
-2
-3
0
1
-1
-2
-3
-5
-3
-2
0
2
2
2
1
-2
-2
-1
0
0
2
2
1
0
2
2
2
2
2
1
0
0
2
3
3
2
2
1
1
0
1
2
2
3
3
1
1
-2
-2
1
1
4
4
3
5
4
3
3
4
2
3
4
5
4
3
3
2
2
3
2
2
1
1
3
1
3
2
2
0
1
0
-1
0
0
-1
-1
0
-1
-2
-2
-1
1
1
-1
-2
-1
-3
-2
-3
-4
-3
-3
-1
0
1
1
0
0
-1
-2
-3
-5
-5
-2
0
0
-1
-2
-3
-2
0
1
0
-1
-1
-1
-1
0
-2
-1
-3
-4
-2
-3
-3
0
-1
0
-2
-4
-1
-2
-3
-3
-5
-4
-3
-3
-2
-1
-2
-2
-3
-4
-4
-5
-4
-3
-4
-3
-1
0
1
0
1
2
1
4
6
5
4
4
2
2
2
0
2
3
5
5
6
7
5
3
5
6
4
3
3
3
1
0
0
-2
-1
-1
-2
0
-2
-2
-2
-2
-2
-1
-3
-4
-4
-5
-5
-5
-4
-2
-2
-2
-3
-3
-3
0
0
0
1
0
-2
-2
0
0
0
4
5
3
2
4
4
4
4
5
4
3
4
5
6
8
5
3
4
4
3
4
5
4
4
4
3
3
2
2
2
2
1
0
2
3
2
0
0
1
2
0
0
1
-2
-1
-3
0
-2
-2
-2
-1
-2
-2
1
-1
-2
-1
-1
-2
-2
-4
-4
-2
-3
-3
-1
-3
-2
0
-2
0
0
1
-1
-2
-3
-3
-3
-3
-4
-4
-2
-2
-2
0
1
0
-2
-1
-2
-4
-5
-3
-1
-1
-1
-1
-3
-2
-3
-3
-2
-3
-4
-5
-5
-2
-3
-1
-1
-2
0
0
0
-2
-1
0
1
-1
-2
-1
-1
-2
-2
-3
-2
-3
-2
0
0
0
-2
-2
-4
-2
-1
1
3
2
2
-1
-1
2
1
1
0
-1
-2
-2
-1
2
3
3
3
4
4
6
7
8
6
6
4
5
6
5
3
2
2
2
4
4
6
6
6
5
6
5
6
5
2
2
2
2
1
0
2
2
2
0
0
1
1
0
0
1
-1
0
1
0
-1
1
2
1
-1
1
-1
-1
-1
1
2
-1
-2
0
0
-1
1
2
2
2
-1
-3
-2
-3
-3
-4
-2
-2
-1
-1
-2
-1
-2
-3
-4
-3
-3
-4
-6
-3
-5
-4
-3
-5
-5
-7
-7
-5
-3
-3
-1
-1
-1
-2
-2
-1
-2
-3
-1
-1
0
1
-1
-2
-2
-1
-1
0
1
-1
-1
1
1
2
3
5
4
6
3
0
1
0
1
0
-1
0
0
-3
-1
-2
-1
-1
0
0
0
0
0
1
-1
-3
-2
-1
1
1
0
0
-1
-1
-1
-2
-2
-2
-1
0
0
0
1
0
0
0
-2
1
1
0
0
2
3
3
3
2
3
3
1
1
1
2
2
1
3
3
2
2
3
2
2
2
2
1
2
2
4
4
3
5
4
3
2
0
-2
-2
-2
0
1
1
1
2
1
4
1
1
0
-1
-2
-2
-1
-2
1
0
0
-1
0
-2
-1
0
-2
0
-2
-2
-1
0
1
2
3
3
0
0
1
1
0
0
-1
-2
-3
-2
-2
-2
-1
1
3
4
2
0
-1
0
0
0
3
1
0
-1
-4
-2
-1
-1
0
0
-1
0
2
0
2
1
0
0
-2
-2
0
0
-1
0
-2
-2
-2
-2
-2
-1
-2
-2
-4
-4
-4
-2
0
0
-1
1
0
-3
-2
-1
-3
-2
-1
-1
-2
-2
-1
