-10
-12
-15
-18
-22
-22
-22
-22
-20
-21
-19
-17
-18
-19
-20
-19
-19
-18
-17
-18
-20
-21
-19
-19
-18
-18
-17
-16
-15
-13
-13
-13
-12
-15
-15
-14
-16
-17
-14
-13
-8
-8
-7
-5
-5
-4
-4
-2
-2
-4
-4
-5
-3
0
7
8
8
11
11
10
12
13
13
15
13
14
14
16
16
18
20
21
22
22
22
20
21
22
19
21
22
21
20
22
21
21
21
21
20
19
18
18
17
16
14
13
12
11
10
12
12
11
11
12
8
9
9
8
8
6
4
4
4
3
1
0
2
1
-1
-1
-1
-2
0
0
3
2
2
1
1
-1
0
-1
-1
-1
-2
-1
0
-1
-1
-1
-2
-2
-3
-6
-6
-6
-6
-8
-7
-7
-9
-9
-8
-9
-11
-9
-7
-10
-11
-12
-14
-13
-14
-12
-12
-15
-16
-16
-16
-15
-15
-16
-17
-18
-20
-20
-19
-18
-16
-16
-17
-18
-19
-17
-19
-18
-19
-19
-19
-18
-17
-16
-15
-14
-15
-15
-14
-14
-15
-14
-11
-12
-10
-6
-4
-3
-2
-2
-2
-4
-2
1
2
3
5
6
6
7
8
9
10
13
15
17
17
19
19
21
21
23
23
22
21
22
22
22
25
24
28
28
27
27
27
26
26
25
24
22
22
23
22
23
21
21
17
17
17
18
14
12
11
8
9
9
8
7
6
4
3
2
-1
-1
-1
0
-1
-4
-6
-8
-11
-8
-11
-12
-14
-14
-13
-12
-12
-12
-14
-15
-16
-16
-19
-22
-21
-22
-20
-19
-16
-15
-15
-15
-14
-16
-16
-16
-17
-15
-12
-12
-11
-8
-7
-5
-7
-7
-8
-7
-7
-7
-5
-3
-2
-2
-1
0
3
4
2
1
1
1
3
4
5
5
2
1
2
1
0
-1
1
2
3
4
3
0
1
1
-1
0
-2
-3
-1
-2
1
1
0
1
1
0
-1
-3
-4
-6
-7
-5
-5
-5
-5
-4
-3
-2
-2
-3
-3
-1
1
0
-2
0
-1
3
5
5
6
5
6
8
8
7
9
10
9
9
11
11
9
12
13
11
12
14
12
15
15
14
14
13
10
9
8
9
10
7
7
7
5
5
6
5
4
2
-2
-4
-4
-5
-7
-7
-6
-6
-8
-9
-9
-7
-8
-8
-9
-11
-9
-12
-13
-13
-12
-14
-13
-12
-11
-10
-12
-12
-13
-13
-13
-12
-10
-10
-9
-8
-8
-9
-6
-4
-3
-1
1
3
3
1
2
2
3
5
5
9
12
11
13
12
14
13
13
13
13
12
13
14
15
16
16
17
15
16
15
13
13
13
12
12
10
8
7
8
9
8
8
6
3
0
0
0
-1
-3
-6
-7
-7
-8
-9
-8
-8
-7
-10
-13
-13
-16
-17
-16
-13
-13
-15
-15
-14
-14
-14
-13
-11
-11
-11
-12
-10
-10
-9
-9
-9
-9
-8
-7
-7
-4
-1
-1
-1
0
-1
0
-1
0
2
3
2
2
3
2
5
4
2
1
1
0
-1
-2
-2
0
1
3
3
1
3
0
0
0
-1
-2
-2
-1
1
1
1
0
-3
-2
-1
0
-1
-1
1
2
2
2
3
3
2
2
1
-1
0
0
-1
2
4
3
3
3
-1
0
-1
-1
-1
-2
0
2
3
6
5
6
4
1
0
2
3
3
4
6
7
9
11
10
9
9
10
11
12
11
12
14
11
11
13
14
16
17
15
13
12
10
14
14
11
10
8
9
9
8
7
6
6
5
6
4
4
1
0
0
-1
-2
-3
-6
-6
-7
-9
-9
-9
-10
-10
-12
-13
-14
-17
-19
-18
-18
-16
-15
-16
-14
-14
-16
-16
-17
-18
-16
-15
-14
-13
-14
-14
-14
-13
-14
-14
-14
-11
-11
-10
-7
-6
-5
-6
-2
-2
-1
1
0
-1
-1
-2
-1
0
3
3
3
2
1
0
1
3
3
4
6
6
7
8
7
7
5
4
5
6
6
8
8
5
6
7
8
8
9
9
7
7
7
6
5
5
5
4
4
4
3
3
0
-1
-4
-4
-1
-2
0
-1
-1
-2
-3
-4
-4
-4
-4
-5
-3
-4
-6
-5
-4
-5
-7
-6
-5
-4
-4
-3
-3
-2
-2
-2
-2
-2
-1
0
0
3
2
2
5
7
8
9
7
9
9
9
11
11
10
11
12
13
14
12
13
11
11
12
12
10
11
11
12
13
11
10
9
8
8
7
7
5
2
2
3
2
1
1
-1
-1
-2
1
0
-2
-3
-2
-3
-6
-7
-8
-9
-9
-10
-9
-8
-9
-8
-6
-4
-6
-6
-7
-8
-6
-5
-5
-4
-5
-7
-7
-6
-6
-5
-4
-6
-6
-7
-6
-8
-7
-8
-9
-8
-8
-9
-11
-13
-13
-13
-13
-14
-9
-8
-10
-9
-9
-9
-9
-9
-9
-10
-9
-10
-10
-10
-9
-6
-6
-5
-7
-6
-5
-5
-5
-3
-3
-1
-1
-1
-1
0
0
0
1
3
2
2
3
6
6
6
8
9
12
14
13
13
13
12
12
12
12
12
13
14
16
17
15
17
14
15
15
11
13
13
12
11
12
13
13
13
11
12
11
8
8
7
8
7
6
6
6
4
3
1
3
4
2
2
2
-1
-2
-2
-4
-5
-5
-5
-4
-4
-5
-6
-8
-6
-6
-5
-4
-6
-6
-6
-6
-6
-7
-8
-8
-8
-8
-6
-6
-7
-9
-9
-9
-9
-10
-8
-6
-4
-1
-3
-3
-5
-4
-5
-5
-3
-3
-3
-1
0
1
2
1
0
-1
-1
1
2
5
5
4
4
2
1
-1
1
2
1
1
0
-1
1
-1
-2
-2
-4
-4
-6
-6
-5
-3
-3
-2
-1
-4
-5
-8
-7
-8
-10
-11
-10
-9
-9
-9
-7
-6
-8
-9
-10
-10
-12
-13
-12
-10
-9
-9
-9
-7
-5
-3
-2
-1
-1
-1
-3
0
2
2
2
2
4
6
9
9
9
9
8
7
7
7
6
8
9
11
12
13
13
13
14
14
14
13
15
14
15
15
13
13
11
12
11
11
11
11
10
11
11
10
10
8
7
5
4
4
6
5
5
6
5
6
5
3
-1
-1
-1
0
-1
0
-1
-2
-4
-3
-1
-3
-2
-4
-4
-6
-6
-5
-6
-6
-6
-5
-4
-4
-6
-6
-7
-8
-6
-7
-6
-6
-6
-6
-5
-6
-6
-6
-6
-6
-6
-4
-5
-5
-3
-3
-4
-6
-8
-7
-7
-6
-7
-7
-9
-8
-7
-6
-5
-7
-7
-7
-8
-7
-4
-3
-3
-2
-4
-2
-3
-1
-1
0
-4
-5
-7
-6
-3
-3
-1
-1
-2
-3
-2
-1
0
0
1
2
1
3
5
4
4
2
-1
2
-1
-2
0
0
2
1
1
5
2
2
1
-1
0
2
-1
1
2
0
1
0
-1
-3
-3
-4
-2
-1
-1
2
2
2
3
3
2
0
1
0
1
1
3
4
6
10
10
9
11
11
9
10
10
10
11
13
13
13
10
9
10
11
12
12
11
12
11
11
11
12
10
10
7
8
8
5
3
3
3
2
4
1
3
1
-1
-2
-3
-4
-6
-7
-8
-7
-7
-8
-8
-8
-7
-8
-6
-7
-7
-8
-9
-10
-10
-11
-12
-13
-13
-12
-12
-11
-9
-10
-9
-7
-8
-7
-6
-6
-8
-7
-8
-6
-6
-7
-5
-3
-3
-2
-2
-2
-2
-2
2
1
3
4
3
1
2
3
3
3
4
5
4
4
5
2
3
3
4
4
3
4
3
6
6
6
7
6
6
5
5
6
7
7
7
5
5
3
2
0
-1
-1
-2
-3
-3
-2
-1
-1
-1
-4
-2
-4
-6
-6
-6
-6
-5
-6
-6
-6
-8
-8
-7
-6
-8
-8
-7
-6
-5
-2
-3
-3
-4
-5
-6
-6
-6
-5
-5
-2
-4
-3
-1
-2
-2
-3
-3
-1
0
3
5
3
3
5
6
5
5
3
3
4
4
5
4
5
4
4
6
6
6
7
7
6
6
5
3
4
4
4
3
5
5
5
4
6
7
7
7
6
7
7
4
4
2
3
5
3
2
2
1
1
-2
1
2
-1
0
0
0
0
0
-3
0
0
-1
1
1
0
0
-2
-2
-1
-1
-3
-2
0
2
1
2
1
-2
-2
-1
1
2
3
2
1
3
5
5
4
2
1
0
0
0
1
1
1
0
0
0
0
-2
-2
-1
-2
-4
-5
-7
-10
-9
-10
-10
-9
-10
-12
-12
-11
-12
-10
-11
-11
-11
-11
-10
-9
-9
-10
-9
-10
-9
-9
-9
-9
-10
-12
-10
-8
-7
-6
-7
-7
-7
-7
-6
-4
-4
-3
-2
-1
1
-2
-2
-1
-2
1
2
5
6
5
7
7
6
6
7
7
7
8
10
10
9
10
10
11
11
12
12
11
12
12
11
11
10
11
11
11
10
10
11
11
12
13
13
12
11
11
11
10
9
8
8
7
7
6
7
7
7
8
6
6
4
2
2
3
2
3
2
0
3
0
-1
-1
-3
-7
-6
-7
-6
-3
-2
-3
-3
-3
-3
-7
-6
-7
-9
-9
-8
-8
-8
-7
-8
-7
-6
-5
-6
-6
-6
-6
-6
-6
-5
-4
-3
-4
-4
-5
-5
-4
-4
-3
-4
-4
-4
-5
-4
-4
-4
-3
-3
-3
-3
-4
-4
-5
-5
-5
-5
-4
-4
-5
-4
-4
-5
-4
-6
-6
-7
-6
-7
-8
-8
-7
-7
-7
-8
-6
-8
-9
-8
-7
-5
-5
-5
-4
-5
-4
-5
-4
-4
-2
-1
-1
-1
-3
-1
-2
-1
1
0
0
-1
0
2
4
4
4
5
4
4
4
4
5
5
8
7
9
11
10
10
12
12
11
12
10
9
10
11
13
14
16
17
19
17
16
15
14
14
15
16
16
16
14
13
13
11
12
12
11
10
8
8
6
5
3
2
0
-1
-3
-3
-5
-5
-4
-4
-4
-5
-6
-7
-9
-8
-7
-8
-10
-10
-10
-10
-11
-10
-11
-11
-10
-8
-9
-9
-10
-10
-9
-8
-7
-4
-4
-4
-3
-5
-6
-7
-7
-6
-4
-5
-5
-5
-5
-3
-4
-3
-2
-3
-2
-1
-2
-4
-4
-3
-4
-5
-6
-6
-5
-6
-7
-6
-6
-7
-4
-4
-5
-3
-4
-4
-5
-6
-5
-4
-3
-1
1
0
1
-1
-1
-2
-3
-1
0
0
2
5
5
5
4
5
5
6
7
6
7
6
3
2
1
1
0
2
3
4
3
3
4
4
4
3
3
4
6
4
4
6
4
4
3
4
4
3
2
2
4
3
2
3
2
3
5
5
5
4
4
3
5
4
5
5
4
4
4
5
3
3
3
3
2
1
2
4
4
4
4
2
1
-1
-2
-2
-3
-4
-4
-4
-3
-2
-3
-3
-3
-2
-1
-1
-2
-1
-2
-3
-3
-1
0
0
-1
0
1
-1
-1
-2
0
0
1
1
-1
-1
-3
0
-1
1
4
2
1
1
1
0
2
2
1
1
1
-2
-1
2
0
0
1
0
0
-1
-1
-3
-4
-5
-4
-4
-4
-5
-5
-4
-2
-2
-3
-3
-2
-2
-2
-1
0
0
-1
-1
-1
-2
-1
-1
-2
-2
-1
-1
-1
-2
-2
-3
-2
-3
-3
-2
-2
-2
-2
-2
-3
-4
-4
-2
-2
-1
-1
-2
-3
-1
-3
-3
-3
-4
-6
-5
-2
0
0
0
0
1
1
1
2
0
1
2
2
3
5
5
7
6
6
7
6
5
5
7
7
7
6
6
5
4
4
4
4
3
2
1
0
0
-1
-1
0
1
1
1
-1
-1
-2
-1
-1
-2
-4
-3
-3
-3
-2
-1
-3
-3
-3
-4
-4
-3
-2
-1
-1
0
1
0
-1
0
0
1
0
1
2
1
2
2
2
1
3
2
1
2
1
2
2
3
4
2
2
2
1
0
1
1
2
2
2
1
-2
-1
0
0
1
1
0
1
1
0
0
-1
0
2
3
1
1
0
0
0
1
1
3
1
-1
0
0
-1
-1
-1
-1
1
0
0
1
1
-3
-2
-4
-4
-3
-5
-4
-5
-6
-6
-4
-4
-4
-8
-8
-6
-7
-6
-5
-5
-5
-6
-5
-4
-3
-1
0
-2
-2
-1
-2
-2
0
0
-2
1
1
2
2
2
3
4
5
7
7
8
8
10
8
7
7
7
6
6
7
6
5
6
7
8
8
6
3
1
0
1
2
0
0
-1
-2
-3
-3
-1
-2
-1
-2
-2
-3
-2
-4
-5
-5
-5
-5
-5
-4
-5
-4
-4
-7
-6
-5
-6
-3
-2
-1
-1
-4
-4
-3
-1
-2
-2
-4
-5
-5
-6
-7
-6
-5
-5
-5
-3
-4
-5
-6
-5
-5
-3
-3
-3
-3
-2
-1
-2
-1
-1
1
1
3
3
5
5
5
5
3
4
5
5
6
6
6
8
9
9
11
12
11
12
12
13
13
13
13
12
13
13
11
11
12
11
9
9
7
7
6
7
4
4
2
1
1
0
1
1
1
-1
-1
-1
-3
-3
-3
-3
-6
-6
-8
-8
-7
-7
-7
-6
-7
-7
-6
-8
-7
-8
-10
-10
-9
-9
-10
-8
-8
-8
-8
-7
-8
-5
-5
-7
-7
-7
-9
-9
-8
-8
-7
-7
-6
-5
-6
-5
-5
-4
-5
-5
-5
-5
-4
-5
-3
-3
-3
-2
-1
0
-1
-1
0
1
1
2
1
1
1
2
3
3
4
4
4
5
5
6
6
8
7
5
4
6
6
5
6
6
4
5
6
6
6
4
3
2
2
1
1
1
0
-1
-2
-3
-3
-2
-3
-4
-3
-2
-1
-1
2
2
0
-1
-2
-3
-1
1
2
4
5
4
4
3
3
5
5
5
5
4
3
5
4
8
9
10
9
9
9
7
8
7
7
7
8
8
9
9
10
9
6
5
4
3
2
2
2
3
2
2
1
0
-1
-2
-3
-2
-2
-3
-2
-4
-4
-4
-6
-6
-6
-8
-6
-5
-6
-6
-7
-9
-9
-10
-9
-9
-11
-10
-8
-8
-8
-7
-9
-9
-9
-9
-9
-9
-10
-10
-10
-11
-13
-11
-13
-12
-11
-11
-10
-8
-10
-9
-8
-7
-8
-6
-4
-2
-2
-2
-1
0
1
1
3
1
2
2
3
6
7
8
7
8
8
9
10
13
13
13
13
10
10
11
8
10
11
8
9
9
9
8
8
9
9
9
9
7
6
4
4
3
1
1
2
2
2
1
-1
0
-1
-2
-2
-3
-5
-3
-4
-3
0
-1
1
-2
-3
-2
-2
-3
-1
-1
0
2
3
4
2
3
3
3
4
4
3
4
5
4
4
4
4
2
3
0
0
0
0
-1
0
0
-1
-2
-2
-2
-2
1
1
-1
-3
-2
-3
-3
-3
-2
-4
-5
-5
-3
-4
-3
-1
-1
-1
-2
-3
-3
-3
-4
-3
-2
-2
-4
-5
-6
-5
-5
-4
-4
-4
-5
-5
-5
-6
-6
-6
-6
-5
-4
-4
-2
-4
-6
-7
-7
-10
-9
-8
-8
-6
-5
-3
-3
-3
-4
-5
-5
-3
-3
-4
-1
-1
2
2
2
3
4
5
7
6
7
6
6
7
7
7
7
9
7
7
6
7
8
9
10
9
8
8
7
8
8
7
5
5
5
4
3
1
2
2
1
3
3
2
-1
0
-2
-3
-2
-5
-6
-5
-4
-4
-2
-3
-4
-4
-4
-5
-4
-4
-6
-5
-5
-5
-4
-2
-3
-5
-4
-4
-2
-2
-2
-2
-2
-1
1
2
0
2
2
1
1
0
0
2
2
3
4
4
3
2
3
3
2
4
6
6
6
5
4
4
5
6
8
8
7
7
7
9
8
9
9
9
8
7
7
6
4
3
2
3
2
3
1
0
-1
-4
-3
-4
-4
-7
-6
-7
-7
-6
-6
-5
-6
-7
-8
-8
-7
-8
-8
-8
-8
-8
-9
-9
-10
-10
-10
-10
-9
-7
-5
-6
-5
-4
-3
-3
-2
-2
-2
-1
0
3
4
6
5
5
4
2
1
0
0
0
0
0
-1
-1
0
-1
-3
-3
-3
-3
-3
-3
-5
-2
-3
-2
-2
-3
-3
-3
-3
-3
-3
-2
-3
-2
-3
-5
-4
-6
-3
-1
-2
-2
0
-1
0
0
2
0
0
2
0
0
3
4
4
7
7
7
8
7
7
7
9
8
6
7
6
4
5
6
7
7
6
5
4
3
3
5
6
7
7
7
7
8
8
8
8
7
5
2
2
4
4
5
4
4
6
5
5
6
6
5
3
2
2
3
2
4
3
2
1
-2
-1
0
-1
1
3
1
2
-1
-2
-3
-4
-4
-7
-6
-6
-7
-8
-7
-7
-5
-4
-4
-6
-8
-9
-9
-8
-7
-6
-6
-6
-5
-5
-7
-7
-8
-9
-8
-8
-6
-6
-6
-7
-7
-6
-5
-5
-4
-3
-3
-3
-3
-4
-2
-2
-2
-2
-3
-4
-1
0
-1
-2
-2
-1
-3
-2
-2
-3
-3
-4
-4
-3
-2
-1
-1
-1
1
-1
0
1
-1
-2
-1
0
2
3
2
3
3
3
3
3
2
1
2
2
3
3
2
3
4
5
6
6
5
5
3
3
3
2
5
4
4
5
6
5
5
6
7
6
4
5
3
3
3
4
4
4
2
3
3
4
4
4
5
3
4
5
4
5
3
4
4
2
2
3
5
3
2
1
1
0
0
-1
-1
-2
-3
-2
-1
-1
0
0
-2
-4
-6
-5
-5
-7
-7
-7
-9
-9
-8
-7
-7
-8
-9
-9
-9
-8
-7
-6
-6
-6
-4
-3
-2
-3
-3
-2
-2
-2
0
1
3
4
3
5
4
4
4
2
3
3
4
4
4
7
6
6
6
7
7
5
6
4
5
6
6
6
7
6
6
5
4
3
3
2
1
1
1
0
0
1
-2
-1
1
-2
-1
1
-1
-2
-1
-3
-4
-5
-4
-5
-6
-6
-7
-8
-8
-8
-6
-7
-6
-4
-5
-4
-4
-6
-5
-4
-4
-3
-5
-4
-4
-4
-1
-3
-4
-3
-3
-2
-3
-2
-2
0
-1
-2
-4
-3
-2
-3
-2
-1
-2
-1
0
0
1
2
3
2
2
1
0
0
0
2
2
4
3
3
2
2
3
2
2
2
2
2
1
1
0
-1
1
2
2
3
3
2
2
3
4
3
3
2
3
3
4
2
2
1
4
4
3
3
3
2
1
2
3
3
2
1
2
2
1
3
3
4
5
5
6
7
8
9
9
6
5
6
3
5
5
5
5
3
4
1
1
2
1
0
1
1
1
1
-1
0
0
-1
0
0
0
-2
-3
-3
-5
-6
-5
-5
-7
-5
-6
-5
-5
-4
-5
-6
-5
-3
-3
-3
-4
-4
-4
-6
-7
-7
-7
-8
-7
-7
-7
-5
-4
-5
-5
-6
-8
-8
-7
-6
-6
-3
-2
-3
-4
-3
-2
-4
-3
-5
-5
-5
-6
-4
-4
-3
-3
-3
-3
-2
-1
-4
-5
-6
-9
-7
-6
-6
-3
-5
-3
-3
-2
-1
-1
-1
-1
0
0
2
1
2
2
2
2
4
4
4
7
7
8
6
7
8
8
8
10
11
11
10
11
12
11
11
12
13
13
13
14
12
12
13
13
13
12
12
9
9
8
7
9
9
9
7
8
7
5
6
4
3
3
4
3
3
3
1
0
0
-1
-1
-3
-2
-4
-5
-6
-6
-7
-7
-4
-6
-6
-5
-8
-8
-8
-7
-8
-9
-8
-9
-8
-7
-8
-8
-8
-8
-8
-7
-7
-7
-7
-8
-8
-7
-8
-7
-8
-9
-8
-6
-5
-5
-4
-4
-4
-4
-4
-5
-5
-4
-3
-2
2
1
1
2
1
1
1
2
3
3
4
3
3
3
2
4
2
1
3
2
3
3
3
2
0
1
0
0
-1
-1
-1
-3
-1
-2
-1
0
-1
-2
-3
-5
-3
-3
-4
-1
-1
0
-2
-2
-2
-1
-1
0
1
0
-1
-2
-3
-2
-1
-1
-2
-1
0
1
1
1
2
0
1
0
0
1
2
1
2
2
1
1
2
3
4
5
5
5
4
4
2
6
7
6
7
8
8
7
7
6
6
7
6
9
8
8
9
9
8
7
7
8
8
8
9
7
5
5
5
5
4
3
2
1
0
2
2
-1
0
1
0
0
-2
-4
-5
-5
-5
-5
-4
-6
-7
-9
-8
-8
-9
-9
-8
-8
-8
-7
-9
-10
-10
-10
-11
-11
-9
-10
-9
-9
-7
-7
-6
-6
-6
-4
-6
-6
-5
-6
-5
-4
-1
0
1
0
-1
0
-1
1
0
2
2
0
-1
0
-1
3
4
4
5
3
3
2
1
2
3
4
3
3
2
2
1
4
2
2
0
-1
0
2
2
0
1
2
3
3
3
3
3
3
3
4
3
2
1
-1
-1
-1
0
-1
-1
0
-2
-2
-1
-1
-1
-2
-2
-2
-2
-3
-2
0
-1
0
1
1
1
1
0
1
2
1
2
1
2
2
1
2
3
3
3
4
5
5
5
5
6
6
4
5
5
4
4
5
6
7
6
5
4
5
5
4
5
5
5
3
2
0
-1
-2
-1
1
2
0
-2
-3
-5
-6
-7
-7
-7
-7
-7
-6
-6
-8
-6
-6
-7
-9
-9
-10
-10
-11
-9
-8
-7
-5
-5
-3
-4
-3
-3
-3
-3
-2
-2
-3
-1
-1
-1
0
2
3
4
4
5
6
6
6
7
8
7
7
8
9
8
8
8
9
9
9
9
7
7
6
5
3
3
1
1
2
2
2
1
0
1
-1
-2
-5
-5
-6
-5
-6
-6
-6
-9
-8
-10
-10
-11
-9
-9
-10
-10
-10
-10
-10
-10
-9
-8
-9
-8
-9
-9
-9
-6
-5
-4
-3
-3
-3
-3
-2
-1
-1
2
3
2
4
7
6
7
6
7
6
5
6
8
6
7
7
8
10
11
9
9
9
8
8
7
7
6
5
6
5
5
6
6
6
6
6
5
5
5
3
3
3
1
0
1
0
-1
-1
-2
-3
-3
-3
-3
-4
-5
-5
-8
-7
-6
-3
-3
-2
-2
-1
-1
-3
-2
-3
-2
-2
-1
0
0
1
1
0
0
2
2
1
2
1
1
1
2
3
2
2
1
1
2
4
5
5
4
4
3
3
3
3
4
3
3
2
2
3
2
0
0
-2
-3
-3
-3
-5
-5
-3
-2
-2
-2
-4
-4
-5
-7
-6
-5
-5
-5
-6
-5
-5
-4
-5
-5
-5
-5
-5
-7
-8
-7
-9
-10
-6
-6
-7
-7
-7
-8
-9
-9
-8
-8
-7
-8
-7
-6
-6
-5
-2
-2
-3
-3
-3
-2
-2
-2
0
-1
-1
2
3
4
4
4
6
5
6
6
6
8
8
7
8
9
10
12
12
11
10
10
10
11
12
10
11
11
10
10
9
10
8
9
9
7
7
7
6
4
3
3
4
2
3
1
0
2
3
3
2
-1
-1
-2
-2
-2
-4
-5
-5
-5
-6
-5
-5
-6
-7
-7
-8
-7
-5
-5
-6
-5
-4
-5
-3
-3
-3
-3
-4
-4
-2
-3
-2
-1
-3
-2
-3
-2
0
1
0
-1
1
-1
-1
0
0
-2
-3
-2
-3
-2
-1
-3
-1
-2
-2
0
0
-2
-2
-2
-1
-2
1
1
1
2
1
2
0
0
0
0
1
0
1
-1
0
0
0
0
0
-1
-1
0
0
2
2
2
3
2
0
2
0
0
0
0
-1
-1
-1
-1
-2
-3
-2
0
0
1
2
1
0
2
0
-1
-2
-1
-2
-1
1
-1
-1
0
2
1
1
-1
-2
-2
-3
-3
0
0
-1
0
2
2
3
2
3
1
1
1
1
0
3
2
3
5
4
4
5
3
3
2
1
0
0
1
0
-2
-1
0
1
2
0
1
-2
-3
-3
-6
-5
-4
-3
-3
-3
-3
-3
-5
-3
-2
-3
-2
-2
-4
-3
-4
-4
-3
-3
-1
0
0
2
2
3
1
1
3
5
5
6
5
6
5
6
7
7
5
3
3
4
6
6
7
6
5
5
6
6
7
7
5
4
5
5
5
6
6
4
2
3
2
3
4
3
4
4
4
1
0
-2
-1
-1
-1
-1
-3
-3
-3
-3
-2
-3
-4
-4
-5
-5
-5
-6
-5
-6
-6
-6
-7
-9
-9
-9
-10
-9
-9
-8
-7
-8
-7
-8
-9
-7
-8
-9
-7
-8
-8
-7
-6
-7
-4
-4
-4
-3
-4
-3
-4
-5
-4
-3
-2
-1
-2
-1
3
3
3
3
3
1
0
-1
1
1
1
1
0
1
2
2
4
4
4
3
3
4
1
0
1
1
1
2
2
1
2
3
3
3
3
2
1
0
0
-1
1
1
2
2
3
3
4
4
4
3
4
1
1
-1
0
-2
-2
1
3
4
4
3
3
3
3
4
4
5
4
3
3
2
3
3
4
5
5
6
6
6
5
7
7
8
9
9
9
9
9
9
8
8
9
9
8
9
8
8
7
7
6
8
7
6
5
3
3
2
2
3
2
1
-1
-3
-4
-4
-5
-5
-6
-5
-6
-7
-8
-10
-9
-9
-11
-9
-13
-15
-13
-16
-16
-14
-12
-11
-11
-11
-10
-12
-13
-12
-12
-13
-13
-13
-11
-12
-13
-12
-11
-10
-8
-6
-5
-6
-5
-4
-5
-4
-2
-3
-2
-2
-2
-3
-2
-3
-2
0
1
1
3
3
1
3
4
5
6
5
5
5
4
5
6
6
5
6
5
4
4
3
4
5
4
5
4
5
6
5
6
7
6
8
7
9
9
8
7
7
6
7
9
8
7
6
5
4
6
6
7
6
6
5
4
4
5
4
2
3
2
1
1
1
0
2
1
1
3
2
2
2
0
0
0
-2
0
0
0
-1
0
0
-1
0
0
1
0
0
-1
-2
0
1
1
3
3
3
4
2
3
2
1
2
3
3
2
0
1
0
0
0
1
0
0
0
-1
-2
-3
-4
-3
-4
-5
-7
-6
-6
-6
-7
-8
-9
-9
-7
-6
-7
-8
-8
-7
-6
-7
-8
-11
-11
-12
-13
-11
-11
-9
-10
-10
-9
-8
-6
-7
-6
-7
-7
-7
-6
-7
-6
-6
-7
-5
-4
-5
-4
-2
-3
-3
-3
-2
-1
0
0
1
1
0
0
1
2
5
6
4
4
5
6
6
5
5
6
6
6
8
8
8
7
6
5
6
6
6
5
7
8
7
7
7
6
6
5
5
7
8
5
5
6
4
6
6
4
5
4
3
4
2
3
2
3
2
2
3
1
0
0
0
1
0
1
1
1
-1
-1
0
1
-1
1
-1
0
1
1
2
1
1
1
2
2
1
1
2
2
3
2
1
4
3
4
3
2
2
2
2
3
2
2
2
2
2
1
2
2
2
1
2
1
1
-1
-2
-1
-1
-2
-3
-2
-3
-3
-3
-6
-6
-5
-6
-5
-6
-7
-8
-8
-8
-9
-10
-9
-9
-8
-7
-6
-7
-5
-5
-6
-4
-6
-6
-5
-6
-5
-6
-6
-6
-6
-6
-5
-4
-3
-3
-4
-5
-3
-4
-3
0
0
1
2
2
0
1
-1
-2
0
1
2
2
3
1
1
1
1
1
1
4
2
3
3
2
3
3
4
4
2
1
0
1
2
0
1
0
0
0
3
3
3
2
1
1
1
1
1
-1
-1
-1
2
2
2
3
2
1
1
1
1
2
4
5
4
4
2
1
0
1
2
4
3
4
5
5
6
7
7
6
4
5
3
4
3
3
3
3
3
2
3
1
2
2
2
2
0
-1
0
0
2
1
-1
-2
-2
-1
-1
-1
1
0
0
1
1
1
-1
-2
-5
-5
-4
-2
-2
-1
0
-3
-1
0
0
-1
-1
-2
-2
-2
-2
-3
-3
-2
-1
-1
-2
-3
-4
-4
-3
-4
-3
-3
-4
-4
-3
-3
-2
-3
-2
-1
-3
-2
-2
-1
-1
0
-1
-1
-3
-3
-4
-5
-2
-1
-3
-2
-2
-5
-5
-6
-3
-1
0
-1
-3
-2
-4
-3
-1
1
1
2
1
1
0
-1
0
0
-2
-1
-2
-2
0
1
1
2
3
3
4
2
-1
-1
-2
0
0
-1
-1
-1
-2
-1
-1
0
1
1
0
-1
-1
-3
-2
-2
-1
-1
0
1
1
3
3
4
3
5
3
4
4
3
3
4
3
2
2
2
3
3
2
5
5
6
5
6
5
5
5
5
5
4
4
2
3
3
1
3
3
3
4
5
4
3
5
4
3
2
3
2
0
3
2
0
1
1
2
2
3
4
3
3
2
0
0
0
1
1
2
1
1
1
0
1
-1
0
-1
-2
-2
0
-3
-2
-2
-2
-1
-2
-2
-3
-2
-1
-2
-4
-5
-6
-4
-4
-3
-3
-3
-3
-4
-4
-5
-7
-7
-6
-6
-6
-6
-5
-6
-5
-5
-6
-6
-7
-5
-5
-4
-4
-2
-2
-3
-4
-4
-5
-5
-5
-5
-4
-6
-6
-5
-5
-5
-5
-4
-3
-2
-2
0
-2
0
0
-1
0
1
1
0
-1
0
-1
0
0
0
0
1
1
2
2
1
2
1
2
2
2
2
3
4
4
4
3
4
6
5
5
5
3
3
2
2
2
2
2
2
3
4
4
4
3
4
2
3
3
3
4
4
4
3
3
3
4
6
6
5
3
2
2
1
2
2
3
2
2
3
4
5
4
2
2
0
0
2
3
1
1
1
0
1
2
1
0
1
1
2
3
1
0
0
0
-1
-2
-2
-2
-1
-1
1
2
-1
0
0
-2
-2
0
0
1
1
1
0
1
0
-1
-1
-1
-3
-4
-4
-5
-5
-5
-5
-2
-2
-1
-1
-1
-2
-2
-1
-1
-2
-2
-3
-2
-3
-3
-3
-3
-4
-4
-4
-4
-5
-6
-6
-5
-5
-6
-5
-3
-3
-3
-4
-4
-2
-3
-2
-3
-4
-2
-3
-4
-4
-4
-3
-4
-4
-2
-1
-1
-3
-2
-2
-1
-1
0
1
2
2
2
1
0
0
0
-2
0
0
-1
0
1
1
0
0
1
1
0
0
0
-1
0
1
1
3
4
5
6
4
3
4
3
5
6
5
5
6
5
5
6
5
5
5
6
6
6
5
5
6
6
6
7
10
9
8
9
9
9
7
7
6
6
4
3
1
0
1
1
1
2
3
3
2
2
0
-1
-3
-4
-3
-3
-1
-2
-3
-4
-4
-4
-4
-5
-4
-5
-6
-6
-8
-8
-8
-7
-6
-5
-5
-4
-4
-5
-4
-2
-2
-2
-1
-1
-3
-4
-4
-4
-2
-2
-2
-2
-3
-3
-2
-4
-4
-4
-4
-4
-4
-4
-4
-3
-2
-2
0
-1
-2
-1
-2
-2
-1
-1
-2
-3
-4
-3
-3
-4
-4
-4
-3
-2
-2
-1
-1
0
1
1
4
4
2
4
5
2
4
3
1
2
4
5
4
5
4
3
2
3
2
1
1
0
1
1
1
1
1
2
3
3
3
5
3
3
1
1
0
0
0
0
0
0
-2
-1
-1
-1
0
1
1
1
1
0
0
0
0
2
1
1
0
0
1
0
2
2
2
0
-1
-2
-1
-1
-1
-2
-1
0
1
3
4
3
3
5
5
5
3
3
1
2
1
1
1
0
1
0
-1
-1
0
1
4
5
4
3
2
2
2
3
3
3
2
2
2
2
2
2
0
-1
0
0
0
-1
0
0
0
0
0
0
0
0
0
-1
0
-1
-3
-2
-1
-1
-1
-1
-4
-5
-6
-6
-6
-7
-6
-7
-5
-5
-5
-7
-7
-8
-8
-6
-4
-4
-4
-5
-4
-4
-5
-4
-3
-3
-3
-4
-3
-4
-2
-2
-1
0
2
1
1
0
-2
-2
-2
0
0
0
-1
1
1
3
4
3
2
4
4
2
1
0
1
0
1
1
1
2
2
0
1
1
2
2
3
4
3
2
-1
-1
-1
0
2
4
4
3
4
4
3
1
2
2
2
3
3
3
3
2
2
2
4
3
3
4
3
3
4
3
3
4
3
5
5
5
4
3
4
3
2
0
1
2
0
1
2
2
1
1
3
1
0
0
0
1
0
1
0
0
0
0
1
1
1
2
2
0
1
1
1
2
2
2
2
1
1
0
-1
-1
-2
-2
-4
-4
-3
-2
-3
-5
-4
-6
-7
-6
-6
-5
-7
-9
-7
-9
-8
-8
-7
-6
-7
-6
-5
-6
-7
-6
-7
-6
-5
-6
-5
-5
-5
-5
-4
-5
-4
-4
-5
-3
-3
-5
-5
-3
-2
-3
-1
0
-1
0
1
1
2
2
0
2
2
3
2
4
4
4
5
5
4
5
5
6
6
5
4
4
4
5
6
6
8
8
8
6
6
6
6
6
7
8
7
10
7
6
5
5
5
5
6
7
6
6
5
5
4
2
3
3
2
2
0
1
2
-1
-2
-2
-2
-2
-2
-2
-2
-3
-3
-3
-4
-5
-6
-6
-6
-4
-4
-4
-5
-5
-5
-4
-5
-4
-4
-3
-3
-3
-4
-5
-5
-6
-5
-5
-4
-3
-3
-3
-3
-3
-3
-1
-1
-1
0
1
1
-1
0
0
0
0
1
1
3
0
1
1
0
1
1
1
1
1
1
2
2
0
-1
-2
-2
-2
-1
-1
0
2
3
3
3
2
1
4
4
2
2
2
1
2
1
3
2
2
4
4
4
4
2
3
2
1
1
0
1
1
0
-1
-1
-2
-3
-1
0
1
1
2
1
0
-1
0
-1
-1
-1
-1
-2
-2
-2
-2
-1
-2
-3
-4
-4
-4
-2
0
-1
-1
0
-3
-3
-1
-1
-1
-1
-2
-2
-2
-1
0
-1
-1
0
0
0
0
1
-1
-1
-1
-1
-1
1
1
2
1
2
3
2
2
2
1
-1
-1
0
0
0
-1
0
-1
-1
-2
-2
-2
-3
-2
-1
-1
-1
-2
-2
-3
-2
-3
-3
-3
-3
-2
-3
-3
-4
-4
-4
-3
-3
-3
-3
-2
0
1
1
2
2
2
2
1
2
1
2
1
1
2
3
2
3
3
3
4
5
5
7
7
7
5
6
8
8
8
9
8
6
6
6
5
5
3
3
2
1
0
-1
0
0
0
1
1
2
0
-1
-2
-2
-4
-4
-5
-6
-5
-4
-5
-5
-4
-3
-2
-2
-3
-5
-5
-5
-5
-3
-3
-3
-4
-5
-3
-4
-2
-1
-1
-2
-2
-2
-1
-1
0
1
2
4
5
5
3
1
0
-1
0
2
3
5
3
2
2
2
2
3
3
4
3
3
4
3
3
1
1
2
0
0
-1
-2
-3
-2
0
-1
-4
-3
-4
-5
-5
-5
-5
-5
-4
-4
-3
-2
-3
-3
-4
-3
-4
-4
-5
-4
-4
-4
-5
-6
-4
-4
-5
-3
0
-1
0
2
1
1
1
1
0
2
1
3
2
1
2
1
1
1
2
3
3
3
1
2
2
2
4
5
3
3
2
2
2
6
6
8
7
7
6
6
5
5
6
6
5
4
3
2
3
2
3
3
3
4
2
1
3
3
2
2
3
2
1
0
-1
-2
-1
-2
-1
0
0
-1
-2
-3
-3
-3
-5
-5
-5
-5
-4
-5
-2
-2
-1
-1
-2
-2
-3
-3
-3
-2
-2
-3
-4
-4
-6
-4
-4
-2
-1
-1
-1
-1
-2
-2
-1
-1
-1
0
1
0
2
2
2
2
1
1
0
0
0
0
-1
-1
-1
-1
-1
0
-1
-1
-2
-2
-1
-1
1
-1
-1
-2
-1
-2
0
0
0
0
0
-1
-1
-2
-1
-1
-1
-1
-2
-2
-2
-1
-1
2
1
2
2
0
2
2
1
1
1
2
0
0
0
0
0
-1
-2
-1
-1
-2
-1
-1
-2
0
0
-1
-3
-3
-3
-5
-3
-2
-1
-1
0
1
0
0
-4
-4
-3
-2
-2
0
-1
-1
1
0
0
0
0
2
4
4
4
4
2
2
2
3
4
6
6
4
5
4
3
3
2
3
4
3
2
1
1
2
3
4
6
5
5
7
6
3
4
3
3
3
3
4
4
3
3
3
2
0
1
3
1
0
0
0
0
-2
-1
-2
-1
1
1
1
-1
-1
-1
-2
-1
-1
-1
-1
-1
1
2
1
1
1
0
1
0
-2
-2
-1
0
1
1
0
-1
-1
-1
0
1
0
1
0
1
2
0
0
0
-1
-2
0
0
0
-1
-4
-4
-4
-4
-4
-3
-4
-4
-4
-5
-5
-5
-7
-6
-7
-8
-7
-9
-8
-8
-8
-7
-6
-8
-7
-7
-9
-7
-9
-8
-9
-11
-10
-9
-9
-8
-5
-6
-4
-4
-4
-3
-2
-1
-1
-1
-1
-1
1
1
2
3
4
5
4
4
4
5
6
7
8
7
7
7
7
8
8
7
7
7
9
8
9
9
8
8
8
7
6
7
6
6
6
6
7
5
6
7
8
8
8
8
8
7
7
7
6
6
5
6
6
6
3
2
1
0
1
2
2
2
3
3
3
2
3
1
0
0
0
-2
-2
-1
-2
0
0
-1
-2
-3
-4
-3
-3
-1
-3
-3
-2
-2
-4
-5
-4
-5
-5
-6
-5
-5
-4
-3
-3
-2
-4
-3
-5
-4
-5
-5
-4
-5
-6
-6
-6
-5
-6
-5
-4
-4
-5
-6
-4
-5
-6
-7
-6
-8
-8
-8
-7
-8
-7
-7
-8
-8
-9
-10
-7
-7
-7
-7
-8
-6
-7
-6
-5
-5
-4
-3
-3
-6
-4
-4
-3
-1
0
1
1
2
2
3
6
7
8
8
9
8
7
7
8
7
7
7
8
8
10
9
9
8
8
8
7
7
6
7
6
7
6
4
4
3
3
2
2
3
3
3
3
2
2
2
2
3
3
3
4
3
5
5
5
3
5
6
4
3
4
5
3
5
5
5
5
4
5
5
5
4
3
4
5
3
1
1
0
0
0
-2
-2
-3
-2
-2
-1
-1
-3
-4
-5
-5
-5
-5
-4
-4
-3
-5
-5
-4
-6
-5
-4
-6
-7
-6
-5
-4
-2
-1
-3
-4
-4
-2
-4
-3
-4
-4
-2
-1
-1
-2
-4
-4
-3
-4
-2
-2
-2
-2
0
-1
-4
-3
-3
-2
-1
1
0
0
-1
-2
-2
-3
-2
0
0
-1
0
-1
-2
-1
-1
-2
-2
-2
-2
-1
-1
1
2
2
1
1
2
2
1
2
2
2
1
1
0
1
0
1
1
0
0
0
-1
-1
-3
-3
-3
-3
0
-1
-1
-1
-2
-3
-2
-1
0
-1
-2
0
-2
-2
0
1
-1
1
2
1
2
1
2
3
1
1
1
0
0
1
1
2
1
2
2
1
1
1
1
2
2
2
1
1
1
2
2
2
2
2
2
-1
-1
-1
-1
0
1
2
3
1
0
1
1
-1
0
-2
-1
-2
-1
0
1
3
3
2
2
-1
0
1
0
2
2
3
3
2
1
2
0
0
2
3
2
0
-1
0
0
0
3
3
3
4
5
4
3
4
4
3
3
3
3
2
3
4
4
4
5
4
6
4
3
2
0
-2
-1
2
0
3
1
0
0
1
0
-1
-1
-3
-2
-1
0
2
2
0
-2
-3
-3
-5
-6
-5
-7
-7
-8
-8
-8
-7
-6
-6
-6
-6
-7
-8
-8
-8
-7
-8
-9
-10
-8
-8
-8
-7
-8
-9
-9
-9
-11
-9
-8
-7
-6
-5
-4
-4
-5
-3
-2
-1
0
-1
0
-1
0
2
0
1
1
1
3
5
4
4
4
3
5
3
5
4
4
6
7
7
7
7
7
5
7
6
6
5
5
6
7
7
5
5
6
6
7
7
6
4
4
5
5
6
5
4
4
4
4
4
5
5
4
3
4
6
4
3
3
0
1
1
1
2
2
4
3
2
3
2
1
1
0
1
0
-1
-1
2
2
3
3
2
3
3
4
4
1
2
1
1
0
1
1
0
0
1
0
-2
0
-2
-2
-3
-3
-3
-2
-2
-2
-2
-4
-4
-4
-5
-5
-4
-5
-5
-5
-4
-7
-7
-7
-7
-6
-6
-7
-6
-5
-6
-6
-7
-6
-7
-7
-8
-8
-9
-7
-6
-6
-5
-5
-7
-5
-3
-3
-4
-5
-4
-5
-6
-4
-4
-4
-4
-3
-4
-3
-3
-3
-3
-4
-3
-3
-2
-2
-2
-2
-2
-1
-1
0
1
2
1
2
1
0
0
0
0
0
-1
-1
0
1
1
2
1
2
2
2
4
4
4
3
4
6
4
5
5
6
9
7
8
7
5
5
6
6
5
6
5
5
7
8
6
7
7
6
6
6
6
5
5
4
5
5
4
4
5
4
3
4
3
2
3
3
3
5
6
4
4
3
3
3
4
4
3
3
1
2
0
0
2
2
4
4
6
4
4
4
2
1
-1
0
0
1
0
0
0
0
-2
-2
-3
-1
-2
0
-1
0
-1
0
1
2
3
2
-1
-1
-1
-2
-5
-6
-3
-5
-5
-4
-5
-4
-3
-3
-5
-7
-9
-11
-8
-9
-10
-7
-7
-7
-9
-8
-8
-7
-7
-8
-9
-8
-10
-8
-8
-6
-8
-9
-10
-11
-10
-10
-9
-8
-9
-8
-9
-7
-6
-8
-6
-6
-7
-5
-5
-3
-2
-2
-3
-2
-2
-1
1
1
2
3
2
3
1
1
2
2
4
3
4
5
4
5
6
5
7
6
4
5
4
5
5
5
4
4
4
5
6
6
6
6
7
6
5
5
7
7
5
5
7
7
7
7
6
3
3
4
4
5
8
7
8
8
6
9
9
8
9
8
5
6
4
7
8
8
9
10
8
7
6
5
5
7
5
5
2
3
4
5
5
6
5
4
5
4
4
3
3
2
2
1
1
0
-1
-1
-2
-2
-2
-4
-5
-5
-6
-7
-7
-6
-7
-9
-7
-8
-8
-9
-8
-10
-10
-9
-10
-12
-11
-11
-12
-11
-11
-10
-10
-9
-9
-10
-10
-10
-10
-9
-8
-7
-7
-8
-6
-6
-8
-7
-7
-8
-7
-8
-7
-8
-6
-5
-6
-5
-7
-6
-6
-5
-3
-2
-4
-3
-4
-3
-3
-4
-3
-3
-3
-3
-4
-3
-3
-1
0
-1
0
0
-1
0
-1
-1
-3
-4
-3
-2
-1
-1
0
0
0
0
0
0
1
1
0
0
1
3
4
5
6
5
6
7
7
7
7
6
7
8
8
9
10
10
12
13
13
15
15
13
13
14
14
15
14
14
14
14
16
17
20
18
18
17
18
16
16
16
15
15
15
15
14
15
14
15
14
13
11
10
9
9
9
6
5
4
2
3
2
-1
0
-2
-3
-2
-3
-4
-4
-5
-6
-6
-9
-9
-12
-13
-13
-13
-13
-13
-15
-16
-17
-19
-18
-19
-18
-17
-17
-18
-18
-19
-18
-18
-18
-17
-17
-17
-17
-16
-16
-16
-16
-16
-16
-16
-13
-13
-13
-11
-11
-11
-9
-8
-8
-7
-7
-7
-6
-5
-5
-4
-3
-2
-2
-1
-1
-1
-1
-1
0
1
2
0
1
1
2
1
2
2
1
2
2
2
3
4
4
3
3
2
2
1
2
2
2
3
3
4
4
5
4
5
7
6
7
8
7
8
7
6
7
6
5
5
6
6
7
7
8
10
9
8
7
5
7
8
6
6
7
7
6
6
9
7
6
7
9
9
7
6
7
7
7
7
6
5
5
6
7
9
9
9
10
8
8
8
9
8
8
9
8
7
6
6
6
7
7
7
9
8
6
6
4
5
4
3
1
2
1
2
0
1
1
-1
-2
-4
-4
-4
-4
-4
-5
-5
-4
-4
-6
-6
-6
-8
-9
-9
-10
-10
-11
-11
-10
-11
-10
-10
-10
-10
-11
-12
-12
-12
-12
-12
-13
-13
-13
-11
-10
-12
-12
-10
-9
-10
-11
-11
-14
-14
-14
-14
-14
-14
-14
-13
-11
-12
-13
-12
-13
-13
-13
-13
-11
-12
-12
-9
-9
-8
-6
-8
-6
-5
-6
-6
-4
-4
-3
-2
-2
-1
-1
1
1
3
4
4
4
6
8
9
11
11
11
11
9
11
12
12
11
13
15
14
14
15
15
15
16
16
14
11
11
11
10
10
10
11
12
14
14
15
15
16
15
15
14
14
14
15
15
15
15
16
16
13
12
12
11
12
11
10
10
9
9
9
11
12
12
10
8
8
7
6
3
3
2
1
2
2
1
1
0
-1
-3
-4
-5
-5
-5
-6
-6
-9
-9
-9
-8
-7
-7
-8
-8
-9
-8
-8
-8
-6
-9
-9
-10
-10
-11
-11
-12
-11
-12
-12
-10
-10
-10
-11
-11
-11
-12
-13
-14
-14
-14
-13
-14
-13
-14
-15
-16
-17
-18
-17
-19
-17
-17
-16
-15
-16
-16
-16
-16
-15
-15
-13
-13
-13
-12
-13
-12
-13
-11
-9
-9
-8
-5
-5
-5
-4
-5
-4
-2
-2
-3
-1
-2
0
1
2
4
5
4
5
6
6
8
8
11
11
13
14
12
13
15
15
17
15
15
16
14
15
14
13
13
12
13
12
12
13
11
10
11
11
8
10
10
10
11
10
10
14
14
14
16
14
14
15
11
12
11
12
12
11
10
11
10
8
8
7
8
9
9
9
8
9
8
9
9
7
7
7
5
4
5
3
2
-1
0
1
2
2
0
-2
-4
-5
-5
-4
-6
-6
-7
-7
-7
-8
-7
-6
-7
-5
-4
-5
-5
-6
-6
-6
-5
-5
-5
-6
-7
-7
-8
-9
-10
-9
-8
-7
-8
-9
-8
-8
-9
-8
-6
-6
-5
-7
-7
-6
-6
-6
-7
-6
-7
-7
-8
-8
-9
-9
-8
-10
-10
-11
-10
-11
-11
-12
-13
-12
-10
-10
-9
-10
-11
-9
-9
-9
-8
-8
-10
-8
-7
-8
-8
-9
-9
-11
-11
-10
-10
-8
-7
-8
-7
-8
-7
-5
-5
-3
-4
-5
-5
-7
-4
-4
-2
-1
1
1
2
2
4
5
6
6
7
7
7
8
11
13
14
16
15
16
16
16
16
17
19
20
20
19
20
20
21
21
22
22
21
21
21
20
17
16
14
14
14
14
14
12
11
10
9
9
8
7
7
7
7
7
6
4
4
7
6
5
5
5
6
5
3
3
4
1
1
2
2
3
2
1
0
-1
-1
-2
-3
-2
-2
-3
-3
-2
0
-1
-2
0
-2
-1
-3
-5
-7
-10
-11
-10
-9
-13
-15
-15
-16
-17
-19
-16
-16
-16
-17
-16
-14
-17
-16
-16
-17
-15
-17
-15
-14
-15
-14
-16
-15
-15
-14
-13
-14
-15
-13
-14
-12
-11
-10
-10
-10
-10
-11
-8
-7
-5
-4
-4
-4
-3
-3
-3
-3
-4
-4
-3
-3
-1
0
-1
1
1
1
1
1
-1
-1
-1
0
1
1
1
2
2
4
6
7
8
8
7
8
7
7
9
10
11
12
12
12
13
13
14
15
14
14
11
11
9
10
11
11
12
12
13
12
10
9
10
8
7
7
7
8
7
8
9
9
8
7
7
6
6
6
6
6
8
7
7
8
9
10
10
9
10
6
5
5
5
5
7
7
7
8
7
8
6
6
5
4
3
4
4
3
4
3
0
-1
-2
-3
-3
-3
-2
-2
-3
-4
-5
-7
-9
-8
-10
-9
-9
-11
-10
-11
-12
-11
-12
-12
-14
-14
-13
-12
-10
-10
-10
-11
-12
-12
-14
-13
-12
-13
-13
-12
-12
-11
-12
-10
-11
-10
-9
-8
-7
-6
-6
-7
-8
-8
-9
-10
-8
-8
-9
-10
-10
-11
-9
-7
-7
-7
-9
-7
-8
-8
-7
-6
-8
-6
-5
-6
-6
-6
-5
-3
-3
-1
3
1
1
2
4
6
6
8
8
7
6
6
6
7
6
5
7
6
6
6
5
5
5
6
7
7
5
5
4
4
4
6
7
6
5
6
5
5
5
6
7
8
8
6
7
9
8
10
12
10
10
11
10
11
10
11
12
14
15
17
17
17
16
16
15
14
14
16
16
16
15
13
12
11
12
13
11
11
12
10
8
8
5
4
4
3
4
3
0
-1
-2
-5
-4
-4
-6
-6
-5
-6
-7
-8
-9
-10
-12
-11
-12
-13
-12
-14
-13
-12
-13
-12
-12
-14
-13
-13
-13
-13
-13
-13
-14
-14
-15
-15
-13
-14
-14
-13
-13
-14
-13
-13
-12
-14
-15
-14
-13
-13
-13
-11
-10
-10
-10
-11
-11
-11
-12
-11
-12
-10
-9
-9
-9
-7
-7
-7
-7
-5
-4
-2
0
-1
0
0
1
2
2
3
6
6
6
6
6
6
6
5
4
5
5
4
5
7
7
7
5
6
6
5
6
4
5
5
3
3
5
4
4
4
3
4
3
3
3
3
5
5
5
5
5
5
6
5
7
8
6
8
10
10
9
11
10
10
10
10
10
11
13
12
12
12
12
10
12
12
12
11
11
10
10
10
10
10
10
10
10
8
7
7
7
5
4
4
4
3
2
2
2
1
1
0
-2
-3
-3
-1
-4
-2
-3
-2
-3
-4
-4
-3
-2
-3
-3
-2
-4
-4
-5
-3
-4
-4
-5
-6
-5
-4
-3
-5
-5
-4
-4
-3
-5
-6
-6
-6
-6
-4
-4
-5
-6
-8
-9
-11
-10
-11
-12
-10
-10
-10
-11
-11
-13
-13
-11
-11
-12
-12
-12
-12
-13
-12
-10
-9
-10
-11
-12
-10
-9
-10
-9
-8
-7
-7
-8
-7
-8
-9
-9
-8
-7
-6
-4
-5
-5
-4
-3
-6
-6
-6
-6
-5
-6
-6
-5
-4
-3
-2
-2
0
0
-2
1
1
2
3
2
3
2
2
5
4
4
3
5
8
9
12
13
13
12
12
13
13
13
13
12
12
12
14
14
15
16
17
18
17
16
15
15
15
14
14
13
14
13
13
11
11
9
10
10
10
10
9
9
9
10
10
10
10
9
8
8
8
7
9
10
7
5
5
3
5
5
4
5
4
5
4
3
4
3
2
1
1
-1
0
0
0
-1
-4
-5
-5
-6
-7
-5
-6
-6
-6
-8
-8
-9
-12
-14
-13
-14
-17
-16
-16
-17
-17
-17
-17
-16
-15
-14
-15
-13
-16
-16
-15
-14
-14
-13
-12
-11
-10
-11
-10
-8
-7
-6
-6
-7
-5
-6
-6
-6
-6
-6
-8
-8
-7
-7
-6
-6
-6
-5
-6
-5
-8
-5
-4
-3
-1
-3
-3
-3
-4
-4
-4
-4
-4
-4
-5
-4
-6
-5
-4
-3
-4
-3
-3
-2
-2
-4
-1
1
3
5
6
7
5
5
5
6
7
8
9
9
9
8
10
9
10
11
10
11
12
13
13
14
13
15
13
14
14
15
14
15
16
16
18
17
15
15
12
11
12
13
13
14
12
11
11
11
10
9
7
4
5
4
4
4
4
4
4
3
3
4
3
3
2
3
1
0
0
0
0
0
-2
-3
-6
-5
-5
-5
-5
-6
-6
-7
-8
-6
-6
-7
-7
-6
-7
-8
-8
-7
-8
-7
-6
-8
-8
-7
-7
-7
-6
-6
-9
-10
-9
-9
-6
-7
-6
-5
-6
-6
-4
-4
-5
-7
-8
-7
-7
-5
-3
-4
-6
-7
-8
-9
-9
-9
-8
-8
-8
-8
-8
-8
-8
-8
-8
-8
-8
-7
-5
-6
-6
-6
-5
-5
-5
-4
-2
-2
-3
-4
-6
-5
-4
-4
-3
-3
-2
-2
-2
-1
-1
-2
0
0
1
2
2
3
3
4
3
0
-1
0
2
3
4
5
5
5
5
5
7
6
5
4
6
8
7
8
7
5
7
7
7
6
4
7
9
10
13
12
11
8
6
5
6
6
6
6
6
6
6
5
6
5
7
7
6
7
9
10
9
9
9
7
6
7
6
8
7
6
7
6
4
5
5
4
4
4
5
7
6
4
4
4
3
3
1
0
0
-1
1
2
1
0
-1
-2
0
0
0
0
-1
1
0
-2
-2
-3
-2
-1
0
0
-2
-3
-4
-5
-5
-6
-4
-5
-6
-6
-7
-8
-9
-10
-11
-11
-10
-12
-12
-10
-11
-12
-11
-11
-12
-11
-12
-12
-11
-12
-13
-13
-12
-12
-10
-11
-11
-11
-10
-10
-12
-12
-12
-11
-9
-7
-5
-6
-5
-5
-3
-3
-3
-3
-2
-4
-4
-3
-4
-1
-1
1
2
3
1
1
0
2
2
3
2
0
1
0
-1
1
3
3
4
4
6
6
5
3
2
3
3
2
3
2
5
6
6
7
8
9
8
7
6
7
5
4
7
8
7
8
9
9
10
9
9
10
11
12
14
16
16
16
15
14
14
13
11
12
14
13
13
12
14
13
13
11
10
8
7
5
6
6
7
6
6
5
5
4
2
2
2
1
3
1
-1
-1
-1
-1
-2
-3
-4
-4
-5
-3
-4
-5
-5
-8
-8
-7
-7
-7
-7
-7
-7
-7
-6
-8
-9
-10
-9
-11
-10
-11
-10
-9
-9
-7
-9
-10
-11
-12
-12
-10
-8
-9
-9
-10
-11
-13
-14
-14
-12
-11
-11
-10
-8
-8
-8
-11
-10
-10
-9
-8
-9
-8
-6
-7
-7
-8
-8
-9
-8
-5
-5
-5
-6
-6
-5
-4
-4
-4
-3
-4
-5
-3
-1
0
1
1
-1
1
0
1
0
-2
-4
-1
-1
2
3
3
2
1
2
1
1
2
5
6
8
7
6
6
5
5
6
8
9
10
10
11
11
12
14
15
15
14
14
14
15
15
16
16
17
17
15
15
15
14
13
14
13
13
12
12
10
12
12
13
11
9
8
6
6
5
6
5
2
4
3
3
3
4
3
1
0
0
-1
-2
0
0
-2
-1
-1
-3
-4
-3
-3
-3
-3
-2
-3
-5
-5
-6
-6
-6
-6
-5
-4
-5
-6
-4
-6
-5
-6
-5
-4
-4
-4
-5
-5
-5
-6
-6
-6
-5
-6
-4
-4
-5
-4
-4
-4
-5
-7
-8
-10
-10
-8
-7
-7
-8
-7
-9
-9
-9
-9
-10
-9
-8
-8
-8
-6
-4
-5
-5
-4
-6
-7
-6
-5
-5
-6
-7
-7
-8
-7
-6
-5
-3
-6
-6
-6
-5
-4
-5
-4
-2
-2
-3
-2
-3
-2
-1
0
1
0
0
-1
-1
1
3
1
0
0
-1
-1
-2
1
0
0
2
2
-1
0
1
2
4
6
5
5
3
3
5
6
5
6
5
5
7
7
7
7
7
7
7
9
8
7
7
6
5
5
6
7
10
11
12
11
9
9
9
12
12
11
11
11
9
11
11
11
11
11
11
12
12
10
10
9
7
7
5
7
8
5
4
4
2
2
2
3
3
3
2
2
3
2
2
1
1
-1
-3
-2
-4
-4
-3
-2
-3
-1
-3
-3
-3
-5
-4
-4
-4
-6
-5
-5
-5
-4
-6
-4
-3
-5
-5
-5
-5
-4
-6
-7
-8
-10
-9
-9
-9
-10
-9
-9
-8
-9
-8
-10
-12
-11
-10
-10
-10
-10
-11
-11
-11
-10
-9
-9
-9
-10
-9
-10
-11
-13
-13
-14
-12
-10
-11
-10
-10
-11
-10
-9
-9
-7
-7
-7
-6
-5
-5
-5
-5
-4
-3
-1
0
-1
-2
-2
0
2
4
2
2
3
3
4
4
4
3
1
0
0
1
3
4
5
5
6
5
5
4
4
5
6
6
8
9
10
10
10
9
9
11
10
9
11
11
12
14
15
16
15
13
15
14
14
15
14
14
14
13
13
12
12
11
10
10
10
10
9
9
10
9
8
7
7
8
8
7
8
7
4
4
4
5
4
4
5
4
3
2
2
4
2
3
2
1
1
2
0
0
0
-1
1
0
1
0
1
0
-2
-2
-3
-2
-3
-4
-6
-5
-7
-9
-8
-7
-8
-8
-8
-8
-9
-10
-13
-13
-13
-13
-12
-14
-14
-14
-15
-17
-17
-16
-16
-17
-15
-15
-16
-16
-15
-15
-15
-13
-14
-14
-15
-15
-15
-16
-14
-11
-10
-9
-9
-7
-7
-9
-10
-9
-9
-6
-5
-4
-3
-2
-2
-3
-2
-2
0
-1
0
-1
-1
0
0
1
2
2
4
3
3
2
3
3
3
4
3
3
5
6
8
8
8
10
10
10
9
9
10
9
9
10
11
12
12
13
13
13
12
14
11
12
12
12
12
11
12
10
9
10
9
8
8
7
5
6
6
5
5
6
5
4
5
7
6
6
6
5
4
6
7
6
5
4
4
4
5
6
5
5
6
5
7
7
4
4
3
2
2
3
3
4
4
5
2
2
0
-1
-1
1
2
0
1
-2
-3
-3
-4
-5
-8
-8
-8
-8
-7
-10
-10
-10
-8
-9
-11
-11
-12
-14
-14
-14
-15
-14
-15
-14
-16
-16
-16
-15
-16
-16
-15
-16
-15
-14
-12
-9
-10
-9
-8
-9
-9
-8
-7
-6
-5
-5
-3
-4
-2
-1
-2
-2
-1
-1
0
-1
-1
-1
0
1
2
3
5
2
3
3
3
5
6
5
4
5
5
5
5
3
3
5
2
6
6
6
6
5
6
5
7
9
9
9
8
7
6
6
6
8
8
8
6
5
4
4
3
4
5
5
5
5
5
5
5
6
5
6
6
4
4
3
3
5
6
4
5
4
0
-1
0
0
1
1
2
2
2
1
2
2
0
0
0
2
2
2
3
2
2
3
2
3
2
3
1
0
0
1
3
4
3
3
2
0
0
0
0
2
1
2
2
1
1
0
0
-1
-2
-4
-4
-5
-6
-5
-6
-6
-6
-7
-8
-6
-6
-6
-6
-7
-8
-8
-8
-7
-7
-6
-7
-8
-7
-7
-7
-7
-6
-4
-5
-7
-7
-8
-8
-7
-6
-4
-4
-4
-4
-4
-3
-2
-2
-3
-3
-4
-7
-5
-6
-7
-5
-4
-4
-4
-3
-2
-1
-3
-3
-3
-2
-2
0
2
1
1
2
3
4
5
5
4
4
3
3
3
2
3
5
5
6
5
5
4
4
5
6
5
5
5
4
6
8
8
8
9
9
9
8
7
6
5
5
4
4
5
7
7
5
4
2
0
0
0
0
0
0
-2
-1
-1
0
0
0
1
-2
-1
2
1
0
0
-2
-2
-2
-2
-2
-1
-1
0
0
1
1
2
1
-1
0
1
2
3
4
4
3
3
4
4
4
5
5
5
4
3
3
2
2
3
3
3
2
3
3
3
1
1
2
0
-1
-1
0
0
1
0
-1
-1
-1
-1
-1
-1
-2
-1
-2
-2
-6
-5
-5
-4
-3
-2
-3
-4
-2
-3
-1
-3
-3
-2
-3
-4
-4
-5
-7
-6
-6
-6
-5
-6
-7
-7
-7
-7
-6
-5
-7
-7
-7
-6
-7
-6
-5
-6
-6
-6
-8
-7
-5
-6
-6
-4
-4
-3
-3
-4
-2
-2
-1
0
-1
-2
-2
-4
-3
-2
0
-1
-2
-1
-1
-1
-2
-1
1
1
1
2
1
2
3
4
5
5
5
5
6
6
8
8
8
7
7
6
5
4
5
4
4
5
5
6
6
6
5
7
6
6
5
4
4
4
5
6
7
5
3
5
5
3
4
5
5
5
5
3
5
5
6
7
6
5
4
3
3
2
3
3
3
2
3
4
4
3
4
4
4
2
3
3
3
5
4
3
3
2
-1
-2
-2
-2
-4
-3
-4
-5
-5
-6
-4
-4
-6
-5
-4
-5
-7
-8
-9
-8
-7
-7
-7
-8
-8
-7
-7
-8
-7
-6
-8
-7
-8
-7
-9
-9
-7
-7
-5
-5
-5
-5
-3
-5
-5
-4
-4
-4
-4
-3
-2
-3
-2
0
1
2
1
0
-1
-2
-2
-1
-2
-2
0
1
-1
-2
-1
-1
-1
-2
-1
-1
-1
0
-1
-2
-2
-1
-1
0
0
0
0
0
1
1
1
3
3
2
3
0
0
0
1
2
2
2
2
1
3
4
2
5
6
6
6
6
5
3
4
4
5
5
4
3
3
3
5
6
5
5
6
4
4
5
5
5
5
5
3
5
5
3
5
6
6
7
7
5
4
3
3
3
3
4
5
3
1
0
1
1
2
3
3
1
1
0
0
1
2
1
0
1
0
1
1
2
2
1
0
-1
-2
-2
-2
-1
1
0
-1
-2
-3
-4
-3
-2
-2
-1
-1
-3
-4
-4
-4
-3
-3
-3
-3
-5
-5
-5
-7
-5
-4
-4
-4
-5
-6
-6
-5
-6
-3
-2
-3
-2
-2
-3
-3
-3
-3
-5
-5
-5
-6
-6
-7
-6
-5
-6
-5
-5
-7
-3
-4
-3
-3
-3
-3
-3
-2
-2
-2
1
2
1
2
2
3
1
0
0
2
0
2
4
4
4
4
4
3
2
0
0
-2
-1
-1
1
3
4
4
3
1
0
-1
1
2
1
0
-3
-5
-4
-1
1
1
0
0
0
0
-1
-1
-2
-2
-3
-2
-1
0
1
1
2
1
1
2
0
1
1
1
1
2
3
2
1
2
2
3
2
3
2
3
3
3
2
3
4
5
4
6
5
5
5
5
7
6
5
5
5
5
6
7
6
7
8
8
7
6
4
4
2
1
2
1
0
0
2
2
2
2
-1
-2
-2
-2
0
1
0
0
-1
-3
-2
-4
-3
-3
-3
-3
-3
-4
-4
-4
-5
-7
-6
-7
-7
-7
-7
-7
-6
-5
-4
-4
-3
-5
-5
-6
-8
-8
-7
-4
-4
-2
-2
-4
-6
-6
-5
-5
-4
-4
-5
-6
-4
-3
-4
-3
-2
-2
-1
-2
-1
1
0
0
0
-1
-1
0
1
3
1
1
-1
0
0
3
4
3
3
2
2
3
4
2
2
5
4
4
4
4
4
4
4
6
4
3
3
2
1
0
2
2
2
3
3
2
-1
-1
-1
0
1
2
1
0
-1
-1
-3
-2
-2
-2
0
0
-1
0
1
0
3
3
3
5
5
5
6
6
7
7
9
9
9
9
9
8
8
9
8
8
7
7
6
5
5
3
4
3
1
1
1
1
-1
-3
-5
-7
-7
-7
-8
-8
-8
-10
-10
-9
-9
-11
-9
-10
-9
-8
-8
-8
-6
-5
-5
-5
-5
-5
-3
-2
-3
-1
-1
-1
0
2
3
3
3
1
0
-1
-3
0
-2
-3
0
-1
0
-2
-3
-2
-3
-2
-2
-2
-3
-2
-3
-3
-2
-1
-1
0
2
3
4
4
5
3
1
2
2
1
1
1
2
4
5
5
6
6
4
5
3
4
4
4
5
3
2
0
0
0
-1
1
2
-1
-5
-5
-8
-11
-10
-10
-9
-10
-12
-13
-13
-12
-12
-12
-12
-13
-14
-15
-12
-12
-10
-9
-9
-10
-9
-7
-4
-2
3
5
7
11
13
12
14
16
17
18
21
22
21
20
20
19
20
20
19
19
18
15
15
14
13
10
11
10
8
6
3
1
-1
-2
0
-1
-1
-3
-3
-4
-4
0
2
4
0
-4
-4
-7
-6
0
0
2
6
4
-1
-1
3
1
2
4
1
-1
0
-3
-7
-4
-7
-13
-10
-13
-20
-16
-17
-20
-17
-15
-18
-21
-20
-23
-23
-19
-19
-21
-19
-23
-26
-26
-25
-23
-17
-11
-5
1
6
11
15
19
21
25
31
34
38
43
46
50
56
60
64
67
66
67
66
64
62
58
50
43
35
24
13
4
-5
-14
-22
-35
-47
-57
-66
-77
-86
-97
-108
-116
-123
-129
-132
-135
-136
-135
-128
-118
-105
-93
-80
-68
-58
-48
-34
-22
-6
12
27
39
53
67
82
95
109
121
131
140
149
155
160
163
163
163
158
153
148
139
129
118
106
96
82
69
54
39
23
3
-18
-38
-61
-83
-106
-133
-157
-180
-203
-223
-238
-250
-256
-251
-243
-234
-220
-205
-194
-177
-156
-136
-112
-82
-54
-24
5
36
62
89
117
142
171
198
222
243
261
274
284
290
290
289
288
283
278
272
263
252
240
227
215
202
190
174
157
132
99
62
25
-15
-52
-87
-123
-158
-191
-228
-265
-300
-338
-372
-400
-427
-454
-475
-493
-508
-518
-520
-514
-491
-455
-421
-385
-343
-305
-263
-214
-164
-112
-50
13
69
127
184
236
286
337
380
423
466
500
530
560
583
594
599
595
580
565
549
525
505
484
453
421
386
345
315
286
250
208
160
99
32
-30
-98
-157
-208
-261
-326
-387
-453
-523
-582
-638
-696
-742
-780
-823
-853
-875
-893
-907
-901
-870
-821
-763
-706
-642
-577
-509
-426
-335
-241
-133
-15
93
195
303
403
491
578
657
732
812
882
946
997
1029
1044
1051
1044
1028
1006
983
951
918
881
829
772
709
641
581
537
485
422
339
242
135
20
-96
-204
-305
-402
-493
-594
-690
-785
-888
-985
-1082
-1171
-1251
-1307
-1360
-1405
-1426
-1439
-1449
-1414
-1325
-1220
-1121
-1015
-916
-828
-718
-584
-446
-288
-103
68
235
405
562
711
858
992
1111
1239
1364
1466
1553
1621
1658
1664
1655
1613
1553
1501
1449
1388
1327
1241
1150
1052
931
821
745
681
604
507
379
219
44
-128
-304
-466
-602
-741
-900
-1043
-1187
-1359
-1512
-1653
-1814
-1938
-2029
-2126
-2196
-2231
-2273
-2274
-2176
-2045
-1944
-1812
-1662
-1549
-1408
-1220
-1037
-828
-549
-261
-7
253
513
738
976
1203
1380
1577
1781
1952
2103
2246
2328
2356
2365
2315
2250
2208
2170
2105
2029
1951
1841
1715
1585
1452
1321
1231
1138
1004
851
658
428
179
-75
-333
-548
-746
-951
-1169
-1385
-1612
-1869
-2091
-2299
-2511
-2672
-2779
-2897
-3001
-3065
-3124
-3147
-3043
-2833
-2645
-2461
-2246
-2095
-1926
-1674
-1424
-1167
-822
-432
-81
276
628
943
1266
1586
1847
2119
2411
2652
2873
3082
3231
3290
3335
3326
3227
3151
3105
3037
2973
2903
2763
2620
2458
2281
2137
2045
1939
1773
1586
1306
960
610
239
-149
-480
-745
-1037
-1333
-1638
-2001
-2319
-2617
-2931
-3196
-3401
-3576
-3754
-3903
-4052
-4198
-4272
-4165
-3907
-3607
-3327
-3067
-2838
-2662
-2413
-2100
-1774
-1372
-848
-344
54
477
853
1172
1517
1844
2125
2443
2763
3046
3319
3518
3602
3630
3626
3564
3498
3479
3463
3383
3272
3119
2905
2687
2494
2317
2186
2085
1949
1756
1483
1102
686
234
-228
-620
-906
-1158
-1450
-1777
-2138
-2513
-2850
-3122
-3376
-3565
-3715
-3908
-4112
-4277
-4457
-4573
-4488
-4217
-3828
-3474
-3202
-2937
-2745
-2534
-2178
-1782
-1351
-768
-168
292
676
1053
1398
1731
2061
2384
2728
3087
3391
3625
3812
3894
3851
3823
3773
3642
3599
3589
3520
3426
3336
3149
2928
2702
2493
2355
2219
2066
1901
1619
1201
760
293
-171
-516
-825
-1141
-1399
-1738
-2139
-2548
-2935
-3295
-3563
-3757
-3940
-4099
-4224
-4418
-4632
-4700
-4599
-4273
-3789
-3457
-3217
-2914
-2736
-2554
-2126
-1733
-1365
-700
-35
440
859
1296
1634
1931
2285
2559
2847
3269
3601
3817
4042
4076
3968
3926
3837
3642
3596
3627
3526
3373
3240
2990
2672
2468
2299
2139
2034
1936
1713
1354
874
373
-183
-732
-1117
-1419
-1712
-1911
-2217
-2657
-3018
-3351
-3712
-3955
-4029
-4147
-4218
-4281
-4477
-4704
-4780
-4694
-4309
-3714
-3346
-3056
-2662
-2453
-2272
-1788
-1339
-947
-251
529
962
1333
1792
2052
2251
2608
2882
3183
3661
3977
4186
4387
4380
4223
4152
4002
3736
3661
3687
3572
3404
3294
3014
2676
2458
2210
1971
1904
1804
1467
1091
641
53
-479
-915
-1397
-1713
-1769
-2008
-2383
-2697
-3210
-3749
-4029
-4220
-4465
-4528
-4495
-4670
-4790
-4788
-4809
-4491
-3866
-3458
-3230
-2861
-2605
-2482
-2101
-1635
-1307
-731
59
584
1001
1471
1768
2011
2369
2589
2798
3270
3689
3924
4209
4316
4137
4020
3948
3713
3556
3634
3669
3658
3634
3385
2973
2649
2383
2142
2075
2023
1798
1554
1171
529
-37
-552
-1087
-1484
-1702
-1931
-2206
-2528
-2963
-3452
-3827
-4142
-4379
-4532
-4619
-4627
-4723
-4839
-4956
-4928
-4493
-3923
-3565
-3194
-2720
-2441
-2207
-1781
-1432
-1146
-504
285
889
1417
1864
2079
2307
2548
2637
2850
3356
3824
4213
4619
4691
4484
4285
4055
3712
3511
3606
3719
3751
3753
3679
3492
3179
2788
2534
2425
2329
2126
1728
1137
483
-159
-837
-1378
-1641
-1786
-2040
-2417
-2909
-3520
-3912
-3746
-3916
-5102
-5919
-5968
-6033
-6250
-6393
-6345
-5554
-3601
-1391
-427
-596
-442
95
-104
-817
-563
205
599
952
1402
1468
1060
916
1162
888
318
559
1497
2323
3181
4308
4887
4669
4232
3661
2977
3081
4336
5063
4632
3964
3232
2635
2902
3255
2955
3326
4088
2987
347
-1770
-2773
-2750
-2223
-2381
-2797
-3019
-3821
-4875
-4829
-3884
-3245
-3228
-3936
-5028
-5592
-5476
-5120
-4564
-4075
-4357
-4343
-1457
2784
3225
460
96
1837
1562
187
-2
68
-472
-975
-630
552
1085
658
577
259
-848
20
2871
4395
4877
6019
6130
4629
3911
3991
3701
3627
3860
3118
1615
802
672
563
1020
2076
2238
1407
909
340
-834
-1220
-884
-1485
-2637
-3530
-4209
-3821
-3021
-3414
-3936
-3782
-4220
-4936
-4711
-4304
-4149
-3911
-3992
-4224
-4350
-3769
-224
4987
5307
1070
-230
1908
2371
1434
1140
404
-1222
-2157
-1237
828
2116
1957
1069
-400
-1592
-295
2752
4930
5872
6251
5527
4049
3526
4096
4301
3797
3339
2225
435
-328
150
495
941
1641
956
-474
-397
426
8
-1032
-1591
-2336
-3324
-3794
-3612
-3059
-2740
-3631
-4873
-4859
-4348
-4404
-4370
-4234
-4257
-4005
-3772
-4286
-3780
244
5343
5453
1260
-380
1579
2547
1968
1353
-74
-2101
-3123
-1871
894
2288
1453
552
-335
-1601
-217
3394
5274
5493
5853
5092
3734
4126
4963
4274
3061
2347
1338
220
99
518
424
205
770
866
-91
-222
532
-53
-1701
-2432
-2915
-3551
-3436
-3061
-3136
-3208
-3802
-4748
-4469
-3915
-4326
-4296
-3886
-4265
-4246
-3480
-3666
-2892
1632
6219
4519
400
1612
4452
1466
-1867
129
942
-2392
-3466
-700
1379
1797
1621
1214
217
-749
975
4379
5489
5253
6716
6401
3855
3861
4953
3309
1654
2177
1345
-429
19
916
-192
-468
1074
1064
59
873
1712
150
-1360
-1510
-2141
-3148
-3291
-3042
-3363
-4120
-5024
-5363
-4538
-3784
-4085
-4205
-3828
-4068
-4295
-3515
-3072
-3696
-1856
3779
6959
3245
-414
1311
3486
2530
1097
-336
-2389
-3315
-2193
462
2577
2036
92
-713
-841
343
3946
6284
5543
5036
5770
5447
5117
5698
4925
2486
1093
1055
622
258
436
-153
-825
419
1709
949
251
764
68
-1623
-2215
-2289
-2777
-2997
-3273
-3549
-3342
-3907
-5128
-5241
-5002
-5446
-5279
-4596
-4565
-4124
-3502
-3662
-1565
3979
6126
1616
-1441
962
2947
1841
610
-924
-3276
-4067
-2119
873
1987
667
-904
-1311
-1205
620
3983
5751
5398
5116
5159
4828
5383
6139
4833
2250
1170
1179
842
1017
1334
280
-489
589
1419
1314
1803
2166
1291
-9
-1207
-1644
-1302
-1616
-2608
-2881
-3095
-3939
-4439
-4402
-4262
-4435
-4948
-5199
-4580
-4175
-4027
-3685
-3620
-1224
4440
6759
2323
-569
1624
3107
1934
509
-1495
-3762
-4153
-2356
393
1445
116
-1272
-1677
-1377
1047
4397
5561
5253
5138
5190
5446
6052
6002
4767
2737
1266
1096
1049
894
970
315
-650
233
1906
1959
1641
1908
1235
-243
-759
-519
-615
-1404
-2605
-3210
-3112
-3579
-4221
-4083
-4272
-5171
-5332
-4886
-4538
-4136
-3825
-4346
-3926
379
5956
5677
627
-377
2451
2958
1453
136
-2389
-4695
-4126
-1432
905
720
-1188
-2464
-2492
-1534
1407
4230
4776
4556
4854
4685
4996
6220
5774
3448
1767
1462
1131
765
876
349
-967
-825
843
1443
1115
1720
2057
929
-218
-322
-362
-956
-1768
-2396
-2795
-3133
-3716
-4192
-3878
-3846
-4694
-4901
-4428
-4010
-3657
-3420
-4324
-4060
574
6488
6293
1093
-524
2165
3355
1879
-32
-2472
-4607
-4571
-1953
1019
1104
-1193
-2475
-2224
-1421
1362
4502
5042
4267
4535
4979
5194
6029
5942
3655
1202
964
1311
893
662
-31
-1320
-827
1070
1561
1320
1828
1933
810
-311
-463
7
-213
-1309
-2105
-2335
-2637
-3177
-3589
-3713
-4103
-4740
-4750
-4017
-3518
-3280
-3249
-3769
-1595
4284
7251
3172
-381
1333
3304
2624
1233
-1003
-4132
-5127
-2931
250
1083
-685
-2458
-2792
-2091
241
3242
4229
3863
3873
4332
4908
5749
5668
3734
1368
701
1268
1167
828
390
-1290
-2071
-45
2030
1921
1405
1293
878
438
288
369
112
-1100
-2405
-2460
-1942
-2156
-3022
-3470
-3406
-3738
-4219
-3799
-3037
-2905
-3332
-3749
-4136
-1874
4126
7894
3971
-1060
4
3238
3520
1656
-1226
-4333
-5368
-3680
-182
1763
-99
-2820
-3227
-2264
-238
2855
3999
3170
2938
3956
4851
5427
5381
3568
687
-358
742
1062
437
-307
-1878
-2631
-244
2200
2066
1479
1299
630
-94
31
485
320
-1055
-2376
-2151
-1303
-1529
-2643
-3291
-3533
-4077
-4282
-3454
-2740
-3145
-3292
-3398
-2992
1266
7095
6426
747
-404
2731
3913
2597
717
-2356
-4918
-4170
-908
1399
484
-1970
-3229
-2933
-1291
1762
3610
3147
2754
3475
4252
4823
5291
4376
1878
11
345
984
700
429
-532
-2269
-1438
1746
2719
1507
1016
844
366
618
783
156
-716
-1785
-2213
-1213
-610
-1799
-3186
-3511
-3571
-3673
-3210
-2608
-2617
-3083
-3088
-3251
-1736
3480
7589
4462
-295
515
3364
3715
2322
-371
-3779
-4985
-3150
197
1679
-380
-2988
-3317
-2454
-485
2543
3625
2607
2240
3218
4313
5160
5075
3233
688
-183
848
1235
650
-4
-1384
-2698
-937
2334
2653
807
133
570
708
718
281
-646
-1604
-2401
-2300
-1162
-900
-2450
-3647
-3592
-3478
-3360
-2845
-2601
-2979
-3272
-3056
-3128
-1411
3864
7340
3745
-467
994
3790
3825
1926
-1211
-4183
-4545
-2471
381
1299
-974
-3389
-3339
-2165
-238
2213
3009
2290
2405
3636
4624
5082
4752
3061
702
146
1332
1543
581
-253
-1550
-2263
-83
2472
1741
-26
63
572
346
467
240
-798
-1661
-2289
-2062
-625
-483
-2411
-3485
-3368
-3508
-3251
-2523
-2365
-2703
-2954
-3301
-3142
284
5693
6383
1428
-658
2162
4152
3694
1970
-1503
-4476
-4086
-1197
1608
1357
-1702
-3650
-3015
-1504
782
2795
2568
1607
2389
3988
4631
4813
4296
2140
238
756
1655
1120
508
-475
-2156
-1728
1248
2666
1173
-222
2
558
723
697
-17
-1249
-2063
-2150
-1415
-338
-893
-2859
-3659
-3224
-3172
-2769
-2241
-2691
-3435
-3153
-2863
-2150
1867
6577
5270
205
-98
3262
4703
3579
892
-2764
-4365
-2803
217
1938
339
-2694
-3664
-2445
-620
1475
2468
1717
1104
2330
3982
4454
4258
3442
1341
44
1134
1890
1110
326
-903
-2287
-869
1996
1972
-144
-875
-288
309
708
214
-1091
-2105
-2367
-1997
-1079
-748
-2063
-3496
-3495
-3021
-3014
-2646
-2162
-2655
-3633
-3445
-2965
-1688
2699
6660
4069
-618
216
3678
4896
3773
640
-3225
-4143
-1763
1543
2622
-64
-3155
-3370
-1867
67
1889
1863
891
1246
2875
4273
4738
4176
2594
759
594
1998
2165
988
109
-1271
-2212
-212
2585
1993
-429
-1234
-522
195
310
-407
-1795
-2743
-2784
-2066
-766
-508
-2373
-4064
-3762
-3132
-2826
-2538
-2983
-3688
-3411
-2924
-2722
29
4881
6004
1647
-771
1737
4346
4542
2595
-1156
-3768
-2656
433
2554
1598
-1612
-3389
-2325
-377
1271
2054
1637
1206
2248
3987
4691
4347
3488
2058
1057
1756
2496
1779
984
157
-1100
-850
1065
1821
575
-808
-768
351
680
-147
-940
-1691
-2330
-2120
-1400
-998
-1537
-3049
-3939
-3389
-3033
-3041
-2893
-3121
-3577
-3425
-3335
-2831
709
5348
4983
541
-258
2759
4625
4276
2140
-1667
-3764
-1998
1298
2873
1058
-2176
-3307
-1874
60
1517
1885
1148
868
2199
4051
4521
3915
2982
1612
1086
2260
2570
1333
830
271
-874
-154
1699
1364
-265
-1159
-1090
-370
-284
-1207
-1990
-2363
-2685
-2314
-1472
-1316
-2404
-3870
-4087
-3277
-3172
-3550
-3507
-3387
-3535
-3308
-3360
-2090
2075
5050
2640
-403
732
3237
4284
3413
598
-2457
-2701
-202
2532
2424
-444
-2565
-2186
-697
884
1816
1359
940
1725
3120
3923
4030
3624
2634
1654
1966
2787
2343
1412
1019
283
-154
756
1577
794
-407
-611
-114
83
-552
-1378
-1977
-2283
-2215
-2042
-1813
-1885
-2828
-3599
-3339
-3102
-3296
-3256
-3359
-3617
-3557
-3280
-3415
-2081
1937
4715
2454
-226
1039
3357
4377
3986
1127
-2187
-2225
286
2838
2920
-98
-2653
-2073
-302
1049
1883
1353
501
1385
3309
4116
3953
3579
2657
1747
2180
2899
2371
1843
1542
561
268
1493
2088
963
-392
-802
-448
-229
-771
-1722
-2330
-2196
-1824
-1814
-1783
-2061
-3109
-3892
-3539
-3378
-3547
-3572
-3877
-3992
-3431
-3279
-3380
-1021
2832
3261
81
-522
2122
3764
3752
2593
-290
-2245
-827
1898
3116
1381
-1625
-2541
-1040
542
1310
1210
305
292
1843
3255
3309
2912
2469
1677
1575
2717
2833
1628
1479
1490
609
742
1923
1740
388
-345
-168
98
-175
-1099
-2195
-2643
-2514
-2326
-2062
-2014
-2795
-3735
-3687
-3179
-3285
-3397
-3423
-3589
-3553
-3402
-3535
-3545
-1440
2211
3332
752
-590
1166
3363
4456
3325
55
-1859
-607
2012
3749
2451
-879
-2199
-750
932
1803
1448
-39
-348
1420
3412
3669
2904
2177
1551
1728
2859
3034
2082
1867
1703
1022
1424
2446
1983
612
-269
-182
298
-130
-1407
-2239
-2452
-2319
-1955
-1996
-2303
-2827
-3597
-3664
-3223
-3413
-3765
-3678
-3677
-3721
-3325
-3273
-3191
-1121
2153
2523
140
-168
1869
3507
4050
2800
-17
-1040
732
2958
3693
1872
-941
-1424
218
1502
1822
1234
105
285
2097
3457
3113
2200
1650
1443
1978
2877
2567
1715
1896
1901
1161
1369
2339
1825
453
99
526
478
-181
-1232
-2115
-2308
-2191
-2328
-2421
-2570
-3325
-3883
-3637
-3369
-3633
-4135
-4228
-3864
-3577
-3783
-3794
-3573
-2684
-205
1782
911
-439
421
2193
3290
3001
1070
-562
15
2055
3543
3098
855
-742
-272
1103
2077
1839
306
-504
733
2758
3331
2410
1496
1238
1520
2332
2654
1983
1626
1753
1332
1342
2380
2362
952
236
479
366
13
-529
-1656
-2413
-2317
-2201
-2130
-2262
-3181
-4199
-4152
-3589
-3620
-4155
-4310
-3982
-3672
-3483
-3279
-3347
-2693
-648
773
242
-315
306
1597
2776
2717
1271
340
943
2407
3595
3085
1134
47
701
1941
2616
2036
675
213
1322
2863
3155
2252
1414
1325
1671
2326
2446
2051
1843
1677
1345
1662
2277
2071
1435
965
778
752
561
-92
-885
-1659
-2056
-1896
-1729
-1991
-2789
-3677
-3744
-3116
-3098
-3800
-3957
-3704
-3692
-3466
-3052
-3045
-3183
-2487
-969
102
-102
-423
-9
868
1661
1737
1014
754
1174
1948
2976
3058
1652
791
1412
2146
2422
2062
951
561
1707
2839
2744
2050
1397
1092
1448
2268
2505
1802
1165
1110
1274
1518
1519
1073
707
821
687
163
-168
-633
-1231
-1376
-1419
-1630
-1851
-2348
-3095
-3182
-2769
-2980
-3533
-3574
-3454
-3430
-3213
-2941
-3021
-3291
-3447
-2995
-1728
-833
-1203
-1548
-1185
-587
296
929
638
100
383
1440
2354
2252
1411
1136
1573
2161
2500
2131
1322
1410
2489
3164
2898
2314
1967
1904
2381
3146
2964
2107
1703
1593
1396
1620
1828
1515
1138
901
562
397
441
62
-625
-861
-709
-847
-1224
-1492
-1715
-1894
-2131
-2438
-2475
-2405
-2782
-3100
-2888
-2670
-2797
-3205
-3400
-3281
-2707
-2051
-1820
-2133
-2325
-1816
-982
-252
-180
-635
-612
-9
401
790
1151
1004
791
1093
1430
1535
1859
2185
2359
2700
3077
3115
2914
3145
3625
3745
3450
3185
2772
2408
2407
2449
2405
2143
1659
1308
1265
1233
994
588
266
125
-65
-396
-524
-544
-885
-1503
-2005
-2046
-1824
-2022
-2533
-2778
-2867
-3142
-3328
-3289
-3297
-3299
-3229
-3190
-3230
-3082
-2797
-2501
-2363
-2301
-2126
-1780
-1545
-1583
-1453
-1048
-874
-883
-620
-306
-110
323
1075
1553
1823
2319
2642
2746
3312
4039
4257
4170
4128
3891
3708
3813
3875
3723
3394
2912
2544
2462
2407
2115
1734
1628
1619
1232
697
558
506
123
-484
-967
-1229
-1387
-1640
-1926
-2205
-2524
-2978
-3227
-3158
-3110
-3273
-3484
-3600
-3605
-3437
-3152
-2994
-3035
-3081
-3030
-2767
-2622
-2699
-2722
-2457
-2278
-2277
-2176
-2049
-1787
-1211
-695
-374
23
639
1123
1514
2157
2839
3186
3341
3511
3623
3664
3908
4233
4279
4078
3788
3635
3744
3855
3675
3355
3140
3098
2862
2535
2451
2252
1754
1155
728
439
281
64
-374
-933
-1401
-1778
-1958
-1919
-2022
-2528
-2910
-3007
-2980
-2713
-2487
-2616
-2908
-2985
-2780
-2685
-2744
-2872
-3064
-3083
-2987
-3065
-3231
-3278
-3054
-2579
-2149
-1845
-1540
-1020
-564
-113
505
1006
1251
1430
1696
1945
2173
2493
2775
2896
2853
2795
3004
3291
3457
3338
3190
3306
3404
3179
2969
2991
2942
2664
2326
2013
1637
1348
1178
909
500
52
-434
-625
-550
-577
-928
-1382
-1639
-1582
-1299
-1161
-1359
-1713
-1940
-1948
-1917
-2084
-2360
-2493
-2576
-2768
-2995
-3203
-3300
-3158
-2865
-2779
-2730
-2389
-1999
-1762
-1310
-714
-381
-220
-12
174
386
708
955
1108
1138
1215
1365
1625
1938
2127
2127
2102
2339
2505
2347
2231
2380
2407
2243
2098
1861
1595
1436
1407
1245
928
523
161
107
338
365
-45
-444
-569
-454
-220
-38
-267
-650
-807
-786
-780
-984
-1253
-1404
-1478
-1709
-2092
-2328
-2302
-2094
-1950
-2025
-2101
-1853
-1489
-1329
-1084
-678
-443
-328
-230
-108
37
138
291
411
446
415
349
412
780
1104
1085
1095
1295
1414
1448
1588
1728
1626
1460
1445
1408
1190
926
900
966
733
315
85
129
364
429
183
-148
-258
38
421
484
208
-5
-13
33
-19
-192
-407
-541
-674
-853
-1236
-1491
-1369
-1100
-1077
-1284
-1285
-1091
-889
-634
-334
-182
-102
-45
-69
8
144
228
170
82
116
110
84
118
238
294
279
304
445
563
576
648
739
671
590
547
497
377
215
158
103
-85
-396
-574
-405
-81
22
-172
-395
-294
66
403
494
291
117
202
274
211
76
-41
-109
-237
-476
-803
-978
-838
-615
-616
-706
-630
-468
-309
-49
293
360
187
216
365
414
445
450
299
49
47
230
220
201
258
245
221
316
442
396
357
455
481
365
164
44
1
-143
-329
-431
-484
-672
-957
-1111
-952
-687
-598
-712
-826
-703
-250
156
80
-127
-188
-113
101
156
-55
-311
-428
-418
-437
-580
-698
-563
-356
-299
-215
-43
59
135
414
783
939
944
936
845
941
1173
1180
979
751
653
659
642
703
731
562
521
731
834
753
720
720
687
637
557
401
188
11
-177
-327
-519
-825
-1082
-1166
-1062
-934
-924
-1064
-1187
-1007
-564
-295
-394
-578
-677
-617
-457
-367
-515
-784
-929
-978
-1039
-1117
-1106
-1008
-835
-674
-454
-147
123
254
466
854
1067
1040
913
929
1098
1329
1451
1278
969
867
953
1003
1083
1090
965
1010
1235
1297
1154
1101
1118
1131
1116
946
643
402
201
44
-48
-232
-659
-992
-998
-849
-828
-955
-1235
-1481
-1300
-847
-583
-758
-953
-1081
-1105
-982
-941
-1244
-1562
-1642
-1671
-1724
-1803
-1764
-1639
-1538
-1329
-1002
-749
-600
-426
-73
363
641
695
655
673
859
1119
1245
1152
915
704
769
1106
1389
1339
1085
1020
1213
1481
1586
1494
1347
1269
1307
1311
1225
1029
692
494
487
351
-15
-381
-511
-438
-409
-497
-634
-737
-617
-319
-200
-357
-571
-673
-726
-778
-894
-1116
-1341
-1537
-1663
-1717
-1759
-1735
-1689
-1620
-1497
-1180
-839
-717
-557
-246
98
373
520
508
460
594
886
1004
870
697
578
575
843
1134
1194
1091
1083
1263
1521
1667
1670
1576
1483
1429
1394
1285
1078
779
561
503
392
152
-89
-149
-114
-60
-116
-330
-386
-168
63
50
-123
-288
-355
-320
-336
-520
-850
-1135
-1244
-1358
-1486
-1619
-1722
-1673
-1539
-1429
-1194
-992
-874
-641
-346
-51
44
-14
-91
-18
127
253
298
210
76
-51
28
293
518
496
390
464
704
937
1072
1035
898
880
939
991
945
730
425
298
281
175
13
-149
-217
-144
-102
-161
-270
-252
-43
103
119
113
114
77
45
4
-147
-403
-630
-788
-940
-1099
-1211
-1244
-1259
-1193
-1024
-782
-609
-516
-440
-299
-87
89
70
-32
-43
66
191
196
87
-87
-234
-238
7
291
341
299
323
431
680
913
982
913
794
779
876
951
877
598
306
203
206
80
-62
-114
-51
-21
-43
-4
106
218
267
321
364
336
278
240
71
-105
-216
-277
-378
-576
-742
-886
-943
-869
-818
-769
-640
-521
-360
-145
31
148
211
186
174
219
245
237
142
41
-126
-286
-253
-109
70
123
139
187
291
521
640
658
717
713
667
719
787
664
423
207
93
46
6
-55
-129
-108
-63
-92
-17
143
233
233
274
328
272
212
150
-24
-251
-362
-451
-576
-746
-953
-1043
-962
-864
-822
-743
-651
-590
-451
-236
-70
43
105
127
133
201
207
172
95
-20
-191
-343
-343
-251
-195
-146
-63
22
114
182
295
379
508
503
508
491
461
470
312
163
8
-88
-130
-138
-137
-128
-138
-167
-70
215
298
207
262
300
253
293
329
170
-126
-299
-333
-410
-538
-780
-981
-944
-736
-589
-543
-536
-468
-229
35
234
275
256
252
272
354
345
248
119
-25
-110
-134
-122
-64
-21
-44
-52
15
136
254
343
452
555
645
668
637
538
456
345
212
86
6
-35
-93
-89
-27
-9
-8
168
372
366
323
406
444
358
394
449
275
29
-132
-241
-358
-473
-621
-767
-794
-759
-683
-565
-442
-393
-310
-113
64
195
237
244
262
292
272
177
19
-144
-285
-363
-280
-219
-257
-308
-189
42
209
242
267
322
402
509
519
484
395
294
307
235
68
-2
-58
-90
-67
-41
5
72
215
389
434
492
585
523
425
393
393
270
59
-99
-216
-352
-502
-587
-634
-711
-741
-706
-646
-580
-520
-400
-230
-152
-141
-157
-147
-62
-46
-129
-158
-203
-307
-456
-519
-499
-422
-418
-470
-448
-274
-20
54
65
121
197
286
327
255
172
118
115
150
98
56
3
-14
9
55
104
181
372
505
550
621
730
724
687
728
702
572
418
285
106
-107
-241
-298
-301
-286
-373
-448
-437
-396
-291
-178
-131
-122
-37
20
60
101
97
-7
-124
-131
-222
-375
-494
-493
-515
-514
-476
-466
-352
-193
-84
-41
41
112
168
218
240
153
40
36
22
-32
-65
-88
10
106
108
135
226
395
506
609
735
765
706
678
686
621
538
537
460
256
42
-83
-160
-185
-214
-212
-248
-219
-154
-69
74
153
151
114
149
203
260
202
22
-181
-249
-293
-352
-421
-447
-458
-504
-533
-483
-366
-286
-225
-213
-105
-7
62
60
42
69
555
754
777
502
-130
-897
-1452
-1915
-2027
-1856
-1265
-258
835
1615
2031
1901
1174
753
578
337
50
-164
-537
-539
-586
-399
-169
-8
37
333
624
835
684
86
-555
-1085
-1339
-1132
-606
124
957
1468
1438
804
-46
-1167
-1886
-2048
-1255
-279
924
1514
1662
1139
354
-639
-1401
-1652
-1333
-615
254
974
1031
854
415
73
-271
-422
-481
-343
-206
-138
-85
-51
-7
-15
118
342
519
590
685
690
536
353
258
21
64
-57
4
-86
42
-44
-16
201
125
112
111
32
100
162
155
402
680
674
726
564
300
283
186
-104
-420
-846
-1179
-1180
-907
-687
-179
-96
58
8
-60
-165
-188
-330
-578
-586
-654
-287
-69
-148
82
-107
-309
-193
-421
-470
-320
-192
341
724
819
567
180
169
24
-30
-43
123
107
-149
16
198
127
-57
-178
-42
121
119
260
401
616
552
446
653
837
441
569
404
88
327
194
68
304
202
-150
-228
-477
-346
-171
-161
-118
-168
7
-473
-34
147
-327
77
-115
-52
-327
-346
-491
-568
-711
-534
-273
32
-4
-493
-155
-316
-39
126
248
317
58
169
-170
175
291
13
-331
-284
-549
-438
-2
-466
432
-75
300
345
-104
-263
-315
588
454
1018
1187
740
316
-192
-395
-481
-228
-120
275
624
622
288
101
-223
-461
-124
-848
-599
-214
264
445
758
674
-121
-347
-780
-785
-823
-660
-111
330
524
61
398
-393
-678
-569
-401
-123
88
207
135
511
-123
386
-172
-192
-577
-313
-90
-554
-15
-304
-127
-190
361
354
107
97
34
277
110
811
564
951
386
492
404
270
107
-202
-17
-150
443
219
224
-165
329
99
484
311
-65
417
-234
-24
333
147
48
88
198
180
299
-337
-269
-719
-946
-398
-216
2
549
469
-38
-146
-179
-600
-614
-381
-203
153
75
-15
-93
-419
-663
-687
-551
-682
-308
167
64
640
423
400
-203
-70
-322
-10
370
133
835
965
573
-93
-162
-668
-252
-400
144
325
31
682
-124
445
-129
-99
-25
-440
341
100
298
-264
-285
-53
-360
-210
132
-26
-176
-77
-286
34
-361
203
-320
-43
-270
34
213
-80
128
-747
-138
-807
-467
141
-62
502
157
-52
3
-137
-164
-32
241
-72
239
62
1109
362
331
424
87
-162
154
618
737
834
-132
354
19
123
-209
-678
184
-483
518
90
167
309
-851
161
-584
-165
324
-274
26
-495
-302
-795
-140
-626
-421
-140
-397
238
-181
124
-386
-13
-333
-618
16
153
452
-306
344
-53
-225
-190
-509
43
-235
667
201
674
102
24
338
-423
520
247
903
771
872
601
627
954
-125
514
-307
434
361
-60
727
-30
343
-321
-170
-245
-108
-523
-91
572
178
176
-7
-241
-173
-651
-524
-295
-591
-142
-328
-172
249
-900
-692
-305
-757
-337
-460
43
-346
-301
10
-1023
744
-787
-437
178
-460
10
-537
89
-184
420
475
465
569
-104
272
-55
315
569
465
866
431
760
245
540
451
97
298
433
263
262
270
297
545
240
182
-163
198
164
-29
179
-54
195
-645
51
-233
-363
29
-656
-166
-306
-592
-328
-384
-700
-205
-405
-311
-164
-540
-540
-338
-598
-491
-304
41
-455
294
-103
-819
156
-701
-673
-36
-450
574
80
643
25
15
287
-436
536
37
314
715
571
562
454
52
-77
-53
-32
24
265
758
201
705
302
-128
261
-266
147
35
412
85
127
538
-246
-183
-208
-665
38
-23
155
99
-126
-177
-428
-134
-450
-228
-243
-35
-158
-153
-405
-272
-815
-246
-305
-395
285
-466
50
-49
-20
200
166
38
94
249
75
391
417
319
374
122
522
156
463
335
151
403
-62
490
117
485
196
390
631
-215
482
222
180
283
102
198
-83
504
36
319
239
-189
-114
-253
86
-155
7
-76
22
-198
-163
-351
65
-554
-206
-464
-122
-78
-225
-63
-389
-482
-436
-411
-434
-469
-181
-215
-196
75
-149
-31
-188
-279
-151
155
166
375
21
239
201
-140
57
-96
-150
113
45
280
-176
231
17
-134
78
-125
55
-156
-69
-24
54
142
-222
208
36
-206
91
-246
155
-28
180
-58
-114
-11
-332
-84
24
-49
-5
209
-246
78
-96
45
-261
30
-327
-432
-133
-336
240
164
-83
39
226
-350
43
103
-200
306
42
470
-15
234
119
122
183
-90
423
19
-136
288
3
75
20
-9
-274
11
213
-120
518
160
-39
146
-182
-21
-136
261
-481
-46
-60
-188
406
-238
121
-64
-163
-52
121
183
212
-30
157
-183
-90
-115
104
-142
288
247
335
247
178
-149
-61
-35
130
438
161
27
196
-152
216
160
131
265
213
291
482
299
96
-5
-201
-2
-290
206
-59
170
-104
-19
260
-331
-16
-218
-470
35
-213
-102
-59
-112
-138
-338
-174
-436
208
-573
-253
-90
-476
-127
-500
18
-309
258
-65
-166
236
-244
-130
-435
-82
76
-376
133
-39
278
130
20
-86
-39
101
43
236
167
155
319
-116
400
102
91
339
92
371
109
325
-5
299
-181
-53
131
-144
-141
-81
215
-173
-62
-51
41
188
-239
72
27
-137
-192
-210
-140
-190
-237
-11
-310
-6
-377
-283
-263
-510
-247
-378
121
-352
51
-119
-207
-84
-331
-203
67
-29
-45
-32
182
-187
91
31
150
354
120
302
111
309
418
34
386
155
555
230
72
375
-188
208
111
45
284
138
98
167
203
305
428
100
175
369
-268
247
-139
221
-22
20
-7
-165
363
-358
-56
-236
-263
33
-430
-125
-92
-306
-99
-218
-199
-193
-277
-147
-430
-96
-221
-103
-101
-409
163
-112
3
172
-196
106
-4
-26
303
49
322
104
41
250
-135
384
190
443
223
114
525
-36
352
35
281
289
352
388
84
387
-145
193
261
-72
399
36
54
106
9
38
57
2
-220
-99
-92
-251
4
-263
-206
-200
-345
-151
-264
-233
-276
-68
-291
-144
-312
-475
-323
-312
-282
-271
-253
-275
-254
-245
-159
-250
-92
-269
-49
-43
86
12
-81
127
-95
167
-120
-67
78
69
43
19
-80
-99
21
32
240
55
72
91
54
49
188
25
297
126
78
191
-137
306
-47
136
24
139
108
-105
167
-58
19
108
-69
-105
37
-197
-46
-108
-294
-38
-328
-111
-180
-94
-76
-118
79
41
-118
45
-77
-6
124
148
168
297
73
188
-61
66
31
-102
101
170
285
14
141
25
88
181
345
201
232
98
192
138
217
162
52
315
241
129
338
85
151
11
175
74
268
91
94
84
69
106
57
38
-109
-87
-168
-132
-183
-218
-98
-136
-193
-169
-100
-231
-195
-55
-235
-106
-125
-73
-231
-244
-131
-197
-85
-183
-201
-148
-133
8
-248
-217
-190
-114
-105
-59
26
-110
-15
-18
13
168
68
120
117
162
136
148
160
151
128
107
77
175
92
4
120
59
264
60
191
98
135
97
13
83
-112
-9
10
50
-70
168
-5
30
-89
-141
-87
-133
-46
-98
-101
-66
-52
-128
-71
-199
-198
-119
-231
-158
-152
-26
39
-197
-75
-167
-151
-261
-167
-167
-60
-242
-81
-100
-50
-79
-127
15
-97
185
-9
163
76
-67
-36
-67
89
-88
36
-20
125
108
61
191
13
191
97
147
118
133
114
42
105
25
67
65
-3
29
167
6
154
94
133
-67
-31
113
-1
117
27
122
89
85
28
29
38
1
95
-42
104
-28
-144
-123
-19
-125
-61
149
-107
93
75
11
2
-44
-94
-127
-30
-71
-26
88
-38
99
7
-5
109
19
22
56
67
2
-28
69
-37
-71
12
-43
2
-53
-63
43
50
116
115
135
229
115
283
199
246
223
178
218
104
80
35
26
99
64
145
134
49
-59
-30
19
5
-111
-88
-147
-106
-99
-45
-110
-141
-129
-190
-49
-144
-184
-156
-193
-137
-137
-140
-106
-235
-207
-305
-115
-143
-167
-98
-237
-124
-170
-106
-154
-171
-121
-148
-158
-175
-148
-94
-30
11
90
121
113
81
88
46
61
43
155
185
156
224
117
162
122
97
162
86
75
16
84
52
104
97
90
85
22
88
97
82
55
-1
-18
-40
-41
-79
-88
-43
-93
-101
-109
-144
-110
-123
-113
-123
-132
-104
-167
-120
-162
-141
-285
-187
-171
-85
-76
-12
-13
-72
-43
17
46
1
98
126
146
107
136
121
143
156
125
152
106
98
194
123
236
226
164
187
179
219
221
166
188
155
103
55
124
102
27
58
51
53
82
58
41
37
11
14
45
13
-11
-105
-63
-3
-34
-8
-38
-56
-104
-33
-66
-33
-126
-157
-117
-102
-63
-25
-12
-10
-45
-61
-93
-90
-41
5
-18
-15
21
-51
-2
15
49
88
-6
1
-63
-8
59
0
43
-9
38
10
-75
-27
-46
2
22
33
77
30
-9
-120
-63
-75
-146
-125
-119
-90
-103
-102
-101
-107
-81
-100
-113
-49
-81
-70
-144
-48
-105
-149
-172
-202
-142
-166
-145
-141
-70
-85
1
2
-77
-2
-11
-57
24
31
38
50
52
49
4
2
55
57
76
81
61
103
97
125
149
126
143
101
119
111
88
82
73
90
152
106
153
162
124
107
71
54
36
-16
-3
-46
-23
-21
-37
-32
-59
-60
-131
-53
-111
-125
-107
-150
-82
-31
-28
-70
-81
-133
-144
-50
-32
-3
-13
0
105
63
78
99
99
52
95
35
53
42
65
176
145
196
115
106
66
146
144
158
223
203
186
216
280
262
194
172
154
137
171
149
158
119
60
29
76
103
80
17
-18
-72
-96
-82
-92
-73
-29
-26
33
-90
-146
-136
-224
-220
-262
-231
-204
-230
-228
-209
-165
-176
-164
-156
-131
-149
-79
-140
-129
-141
-157
-147
-143
-65
-116
-94
-49
-50
-66
-28
-36
-31
-34
-65
-55
-15
-45
15
-4
-35
0
-12
-29
-21
-14
-7
55
-10
21
-1
39
-26
17
-14
-66
8
-19
-38
-91
-42
-85
-57
-80
-87
-108
-101
-113
-163
-131
-68
-46
-22
46
46
55
56
94
109
115
104
91
82
31
120
45
66
70
0
63
-24
30
36
64
89
53
43
7
73
-10
66
97
101
112
49
83
37
20
70
97
98
99
95
130
140
174
120
68
92
57
65
28
45
73
101
79
28
61
19
-6
9
-16
28
59
60
124
113
130
163
126
127
81
84
57
52
8
89
110
100
93
61
71
7
-50
-35
-55
-33
-21
-39
-46
-40
-24
-23
-7
-63
-55
-23
-40
-85
6
-16
-46
-35
-64
-88
-131
-167
-111
-79
-84
-132
-162
-98
-110
-82
-98
-143
-122
-122
-94
-94
-61
-118
-110
-142
-137
-151
-151
-149
-177
-106
-109
-77
-72
-46
-65
-27
-46
-7
25
-36
-15
-40
-42
-31
-12
10
-2
9
33
54
5
6
27
22
30
12
-13
-34
-29
13
28
48
29
34
62
1
18
-13
-33
-34
-38
-23
-5
7
-1
33
-1
26
-7
-57
-31
-58
-93
-61
-54
-70
-30
-49
-17
1
14
-7
9
51
71
32
17
14
58
115
137
117
116
124
125
142
166
163
144
145
130
105
131
156
122
118
99
113
111
70
116
107
108
121
44
65
115
104
73
64
39
43
83
93
36
13
-17
32
18
17
12
-14
-18
-82
-38
-59
-53
-40
2
-42
-41
-6
-15
-17
-41
9
-19
-41
-14
-34
-19
40
47
70
11
15
-19
-61
-38
-65
-58
-46
-31
-1
-48
-48
-34
-102
-61
-38
-15
-32
-9
-1
-13
-48
-43
-68
-92
-72
-75
-54
-105
-77
-73
-88
-42
-71
-119
-154
-153
-133
-105
-91
-88
-101
-90
-61
-56
-82
-94
-97
-85
-48
-4
-70
-94
-101
-78
18
33
63
42
52
17
10
61
33
37
43
27
18
34
6
27
43
55
77
5
35
-37
-61
-52
-37
-15
-23
26
-6
-17
-12
-53
-46
-67
-41
-53
-39
-54
-50
-71
-69
-22
-19
1
14
23
11
9
34
34
76
68
54
67
27
18
10
44
81
61
46
26
18
72
98
148
120
148
123
123
125
104
58
102
96
78
131
80
109
92
71
93
97
54
54
41
42
22
-12
27
26
21
-4
-3
-5
-22
-31
-38
-26
-19
-11
-11
9
-17
-24
-16
-3
29
47
27
22
0
-4
-13
23
30
2
-13
-10
8
29
16
11
44
33
68
88
99
56
69
46
20
95
110
95
80
32
22
36
21
13
-14
-19
-20
-20
-43
-74
-105
-130
-105
-87
-89
-66
-67
-100
-97
-99
-94
-97
-109
-108
-108
-133
-118
-144
-172
-141
-146
-144
-151
-172
-160
-180
-179
-176
-142
-109
-123
-110
-121
-138
-103
-99
-45
-53
-27
-16
-13
13
10
14
29
40
32
105
96
92
98
79
92
127
132
123
134
93
74
50
33
45
49
100
101
137
149
132
140
107
90
55
70
60
64
71
62
51
22
-18
-53
-67
-71
-64
-50
-67
-40
-74
-70
-69
-52
-68
-124
-78
-86
-78
-66
-91
-61
-46
-33
-66
-64
-21
-34
-7
-13
-12
-15
4
49
36
56
59
67
63
79
108
92
140
146
144
152
142
135
120
108
91
120
96
136
154
137
124
110
111
144
136
124
107
46
28
8
25
20
0
-42
-25
-30
-51
-35
-37
-25
-70
-75
-52
-91
-88
-125
-140
-122
-141
-150
-139
-137
-146
-133
-128
-111
-97
-100
-82
-72
-90
-72
-58
-22
-2
45
86
58
77
49
32
43
41
77
48
26
11
36
17
0
38
21
8
-4
3
1
-5
-7
-10
-24
-22
-23
-21
-30
-25
-33
-57
-66
-65
-37
-26
-28
-24
-76
-108
-123
-120
-118
-122
-65
-72
-46
-29
-47
-77
-73
-67
-68
-47
-43
-13
-33
-10
22
48
61
52
67
40
12
7
-1
0
22
50
36
44
37
25
26
9
12
18
47
59
58
66
79
81
74
69
64
36
44
48
30
20
23
30
23
40
26
20
16
5
24
23
42
36
46
27
21
14
-9
-6
-9
35
47
63
64
80
83
51
69
84
69
81
76
47
6
-15
2
8
-8
7
17
22
27
59
54
13
27
12
11
11
20
26
49
13
3
16
12
-4
-13
-7
-7
-17
-29
-46
-53
-31
-45
1
14
2
-17
-5
-34
-46
-41
-46
-34
-48
-43
-35
-34
-30
-61
-62
-64
-64
-21
-27
-19
-40
-63
-71
-77
-85
-61
-63
-83
-71
-75
-83
-73
-62
-50
-56
-62
-70
-75
-72
-68
-53
-50
-31
-19
-18
-5
5
26
38
47
55
36
27
20
28
22
16
9
-7
-17
-26
-8
0
6
24
21
37
47
28
25
21
2
-12
4
17
13
-19
-29
-44
-45
-18
-34
-19
-1
-5
-13
-1
-10
-6
5
-3
-6
-19
-17
-18
-27
-27
-31
-43
-47
-26
-9
22
32
43
56
39
54
58
48
70
60
59
58
48
46
42
40
67
83
81
88
72
67
48
60
70
49
69
65
76
70
73
61
41
40
7
9
12
1
11
9
7
4
13
21
35
30
-8
5
-20
-10
4
16
9
-3
8
-2
23
18
26
25
6
20
17
6
13
35
40
40
13
12
11
10
7
4
-6
-23
-27
-26
-8
-10
-16
-16
-24
-22
-34
-55
-67
-78
-65
-72
-61
-60
-75
-87
-96
-77
-63
-54
-35
-38
-48
-63
-69
-81
-52
-68
-78
-68
-66
-48
-73
-49
-34
-28
-23
-24
-24
-27
-8
-13
-12
-27
-22
-8
-4
1
11
10
8
24
20
6
-3
-16
-28
-12
8
10
9
-10
-17
11
23
12
-4
-11
-9
-7
-1
11
2
-17
1
0
-9
4
2
-25
-17
-8
6
-4
-21
-21
-22
-13
7
22
5
20
25
28
63
83
84
61
13
-29
-32
-19
13
43
67
62
61
62
39
44
35
20
16
18
27
45
68
91
96
82
50
22
-8
-35
2
40
77
98
96
90
56
20
19
11
4
14
23
34
52
103
108
77
58
0
-48
-60
-72
-53
-14
29
47
57
73
30
6
0
-26
-28
-45
-24
9
32
33
27
8
-45
-82
-119
-139
-117
-87
-40
18
25
22
-2
-26
-47
-85
-95
-85
-86
-71
-28
-22
-21
-4
-33
-42
-51
-69
-47
-32
-12
18
44
31
28
18
-6
-28
-33
-25
-19
5
25
40
49
33
16
5
-8
-13
-2
10
-3
-6
-18
-34
-43
-47
-47
-50
-57
-64
-71
-80
-84
-86
-64
-56
-60
-46
-43
-48
-40
-34
-28
-29
-19
-25
-36
-30
-29
-26
-31
-12
1
3
2
-10
-3
-3
-15
-1
1
5
16
23
31
34
44
48
52
66
67
79
61
47
43
57
60
56
46
60
56
43
53
42
41
33
36
32
27
37
30
40
56
53
60
47
42
51
69
87
96
92
83
65
57
60
69
84
68
46
46
50
26
24
35
34
42
45
32
20
18
-4
-12
-6
-17
-26
-32
-18
-11
-22
-14
-9
-6
-14
-25
-35
-49
-67
-73
-62
-57
-39
-42
-51
-56
-40
-50
-72
-62
-51
-52
-52
-42
-41
-39
-30
-37
-34
-24
-25
-35
-33
-39
-35
-9
2
8
4
-11
-26
-29
-30
-33
-33
-31
-29
-19
-4
1
-7
-2
-4
-12
-11
-8
-16
-21
-23
-11
-24
-29
-26
-32
-40
-39
-36
-37
-29
-39
-46
-53
-62
-63
-51
-48
-57
-32
-33
-23
-8
-5
10
11
8
-3
-4
4
7
5
18
21
7
6
11
7
-7
-2
-3
0
17
34
33
13
15
17
22
33
37
24
23
41
40
57
77
62
54
45
36
46
38
27
44
45
34
42
36
38
39
32
35
40
36
19
25
26
24
56
30
41
67
40
45
65
48
60
73
20
11
37
9
-26
15
-8
-8
18
-9
11
-5
-18
-17
5
2
2
-13
31
-12
-70
31
23
-33
17
31
-5
-4
0
-9
8
13
-26
2
20
-17
25
-42
13
-7
-38
56
-8
6
12
9
-24
22
15
-29
-27
35
-28
-59
-21
-21
-42
-27
25
-49
-21
-28
-84
-49
-48
-83
-68
-59
-54
-53
-78
-9
-45
-68
9
-113
-30
-29
-96
-41
-19
-58
-44
-49
23
-86
-25
19
-130
14
-20
-41
-68
23
5
-95
102
-32
-65
115
-45
-69
165
-82
5
78
-48
82
64
-39
78
37
-54
61
58
-55
42
41
-94
71
39
-112
90
-8
-94
46
-7
-117
88
37
-14
338
29
-122
85
-10
-200
26
-13
-131
-24
-130
-64
195
88
-51
166
-104
-131
144
21
14
111
94
-21
42
76
-34
85
90
-46
131
164
-76
79
100
-41
141
221
-43
28
97
-71
76
43
12
75
-14
-13
70
39
-2
-5
92
-36
28
-10
-115
50
-22
-25
27
37
26
-41
-41
-36
106
-21
-136
63
26
-221
31
84
-174
23
85
-113
-67
17
-80
71
37
-65
55
31
-52
41
45
-98
38
56
-96
18
17
-58
59
-13
-37
93
-23
-87
82
-47
-82
103
-54
-90
34
-77
-55
20
-69
-28
67
-79
-72
24
-56
-33
-1
0
-47
-32
-43
-110
-61
-28
-109
-61
39
-130
-85
55
-92
-71
129
-69
-89
55
-121
-53
2
-59
11
49
-42
-53
-34
-26
16
-35
23
32
-57
-70
6
-29
-28
97
32
-20
72
5
-30
97
67
-22
31
114
-15
-48
102
8
6
141
38
-10
21
66
43
30
100
57
55
42
-9
15
86
74
-33
101
119
-30
34
47
-36
31
86
13
-6
34
-18
-26
25
31
47
12
2
29
-33
7
47
-48
12
10
-70
6
-16
-70
1
40
-28
-40
13
2
-49
42
63
-13
3
51
-11
-17
7
-28
5
55
-15
12
38
-24
-11
21
-10
32
23
-47
-32
8
-29
29
23
-16
-7
-1
-17
11
-1
-24
-6
-15
-44
-25
-8
-49
-18
-25
-50
-50
-42
-35
-38
-19
-32
-39
-15
-50
-37
-6
-20
-10
25
-16
-10
6
-12
-22
6
-7
-14
-8
5
-22
-27
30
-33
-10
39
0
-6
37
48
18
21
37
-21
0
24
-8
-29
1
-16
-44
-14
15
1
-6
-9
-24
-10
8
-1
-26
-25
-5
6
-2
-2
-31
-37
-6
-25
-15
24
29
0
-13
-28
-29
-19
3
0
-5
30
28
-8
-4
24
14
6
6
24
35
24
27
22
24
19
2
-4
13
-7
-7
20
15
6
2
15
-1
-1
17
24
17
29
12
-26
-23
-7
1
34
59
27
34
33
5
14
7
24
50
26
16
17
2
3
24
22
31
32
11
19
19
-4
19
24
0
-1
9
16
16
22
36
26
7
3
-7
0
2
5
-15
-17
-20
-28
-31
-22
-10
-24
-15
-30
-57
-48
-52
-57
-25
-16
-23
-7
-4
-16
-6
-17
-13
1
-24
-27
3
-28
-33
-21
-30
-15
-7
-7
0
18
10
4
7
-2
-13
-2
-8
2
18
18
23
20
-3
6
9
-2
14
3
-5
-15
0
-11
-2
8
-14
-13
-7
-12
-8
-2
-8
-4
-8
-5
-21
-25
-13
-13
-9
8
-2
-6
-6
-19
-21
-17
-20
-21
-15
-12
-4
-1
12
11
0
18
16
6
2
3
-9
-15
4
4
4
2
-4
-14
-2
9
10
12
5
13
10
11
7
-6
5
3
7
7
4
13
7
7
16
22
11
7
21
17
7
17
22
14
9
8
1
13
4
-7
4
-2
3
14
12
8
0
10
11
-4
11
6
-8
-4
4
-1
4
21
6
5
14
5
2
8
18
11
18
20
1
-5
3
2
6
6
8
12
17
26
17
23
11
3
-2
-8
-4
-1
17
16
11
24
13
0
-4
-2
-7
-7
-2
-11
-12
-24
-25
-17
-12
-7
-4
-1
-16
-10
-5
-17
3
-1
-21
-19
-32
-35
-15
-18
-19
-27
-30
-43
-40
-21
-25
-20
-24
-23
-26
-22
-18
-14
-3
-5
-5
-9
-6
0
-1
13
9
2
6
0
2
13
15
21
14
12
9
5
7
14
18
9
12
-3
-11
-2
-3
-4
4
0
0
-1
-10
-9
-4
-4
-4
-3
-10
-3
3
-5
-1
-1
-6
-8
-9
-5
-7
-4
-9
-12
-7
-7
-7
6
10
15
14
5
6
16
18
12
13
3
4
4
-1
7
23
20
24
31
18
14
13
14
15
24
16
10
6
13
4
-1
-3
-6
-7
-4
-1
-2
5
6
2
5
5
-4
-8
-14
-17
-17
-4
-3
-7
-1
-2
-3
-1
-5
1
-1
10
20
11
24
19
9
12
11
11
17
7
15
16
5
11
16
16
22
23
22
22
20
8
4
9
3
-1
3
5
-2
-6
0
-7
-9
-6
-16
-13
-12
-17
-19
-17
-17
-13
-9
-10
-9
-15
-22
-14
-15
-8
-10
-13
-14
-10
-6
-8
-2
-3
-3
-3
-4
-12
-11
-12
-13
-8
-10
-11
-9
-10
-10
-16
-8
-6
-10
-11
-12
-5
-4
-12
-18
-10
-11
-14
-10
-8
-20
-8
-13
-17
-14
-18
-19
-16
-18
-21
-14
-17
-13
-10
-9
-2
0
-1
8
4
7
2
-3
7
-1
5
20
14
17
16
18
18
17
16
14
10
-1
4
7
3
8
13
4
4
9
10
11
12
7
4
6
7
7
5
6
5
0
-7
1
8
2
9
6
-1
3
-2
3
4
0
7
10
6
11
16
20
26
27
25
15
6
2
4
7
16
24
21
20
21
15
18
15
16
18
13
9
6
-4
3
10
15
18
13
11
5
-2
-5
-5
-12
-16
-11
-7
-7
-1
0
-7
-12
-5
-4
-7
-3
-4
-6
-5
-5
-8
-3
-9
-8
-2
-4
-5
-4
-10
-8
1
-3
-4
2
0
-11
-6
-8
-9
3
-3
-6
-10
-13
-12
-19
-21
-22
-19
-22
-17
-21
-22
-16
-15
-5
0
-6
-13
-10
-13
-21
-20
-16
-14
-11
-8
-8
-11
-7
-8
-5
-4
-11
-15
-9
-13
-9
-2
-5
-6
-3
-6
-3
-4
-2
3
-3
-2
3
2
5
12
12
17
18
13
15
8
11
16
9
9
8
-5
-8
-1
-4
-3
4
5
4
3
1
8
0
1
3
1
5
1
3
3
4
7
15
12
15
22
16
18
17
16
13
6
5
5
3
4
8
5
3
2
0
1
9
14
14
14
14
15
12
8
14
15
15
12
6
1
-2
1
-1
1
2
-1
1
1
2
6
7
8
7
7
1
2
10
4
6
9
5
-2
3
5
4
3
6
7
1
1
3
2
-1
2
-2
-8
-9
-8
-14
-8
-6
-7
-4
-5
-11
-11
-12
-18
-13
-9
-6
-7
-9
-11
-15
-15
-20
-21
-18
-20
-21
-15
-19
-23
-17
-12
-12
-10
-11
-14
-17
-18
-16
-10
-10
-11
-9
-10
-5
-4
-4
3
-6
-11
-2
-6
-3
9
10
0
-1
-6
-7
-1
2
4
6
0
-5
-3
0
2
6
15
14
9
9
9
8
5
4
2
2
1
1
9
5
1
0
0
1
1
-3
-3
0
0
6
8
7
8
10
10
6
4
5
10
12
9
11
14
9
11
13
14
9
13
16
10
9
7
2
-3
-2
0
2
5
6
4
4
4
3
7
8
10
10
3
0
0
-2
7
8
6
7
6
4
1
2
2
3
7
3
3
5
1
0
5
9
12
13
10
6
5
0
-1
0
-2
-2
0
-6
-4
-2
-5
-6
-5
-2
-4
-4
-8
-16
-14
-19
-21
-14
-12
-13
-11
-10
-12
-11
-10
-9
-9
-8
-6
-5
-2
-4
-5
-5
-12
-12
-16
-14
-8
-9
-11
-8
-7
-12
-10
-5
-5
-5
4
3
10
7
2
2
3
0
1
5
4
10
7
5
4
8
4
2
1
1
-4
-3
0
-2
-1
-6
-4
-6
-2
-2
-5
-8
-6
-2
5
6
2
4
2
-1
-6
-4
-2
-1
0
1
-1
1
2
-4
-2
-2
-5
6
4
3
8
5
4
4
2
4
7
7
4
8
5
3
4
6
7
6
8
0
-7
-7
-5
0
2
1
-3
-1
-3
-1
5
3
4
3
-2
0
-1
-2
4
5
4
0
2
2
-2
-1
0
6
6
6
9
7
2
5
2
3
6
4
5
7
6
7
12
12
7
6
8
6
6
8
6
7
3
2
3
2
4
4
7
6
5
3
-4
-7
-5
-8
-3
-2
1
3
0
-3
-2
-6
-6
-5
-5
-7
-8
-6
-6
-5
-5
-6
-4
-4
-3
2
-1
-5
-5
-4
-5
-2
0
-2
-3
0
0
-2
-3
-4
-6
-10
-9
-9
-7
-6
-4
0
-1
2
-5
-3
-2
-7
-10
-13
-11
-10
-9
-12
-8
-9
-16
-16
-10
-8
-10
-7
-6
-9
-9
-7
-2
1
1
1
-3
-5
-4
-3
1
3
1
3
3
0
2
2
1
4
8
9
8
7
1
2
8
9
10
5
1
2
-1
0
4
2
4
4
5
7
7
9
4
4
6
5
6
9
7
10
14
13
12
9
7
9
6
8
8
6
7
5
6
7
4
2
6
2
3
9
6
6
6
1
0
1
-1
-2
-2
1
5
5
1
-1
-4
-7
-5
-5
-2
-2
-1
2
2
1
-4
-4
-6
-5
-3
-3
-2
-2
-1
0
1
-2
-2
2
2
2
3
0
1
1
-1
2
1
3
1
0
1
0
-2
-6
-4
-2
1
4
1
-1
-1
-1
-4
-3
-1
-4
-4
-1
-3
-3
0
-3
-3
-3
-6
-4
-8
-11
-10
-8
-6
-7
-6
-9
-9
-7
-4
-3
-5
-7
-6
-4
-7
-3
-2
-5
-4
-5
-6
-2
-3
-1
1
-1
-6
-8
-8
-6
-4
0
3
2
2
3
4
4
-1
-1
-1
-4
-4
-2
-4
-4
-2
-1
2
6
8
6
3
2
2
2
5
8
10
10
5
6
8
5
4
4
3
0
0
5
4
0
0
1
0
2
3
4
7
5
0
-2
-2
-2
-3
-1
-2
-6
-3
-7
-7
-4
-3
-2
0
-3
0
-2
2
2
1
3
5
5
6
7
6
6
5
6
8
10
6
5
6
6
8
7
8
6
6
7
8
8
5
3
4
7
7
6
5
5
3
4
9
10
8
4
3
3
1
-1
1
0
-1
-1
2
0
-2
-5
-7
-7
-10
-7
-8
-10
-7
-6
-6
-6
-5
-5
0
2
2
0
-6
-6
-4
-5
-5
-5
1
-1
-3
0
0
-1
-2
1
2
-1
-6
-7
-10
-9
-5
-5
-6
-4
-5
-5
-2
-3
-3
-5
-4
0
-2
0
0
-4
-8
-10
-11
-12
-14
-10
-6
-8
-9
-9
-11
-12
-14
-10
-10
-12
-12
-12
-12
-6
-5
-5
-1
-2
-2
-2
2
4
5
5
4
5
6
6
6
9
7
7
5
4
3
4
6
10
11
12
12
12
8
6
8
11
9
10
11
11
9
9
8
7
5
1
-1
2
3
6
8
11
13
11
9
4
3
2
2
4
2
1
0
3
1
2
3
2
5
6
10
9
7
3
3
3
1
0
3
6
6
4
4
3
1
2
1
3
0
-1
1
-1
4
1
0
2
3
-3
-6
-1
-6
-5
-3
-7
-8
-10
-13
-11
-9
-8
-3
-7
-6
-7
-10
-10
-14
-15
-14
-11
-9
-2
-4
-5
-4
-3
-4
-6
-5
-4
-5
-5
-2
-4
-3
-1
-5
-2
1
2
5
2
0
-2
-3
-4
-4
-4
-1
1
-1
-1
0
0
1
2
-1
-1
-4
-3
-3
0
3
0
-1
-1
-1
-3
-1
-2
-3
-4
-6
-4
-2
-3
-3
-4
-5
-1
0
1
3
2
4
4
4
4
5
6
4
2
5
1
-2
-2
0
-1
-2
1
0
-1
0
0
1
0
2
5
4
3
3
1
-1
-3
0
2
0
2
3
4
4
6
7
8
9
9
10
9
9
9
7
4
5
4
2
0
4
7
9
11
8
8
6
7
7
7
5
7
5
4
6
6
6
3
4
4
2
1
0
0
-2
-1
-1
-1
-3
-8
-7
-10
-10
-9
-11
-10
-8
-9
-6
-5
-9
-7
-6
-8
-2
-2
-4
-5
0
-1
-5
-3
-5
-7
-4
-3
-6
-4
-4
-3
0
4
6
6
3
1
0
-2
-2
1
0
2
1
0
-3
-5
-5
-4
-2
-1
-4
-4
-3
-5
-1
2
2
3
2
0
2
-2
-3
-4
-2
0
-2
-4
-7
-3
0
2
4
2
-1
-1
-5
-4
-2
-3
-5
-5
-5
-2
-3
-2
-6
-9
-8
-6
-3
-2
0
-1
0
2
4
1
0
-1
-2
-2
-3
-2
-1
1
2
2
3
2
3
4
5
7
7
7
2
1
2
2
0
3
2
2
1
3
8
8
9
9
10
9
6
9
9
8
7
8
5
5
1
-1
-1
-4
0
3
1
2
2
3
4
3
3
6
5
2
1
-2
-6
-5
-5
-3
-1
-4
-4
-2
0
5
6
2
1
-1
-1
-1
2
0
0
0
-1
-3
-1
3
0
2
4
1
2
5
7
7
6
5
6
5
3
2
2
1
0
0
0
-1
1
0
-2
-2
-1
-1
-2
2
2
-1
-1
-1
-3
-3
-2
-2
-4
-7
-6
-7
-6
-8
-9
-9
-8
-12
-11
-8
-8
-8
-8
-7
-9
-8
-7
-8
-6
-6
-4
-4
-4
-4
-6
-8
-9
-10
-10
-10
-7
-6
-5
-3
-1
-3
-2
-2
-1
-6
-6
-2
-3
-2
-1
2
2
2
1
1
3
3
5
4
6
5
6
3
4
7
5
6
7
6
6
6
7
6
7
8
5
6
9
8
5
4
3
4
3
6
7
5
5
7
5
5
5
3
4
3
2
2
3
2
2
1
1
2
1
1
3
4
5
2
1
-1
2
1
1
1
-1
-3
-3
-2
1
2
3
2
4
2
2
1
0
1
-1
1
3
2
2
2
2
1
0
2
3
4
2
4
1
0
-1
-2
-4
-3
-4
-4
-2
-1
0
1
2
-1
-3
-3
-1
-1
0
-2
-3
-2
-3
0
-1
-1
-1
-2
0
-1
-1
1
2
1
0
-2
-6
-6
-7
-8
-6
-4
-4
-3
-2
0
1
2
-3
-5
-8
-11
-8
-9
-6
-4
-4
-2
-3
-4
-7
-9
-10
-7
-6
-4
-4
-7
-6
-4
-6
-7
-6
-7
-6
-6
-3
2
1
2
-2
-1
0
-3
0
1
-1
-1
2
0
0
4
5
4
5
5
2
0
-3
-2
-1
0
-3
2
0
1
3
1
3
1
2
2
4
3
3
3
1
2
1
3
4
6
5
5
5
4
1
0
2
2
2
1
1
1
3
5
9
9
9
9
5
8
11
11
10
10
8
7
6
6
8
6
6
7
8
5
2
3
3
3
3
1
0
1
0
3
1
0
0
-2
-3
-3
-2
-1
-1
-1
2
3
0
1
0
2
1
1
0
0
2
4
3
2
-2
-4
-4
-3
1
3
2
-1
0
-3
-3
-1
-3
-2
-3
-3
-1
-1
-1
0
0
-2
-2
-3
-4
-6
-8
-8
-9
-8
-8
-8
-8
-9
-11
-10
-8
-7
-5
-4
-4
-5
-4
-4
-4
-6
-4
-8
-6
-5
-5
-1
-1
-2
-4
-4
-4
-3
-2
-1
-3
-1
-1
0
3
1
-2
-4
-3
-4
-3
-1
-2
-2
-1
-1
1
1
0
0
-2
-5
-5
-5
-4
-3
-2
-2
0
-2
-4
-4
-6
-5
-2
-4
-2
-1
1
1
1
3
2
2
1
5
6
7
5
5
4
3
5
8
7
8
7
8
7
6
9
6
4
6
5
7
7
7
11
12
9
7
8
6
6
6
7
6
7
4
1
3
7
4
5
4
4
6
9
11
10
8
5
4
4
7
5
7
8
8
9
8
9
8
9
9
7
5
2
1
1
1
1
1
-1
1
0
-3
-3
-5
-6
-8
-8
-7
-8
-6
-7
-10
-9
-10
-8
-7
-6
-7
-9
-13
-12
-11
-11
-13
-13
-10
-9
-10
-9
-9
-11
-13
-12
-11
-9
-9
-6
-5
-6
-5
-2
-1
-3
-5
-5
-5
-7
-6
-3
-3
-4
-5
-6
-6
-5
-7
-5
-5
-5
-5
-5
-4
-5
-5
-4
-1
1
-2
0
-2
-4
-3
-2
0
-3
-3
-2
1
0
0
0
-1
-1
-1
1
1
2
2
3
1
2
5
3
2
4
4
7
6
3
5
6
7
4
3
6
6
9
11
9
6
3
2
3
4
6
8
9
9
8
8
10
9
11
11
13
11
11
10
9
11
12
10
8
10
10
10
10
12
11
12
13
12
12
10
9
12
8
6
5
3
5
5
4
4
5
3
4
3
2
2
1
0
-4
-6
-6
-6
-5
-3
-3
-8
-10
-11
-10
-10
-9
-7
-11
-13
-12
-13
-12
-8
-7
-9
-11
-9
-13
-11
-8
-6
-6
-5
-6
-8
-8
-6
-6
-8
-7
-6
-6
-5
-2
-1
-2
-3
-2
-1
-2
2
-3
-3
-2
-6
-6
-5
-7
-9
-7
-7
-6
-4
-5
-4
-6
-8
-9
-7
-11
-10
-4
-2
-3
-4
-3
-6
-8
-6
-5
-2
-3
-4
-6
-5
-6
-3
-3
-2
-1
-2
0
3
3
1
1
1
0
1
4
5
6
7
7
5
4
6
7
6
5
6
6
8
7
10
12
10
6
4
6
5
7
9
10
10
9
8
8
7
6
9
9
10
11
8
8
9
10
10
9
7
10
7
6
6
4
3
1
2
2
2
2
1
2
1
2
4
3
4
0
0
-1
-2
1
2
0
1
3
0
0
0
0
1
0
-1
-2
-2
-3
-3
-2
-1
1
2
2
1
1
0
0
-1
0
1
3
4
5
4
5
4
5
5
-1
-3
-3
-6
-5
-5
-6
-6
-4
-5
-4
-5
-7
-8
-7
-6
-9
-9
-7
-10
-10
-9
-10
-8
-10
-10
-12
-12
-11
-9
-10
-10
-9
-13
-10
-10
-9
-7
-6
-4
-4
-6
-5
-7
-8
-7
-7
-4
-4
-2
-2
-2
-3
-1
-2
-1
-1
-4
-6
-8
-9
-8
-5
-3
-2
-1
-1
-2
-4
-4
-5
-6
-2
-4
-2
0
-1
0
1
0
-1
-1
1
2
1
3
3
4
6
8
7
7
7
3
3
3
6
6
9
12
13
15
15
13
15
14
15
16
14
16
17
13
17
15
10
9
12
12
11
11
12
9
8
7
8
6
4
7
7
6
7
6
4
4
3
4
2
2
1
-2
1
2
4
7
6
4
5
3
1
1
2
1
3
3
3
3
4
4
4
4
4
4
2
0
1
0
-1
-4
-3
0
1
2
2
-1
-5
-7
-9
-9
-8
-7
-7
-9
-7
-8
-13
-13
-15
-17
-17
-20
-18
-18
-19
-18
-16
-17
-14
-11
-12
-14
-12
-13
-16
-14
-12
-12
-13
-12
-11
-9
-9
-7
-5
-7
-7
-7
-9
-5
-6
-6
-2
-1
-1
1
3
3
1
1
1
-2
0
2
0
0
1
1
1
0
-1
-2
-2
0
0
-2
-1
-2
-5
-5
0
0
0
0
-2
-2
1
3
6
6
5
6
5
5
5
5
7
7
8
8
9
9
11
13
14
13
12
11
10
13
11
8
7
7
8
7
11
12
11
9
11
11
11
11
10
10
9
9
9
8
12
8
11
10
10
9
8
6
5
5
3
5
2
3
4
3
1
2
2
3
5
6
6
5
2
2
3
1
1
3
4
3
4
3
4
0
-1
-3
-5
-6
-6
-9
-7
-7
-7
-8
-9
-12
-12
-11
-11
-6
-6
-7
-8
-9
-7
-7
-7
-8
-11
-10
-12
-13
-12
-13
-14
-12
-11
-12
-12
-12
-14
-12
-9
-7
-9
-8
-8
-10
-8
-7
-7
-6
-5
-6
-6
-4
-4
-5
-2
-3
-2
-3
-1
-4
-4
-3
-4
-3
0
1
-2
1
1
1
2
1
2
4
3
4
5
1
2
1
0
2
4
4
3
4
4
3
4
5
5
4
4
6
4
3
4
3
3
7
6
6
4
2
2
1
1
4
3
2
5
5
5
5
5
4
4
4
5
3
4
3
3
4
7
5
4
6
6
5
4
4
3
3
6
5
4
4
4
3
6
8
5
4
6
5
4
6
6
6
5
5
5
2
3
3
3
6
7
4
2
0
-3
-1
1
4
0
-2
0
-1
-2
-2
-3
-2
-5
-5
-3
-2
0
0
0
-1
-2
-3
-4
-5
-4
-5
-3
-5
-6
-4
-2
0
0
-1
-1
-2
0
0
1
0
0
-1
-3
-3
-5
-3
-5
-8
-7
-7
-9
-4
0
-2
-4
-6
-7
-7
-6
-4
-3
-1
-5
-6
-5
-8
-9
-7
-7
-4
-3
-4
-4
-5
-5
-5
-6
-7
-4
-6
-4
-4
-4
-3
-3
-1
-1
-1
1
0
-2
-3
-1
-1
1
2
4
0
-1
-2
-3
-1
0
-2
-4
-3
-2
-3
-6
-4
-2
-3
-2
-1
0
-2
-5
-4
-3
-4
-3
0
2
0
2
1
3
4
3
3
3
0
0
2
2
5
7
7
6
7
8
8
8
7
10
11
10
11
11
13
14
13
13
13
12
11
11
11
12
11
11
13
13
11
10
8
8
7
9
9
9
7
7
5
3
1
1
3
2
3
5
3
3
1
0
-2
-3
-1
-2
-3
-4
-3
-4
-5
-5
-5
-6
-8
-7
-4
-6
-6
-5
-8
-8
-8
-8
-7
-4
-4
-5
-6
-5
-5
-3
-3
-4
-4
-3
-7
-9
-8
-9
-11
-12
-11
-8
-7
-6
-5
-5
-5
-6
-7
-7
-7
-6
-6
-6
-3
-3
-4
-4
-4
-3
-3
-4
-2
0
1
3
1
0
0
-3
-3
-2
-1
-2
-1
-4
-3
-3
-4
-3
-3
-4
-3
-3
-2
-3
-1
-3
-5
-3
-3
-7
-6
-4
-6
-6
-6
-4
-3
-1
0
2
3
2
1
1
0
2
2
2
8
9
9
8
7
5
6
8
7
9
10
9
11
9
10
13
13
12
14
13
12
11
11
11
10
8
8
9
8
9
8
5
3
3
3
2
2
1
0
0
3
4
2
3
2
0
0
0
2
0
-1
-1
-2
-4
-3
1
1
2
0
-1
-1
-5
-4
0
1
2
3
3
1
4
5
2
2
4
3
-2
0
0
-1
1
0
2
1
-1
-2
-5
-6
-6
-8
-8
-9
-9
-7
-6
-6
-5
-6
-4
-2
-4
-7
-9
-11
-11
-11
-9
-7
-6
-6
-6
-10
-10
-7
-5
-5
-5
-1
-4
-6
-6
-4
-6
-7
-5
-5
-6
-5
-5
-2
-3
-5
-3
-4
-5
-4
-3
-1
0
-2
-1
0
-1
1
2
3
2
3
3
0
-1
1
1
2
3
3
4
3
2
2
2
0
0
2
2
2
2
2
3
4
5
5
6
5
4
4
3
5
6
6
5
5
3
5
2
1
1
1
3
4
4
8
7
4
5
3
2
4
2
4
7
4
2
2
-1
0
4
3
3
3
5
6
5
7
7
4
2
0
0
0
1
1
1
3
3
4
1
1
2
-2
-3
1
-2
-3
-1
1
-1
-1
1
1
1
1
1
2
1
1
1
-1
0
1
0
1
2
3
-1
1
4
1
3
3
1
1
1
2
4
4
5
2
2
2
3
4
3
1
0
0
-1
-5
-6
-7
-8
-3
-4
-6
-7
-7
-8
-7
-8
-8
-10
-12
-13
-15
-12
-10
-11
-11
-8
-7
-8
-8
-6
-7
-7
-7
-8
-8
-7
-6
-6
-7
-6
-6
-5
-4
-2
-3
-4
-5
-5
-4
-4
2
2
1
2
3
3
3
6
4
1
-2
-2
-2
-2
2
0
-1
-2
2
2
2
0
0
0
0
1
4
1
-1
0
1
2
5
8
6
4
4
0
1
1
1
2
5
5
5
6
3
5
5
3
3
6
5
5
6
5
6
6
7
8
9
11
11
9
7
9
9
8
8
6
5
4
9
9
10
11
8
6
3
8
5
3
4
6
5
6
7
5
1
-1
0
0
1
0
0
0
0
2
1
0
0
0
-3
-2
-2
-3
-3
-3
-2
-4
-3
-3
-5
-5
-1
-1
0
1
-3
-2
-1
-4
-5
-6
-6
-7
-9
-7
-6
-5
-5
-4
-3
-5
-7
-5
-7
-8
-7
-9
-10
-11
-9
-7
-7
-7
-5
-6
-8
-6
-8
-11
-9
-8
-7
-6
-6
-6
-6
-4
-5
-8
-7
-5
-7
-7
-8
-6
-8
-8
-5
-4
-2
-1
-2
-1
1
0
1
2
4
2
3
3
5
5
5
4
1
2
5
7
6
6
6
4
3
3
5
5
5
8
6
6
5
5
5
6
6
5
5
6
7
5
6
6
4
4
3
5
2
1
0
0
1
0
0
2
0
3
4
3
2
1
1
2
3
2
1
1
1
2
1
2
2
0
3
5
4
3
1
2
2
2
4
6
6
5
3
4
5
4
5
7
3
1
5
3
5
7
7
8
7
7
7
6
4
4
4
2
1
0
-1
-3
-5
-3
-2
-3
-1
0
-3
-3
-1
-4
-4
-3
-6
-8
-5
-4
-5
-6
-7
-6
-5
-5
-6
-10
-10
-10
-9
-6
-6
-7
-6
-6
-6
-6
-6
-8
-6
-8
-7
-7
-7
-6
-7
-4
-3
-5
-7
-4
-3
-3
-3
-3
-2
-5
-9
-7
-6
-6
-4
0
-3
-5
-3
-4
-5
-5
-6
-4
-3
-3
-3
0
0
-2
-2
-4
-5
-4
-4
0
1
-1
3
3
0
1
-1
3
4
4
2
3
2
2
2
5
5
4
4
4
4
7
8
10
9
5
7
5
5
7
7
8
8
7
8
7
7
8
9
9
7
8
6
5
5
6
7
10
9
7
10
10
7
9
9
6
7
7
9
9
8
6
3
5
6
4
4
4
2
4
4
4
2
-1
-2
1
0
1
3
1
1
-2
-6
-7
-8
-7
-5
-5
-5
-7
-6
-6
-4
-5
-5
-5
-6
-3
-1
-2
-2
-4
-4
-3
-2
-2
-1
0
-3
-3
-3
-5
-4
-1
-3
-2
-1
-2
-1
-3
-5
-4
-5
-7
-7
-7
-10
-8
-5
-7
-6
-8
-11
-13
-13
-12
-10
-10
-10
-8
-8
-8
-6
-4
-6
-9
-9
-8
-9
-11
-11
-13
-11
-10
-8
-5
-4
-3
-3
-4
-4
-4
-3
-4
-3
-2
-1
-2
-1
2
7
8
7
8
5
7
7
8
11
9
8
10
8
8
9
8
9
11
11
9
11
11
8
7
10
7
6
7
7
8
6
5
8
8
9
11
10
10
9
8
5
7
7
5
4
7
6
6
8
9
7
8
7
3
4
3
2
2
2
1
3
5
3
3
5
3
0
0
-2
-3
-4
0
2
0
-2
-4
-6
-8
-6
-1
-2
-2
-3
-6
-7
-7
-6
-4
-2
-3
-3
-2
-1
-3
-4
-4
-5
-5
-4
-5
-3
-4
-3
-5
-5
-6
-7
-6
-6
-6
-3
-4
-5
-7
-6
-8
-7
-6
-5
-3
-3
-3
-3
-4
-4
-5
-6
-6
-7
-5
-5
-7
-6
-3
-3
-3
-4
-3
-2
-3
-2
-4
-4
-4
-5
-4
-3
-3
-2
0
2
2
1
1
-1
-2
0
2
2
1
2
-1
-3
-1
1
3
0
0
1
0
1
0
0
0
0
6
4
4
2
2
2
0
4
4
2
6
7
3
4
3
4
7
6
5
7
2
1
6
4
5
6
6
8
6
6
5
3
5
7
7
10
7
4
3
3
4
6
8
8
5
7
4
4
7
7
6
4
3
2
1
-1
1
-3
-4
-1
-1
-1
0
1
1
3
3
-1
0
2
-3
-2
-2
-4
-2
-1
-3
0
-1
-3
-2
-2
-2
-2
-1
-1
-1
-5
-4
-3
-2
-1
1
1
-1
-1
-2
0
-2
-4
-3
-4
-5
-2
-3
-4
-4
-4
-1
-1
-1
-1
-2
-2
-4
-3
-2
-3
-4
-3
-2
-2
-4
-4
-5
-5
-6
-5
-5
-5
-5
-6
-7
-6
-6
-5
-4
-4
-5
-6
-3
-5
-3
-2
-3
-2
-1
-2
0
-2
-3
-3
-2
-2
-2
-1
-2
-2
-2
-1
1
2
2
4
3
3
3
3
3
1
0
0
-2
-4
-4
-1
0
0
0
1
0
-1
0
2
5
4
2
3
5
1
4
5
3
4
3
2
1
1
1
1
1
4
4
6
5
4
1
1
2
5
5
5
5
7
8
8
7
7
5
4
5
3
3
4
5
5
8
9
6
7
6
2
6
6
3
6
4
0
2
0
-1
0
2
2
1
0
0
1
2
2
0
0
-1
-4
-2
-2
-5
-3
-1
0
-1
-2
-1
-3
-2
-2
-5
-6
-4
-6
-6
-5
-2
-1
-3
-2
0
-2
-2
-2
-1
-1
0
1
-3
-3
-2
-1
-1
-2
-1
0
-1
-1
-2
-3
-2
-2
0
-3
-2
-2
-4
-2
-1
-3
-4
-5
-8
-9
-5
-5
-6
-3
-5
-5
-3
-3
-2
-2
-5
-7
-7
-6
-7
-6
-5
-3
-2
-2
-3
-4
-3
-3
-3
-5
-5
-4
-4
-3
-1
0
-1
-1
1
-1
0
1
2
5
5
4
6
4
6
6
8
7
5
5
4
3
3
4
4
6
6
5
6
8
8
8
7
5
1
1
0
-1
1
2
1
2
2
1
4
3
1
1
2
-2
-1
0
-2
-2
0
-1
-1
1
-1
-1
0
-1
2
1
-1
1
2
1
1
3
1
1
4
4
3
3
2
2
4
5
4
6
6
6
6
5
5
3
3
5
2
1
4
3
1
2
1
1
1
-1
0
1
1
-1
0
0
2
-1
-3
-1
-3
-3
-4
-4
-1
-3
-3
-4
-5
-6
-8
-4
-3
-3
0
0
-4
-4
-4
-5
-5
-7
-5
-5
-5
-5
-5
-5
-7
-5
-3
-3
-5
-4
-1
0
-2
-2
-1
-3
-4
-2
-1
-3
-2
-3
-5
-4
-3
-3
-3
-2
0
-2
-2
-2
-1
-2
-2
0
0
1
2
3
2
4
0
-3
-3
-3
-2
0
0
-1
-1
-1
0
1
2
2
1
0
0
1
2
1
1
-1
-4
-3
-4
-4
-3
-1
-2
0
2
3
2
2
2
2
3
3
3
5
5
3
2
2
3
4
5
7
5
5
4
3
5
5
7
5
4
8
11
10
11
11
8
7
3
3
6
6
3
4
4
2
0
1
3
-1
-1
-2
1
0
-1
0
-1
0
-1
1
1
0
-2
-1
-2
-3
-4
-1
-1
-3
-1
0
0
1
2
0
1
1
-1
0
2
-3
-3
-2
-3
0
-1
-1
-1
-3
-4
-4
0
-2
-2
1
0
0
0
-2
-4
-5
-8
-5
-5
-6
-2
0
-4
-5
-5
-6
-8
-8
-8
-8
-7
-6
-4
-4
-2
-2
-2
-5
-6
-4
-1
-2
-3
-1
-3
-2
-1
3
6
4
4
1
2
2
0
0
1
1
1
2
3
1
4
2
2
3
0
-2
0
-3
-4
-2
-2
-3
-2
-1
-1
1
0
-1
0
1
-1
-1
-1
-2
-4
-4
-2
-2
-1
1
3
1
-1
1
2
1
4
3
3
4
2
2
1
2
3
3
2
4
8
8
7
10
9
7
7
5
6
7
5
2
3
4
3
1
3
4
0
2
3
4
2
2
3
2
-2
0
-1
-1
-2
-3
-3
-1
0
-2
-2
-3
0
0
-3
-2
0
-2
-1
1
-2
-2
1
1
1
1
1
1
1
1
4
1
1
2
1
1
0
1
3
0
-1
2
3
0
0
-1
-1
0
0
-2
-3
-1
-1
-2
0
0
-4
-5
-4
-4
-6
-5
-5
-7
-6
-5
-5
-7
-6
-4
-4
-7
-1
-1
-5
-3
-2
-4
-2
-2
-4
0
0
-1
-3
-2
-1
-1
0
0
0
-1
0
0
-3
-2
1
-2
-3
-1
-3
-3
-4
-2
1
0
1
2
0
-3
-2
-1
-1
2
2
1
1
1
1
4
6
2
2
5
1
-1
2
3
1
1
2
1
1
5
4
4
2
0
1
3
3
3
4
3
3
3
3
3
2
-1
0
-1
0
1
2
2
1
0
-3
-1
-1
0
0
0
-2
0
1
-1
1
0
-1
1
0
-1
1
0
1
4
4
3
3
2
2
3
2
3
3
3
6
6
3
3
3
2
3
6
4
4
4
2
1
3
3
2
2
0
0
1
0
-1
-2
-3
-2
-2
-5
-4
-5
-6
-6
-5
-4
-2
-2
0
-2
-3
-3
-6
-5
-5
-3
0
1
-3
-2
-2
-2
-3
-1
-2
-2
1
0
-1
1
2
1
2
0
-1
1
-2
0
-1
-3
-3
-2
-4
-3
-2
-2
-2
-3
-2
-1
-1
-2
-5
-5
-6
-6
-7
-7
-4
-2
-6
-7
-3
-3
-4
-3
-3
-2
-2
0
0
0
1
0
-2
-1
4
3
2
5
6
5
2
0
0
2
4
2
3
2
1
1
3
3
0
3
1
0
0
0
0
0
0
0
-1
-1
-1
0
2
0
0
0
-1
1
-1
-1
0
-2
-3
0
3
2
3
1
-1
1
2
2
5
6
2
2
3
4
3
4
4
3
1
2
4
3
1
4
5
3
4
2
2
2
2
2
2
4
3
1
2
1
1
3
1
1
1
1
2
1
0
1
1
-1
3
6
1
1
2
2
0
2
4
3
1
0
0
1
0
1
4
5
5
4
6
3
2
0
-2
-2
-4
-5
-5
-5
-4
-2
-3
-5
-3
-3
-6
-6
-5
-7
-8
-7
-6
-4
-7
-6
-6
-6
-5
-5
-6
-5
-4
-4
-2
-1
-1
-2
-1
-2
-2
-1
-3
-4
-3
-3
-4
-3
-1
-3
-2
-1
0
1
2
0
0
-2
-3
-1
-2
-4
-3
-4
-2
-2
-3
-3
-2
-1
-2
-5
-3
-7
-5
-4
-5
-5
-4
-4
-4
-2
-3
0
0
0
2
2
2
0
2
2
3
5
3
3
3
3
5
6
3
4
6
7
5
5
6
7
6
5
5
5
5
3
5
5
5
4
4
3
4
5
5
4
5
3
4
5
4
6
7
6
5
3
4
5
4
5
7
6
7
5
4
3
5
3
4
5
7
8
7
7
6
8
6
5
7
7
4
4
2
2
2
0
0
1
1
-3
-3
-5
-4
-2
-4
-5
-6
-8
-8
-9
-9
-8
-7
-11
-9
-7
-7
-9
-8
-7
-10
-11
-10
-8
-9
-5
-4
-9
-11
-11
-10
-6
-6
-7
-7
-7
-8
-6
-6
-7
-3
-4
-3
-2
-2
-3
-3
-3
-3
-1
-3
-5
-3
-3
-5
-4
-1
-1
-1
-1
-2
-1
-1
-5
-5
-3
-3
-3
-3
-6
-4
-3
-4
-5
-2
2
-1
0
-1
-2
-1
0
1
4
3
4
4
2
2
3
3
5
4
2
-1
2
1
2
4
5
7
9
8
8
10
7
5
5
6
6
5
4
6
5
3
4
5
6
7
6
7
8
8
8
9
11
7
7
5
5
7
10
8
9
11
8
4
5
5
4
4
4
3
5
4
4
5
5
3
4
4
4
3
2
4
5
2
1
0
0
0
-3
-1
1
1
1
0
1
-2
-4
-2
-4
-3
-1
-3
-6
-4
-3
-5
-5
-6
-3
-3
-4
-5
-3
-2
-5
-4
1
0
-3
-4
-3
-4
-5
-5
-2
0
-2
-3
-6
-7
-7
-7
-6
-6
-8
-8
-7
-7
-10
-8
-7
-10
-9
-6
-7
-9
-7
-6
-9
-9
-8
-7
-9
-10
-10
-11
-10
-8
-6
-5
-5
-6
-7
-7
-7
-6
-7
-5
-5
-5
-3
-2
-3
-1
-1
-4
-4
1
3
3
3
1
2
2
-1
1
1
1
2
0
0
4
2
0
0
0
1
3
-1
-1
0
-1
0
0
1
2
3
2
3
4
4
5
6
6
6
6
5
5
9
9
8
7
10
9
9
10
10
13
11
10
11
14
14
15
17
19
17
16
15
13
8
8
9
9
10
11
10
8
11
9
9
11
9
8
9
6
2
2
2
-1
1
3
-1
-1
-2
-2
-3
-6
-4
-4
-5
-5
-1
-1
-2
-2
-1
-1
-3
-5
-5
-3
-4
-5
-3
-5
-9
-7
-5
-4
-5
-4
-3
-4
-7
-7
-3
-6
-8
-10
-10
-9
-9
-7
-9
-8
-12
-15
-12
-9
-12
-9
-9
-9
-8
-8
-8
-7
-9
-9
-7
-7
-7
-6
-5
-7
-4
-2
-4
-5
-6
-8
-6
-5
-5
-4
-2
-2
-2
-1
-1
-1
-3
-2
-2
-2
-2
-2
-2
-2
-1
-1
-1
1
2
2
0
0
0
0
-1
-1
0
0
-1
-3
0
0
1
2
4
2
1
1
0
-2
-1
-3
-1
2
2
3
6
6
6
6
6
7
6
5
4
6
7
8
5
5
6
6
5
6
7
6
4
6
7
5
7
8
9
12
9
9
11
8
5
7
5
6
8
7
9
8
7
7
9
7
8
9
7
6
8
7
7
10
6
7
7
6
3
5
3
4
7
7
5
3
1
0
0
2
5
4
3
4
3
1
-1
-1
-3
-4
-2
-4
-6
-3
-2
-5
-7
-6
-8
-9
-8
-9
-9
-11
-12
-13
-8
-8
-9
-8
-9
-11
-12
-13
-12
-11
-12
-8
-7
-9
-7
-7
-6
-6
-5
-5
-5
-3
-7
-6
-3
-3
-4
-4
-5
-4
-4
-5
-3
-3
-4
-4
-4
-5
-8
-8
-7
-9
-10
-7
-6
-8
-6
-4
-5
-5
-5
-7
-7
-8
-9
-5
-4
-5
-2
-3
-4
-3
-5
-4
0
-2
-2
-1
1
0
3
4
3
2
3
4
6
6
6
6
8
7
7
10
10
7
8
8
8
10
8
8
10
7
6
8
8
7
6
6
7
7
7
6
6
8
10
11
11
10
9
9
8
10
11
10
8
9
9
6
9
8
6
6
6
7
9
12
10
9
11
7
6
7
4
4
8
6
5
8
8
8
8
4
1
2
1
1
3
1
0
-1
-2
-3
-1
-3
-4
-3
-4
-2
-2
-6
-5
-4
-4
-4
-4
-6
-7
-8
-9
-10
-8
-8
-8
-7
-9
-10
-12
-12
-9
-9
-9
-9
-9
-10
-10
-10
-11
-11
-12
-14
-15
-13
-11
-10
-9
-9
-9
-9
-8
-8
-8
-8
-8
-9
-9
-9
-9
-9
-9
-7
-7
-8
-8
-7
-9
-5
-3
-3
-1
0
-2
-3
-1
1
0
0
4
3
1
1
5
5
3
2
3
3
-1
2
1
2
0
2
2
4
3
1
5
4
3
3
1
1
2
1
1
3
4
5
3
1
2
4
2
3
6
6
5
6
5
8
8
7
9
12
9
11
11
10
11
13
14
16
16
12
12
12
12
14
14
13
13
11
9
9
11
11
11
10
10
11
11
9
6
8
6
5
6
3
0
2
2
2
6
5
4
2
1
1
-3
-3
1
-4
-6
-1
-3
-6
-4
-3
-1
-3
-5
-5
-6
-6
-6
-6
-9
-6
-5
-7
-6
-5
-5
-5
-8
-6
-6
-7
-8
-11
-12
-10
-11
-13
-11
-11
-12
-11
-11
-10
-10
-11
-10
-9
-10
-9
-9
-11
-11
-10
-10
-11
-9
-9
-9
-8
-7
-10
-8
-6
-6
-5
-4
-4
-5
-7
-7
-4
-1
-3
-2
-2
-3
-2
-2
-4
-3
-3
-5
-5
-4
-3
-4
-2
-1
0
-2
-4
-4
-4
-2
-2
-3
-2
-1
0
-1
0
2
3
2
2
4
3
-1
3
5
3
5
8
9
9
7
6
9
8
8
13
11
12
12
9
10
12
11
13
16
15
13
13
11
13
11
10
12
13
11
11
13
11
11
11
10
12
13
10
9
9
8
11
7
9
12
8
6
8
6
5
5
5
3
3
5
2
1
1
0
1
2
-1
0
0
-4
-3
-3
-4
-5
-5
-5
-6
-4
-3
-3
-3
-3
-5
-6
-5
-5
-7
-5
-7
-8
-8
-9
-10
-10
-10
-10
-9
-8
-8
-9
-10
-8
-11
-9
-8
-10
-7
-4
-8
-9
-6
-7
-8
-6
-6
-6
-7
-9
-8
-6
-7
-4
-4
-5
-3
-4
-6
-4
-4
-4
-3
-5
-6
-6
-8
-9
-7
-9
-9
-8
-7
-5
-6
-5
-2
-2
-4
-3
-4
-8
-7
-5
-5
-5
-6
-4
-5
-5
-4
-2
-1
-1
1
3
3
0
-1
0
4
3
5
6
6
4
4
3
3
4
4
5
9
7
8
10
10
10
10
9
11
12
9
10
13
11
10
10
8
9
10
11
9
10
10
10
9
8
9
11
7
4
5
6
4
6
9
8
8
8
5
3
2
1
0
2
2
0
0
1
-4
-1
1
0
0
1
0
-3
-2
-3
-5
-2
0
-2
-3
-2
-3
-1
1
1
-1
1
1
-2
-1
2
1
-2
1
2
1
0
0
1
0
-2
-5
-1
-3
-5
-3
-2
-4
-2
-1
-2
-1
-2
-2
-2
-3
-2
-1
-1
-2
0
0
-3
-2
-1
1
0
-5
-3
-4
-4
-3
-3
-4
-1
-4
-7
-5
-4
-6
-4
-3
-3
-5
-8
-7
-6
-9
-9
-5
-6
-7
-6
-6
-5
-7
-7
-8
-10
-8
-9
-9
-6
-7
-7
-7
-8
-5
-4
-4
-4
-2
-5
-7
-7
-3
-3
-4
-2
-1
-1
-4
-5
-4
-4
-2
1
-1
2
2
1
2
5
3
1
3
3
2
3
5
2
2
5
4
5
8
9
10
12
10
11
10
8
7
9
9
8
9
9
7
7
6
6
6
4
6
8
10
10
10
8
9
6
8
10
9
6
6
4
6
6
5
6
7
7
5
5
5
5
5
7
5
7
7
4
5
3
1
4
4
4
1
2
1
1
2
2
4
4
2
4
5
1
2
4
3
3
2
0
0
1
0
0
-1
-4
-4
-4
-3
-1
-2
-6
-6
-6
-9
-8
-9
-8
-7
-7
-7
-8
-10
-10
-11
-12
-11
-11
-9
-10
-12
-10
-13
-16
-14
-14
-15
-15
-15
-14
-12
-12
-13
-11
-14
-16
-16
-14
-13
-15
-14
-9
-11
-12
-7
-7
-7
-8
-6
-8
-8
-7
-7
-8
-5
-2
-5
-3
-1
1
-1
0
0
1
2
0
1
4
5
4
5
5
6
6
7
10
11
8
8
10
9
8
10
11
10
10
12
11
12
14
12
12
16
16
13
13
11
12
12
9
12
13
10
12
15
14
11
12
14
11
11
12
12
9
7
7
6
4
5
6
2
3
5
4
4
4
3
4
3
3
2
4
3
4
4
2
-1
1
1
-2
-3
-2
2
-1
-1
3
4
2
1
3
4
1
-2
1
-2
-1
-1
-1
-2
-4
-4
-2
-4
-3
-4
-5
-5
-6
-5
-5
-5
-7
-8
-9
-11
-11
-10
-8
-10
-9
-6
-8
-9
-7
-8
-10
-11
-10
-9
-8
-9
-9
-9
-12
-10
-11
-9
-13
-15
-8
-10
-10
-8
-6
-6
-6
-6
-4
-6
-8
-9
-10
-8
-7
-6
-3
-3
-4
-2
-1
-1
0
0
-2
-3
0
0
-1
-2
-1
-2
-4
-3
-2
-2
-1
-1
0
0
-1
0
0
1
1
0
-2
-1
-2
-1
1
2
0
0
1
-1
-3
0
4
3
3
4
5
5
5
4
3
5
4
5
7
4
5
5
5
10
11
11
13
11
9
11
13
14
12
11
12
11
12
13
11
11
13
13
11
13
15
13
12
11
13
13
10
11
13
14
12
13
13
10
7
7
8
9
7
6
8
8
7
5
0
3
4
1
1
2
1
-1
-1
-1
-2
-3
-2
-5
-5
-3
-7
-7
-6
-7
-8
-11
-10
-7
-10
-7
-5
-7
-7
-8
-7
-5
-6
-7
-10
-8
-9
-9
-8
-8
-8
-9
-10
-12
-12
-13
-13
-9
-9
-9
-7
-10
-10
-8
-11
-13
-10
-10
-13
-13
-13
-12
-11
-12
-9
-10
-9
-8
-10
-11
-8
-7
-6
-7
-10
-8
-9
-10
-10
-11
-8
-7
-7
-5
-4
-4
-4
-5
-5
-4
-2
-3
0
1
2
2
3
0
0
3
1
3
4
4
3
2
4
5
6
8
7
8
7
7
7
5
6
8
5
5
8
8
8
8
10
9
10
12
11
11
9
8
7
8
9
12
12
12
13
11
12
12
14
13
11
14
14
15
14
15
17
15
13
13
13
12
10
10
11
10
9
9
7
10
9
10
10
11
10
7
6
8
5
3
3
3
4
2
2
2
3
1
-3
-4
-1
-1
-1
0
2
1
-3
-2
-3
-7
-8
-6
-9
-8
-8
-10
-8
-8
-11
-10
-6
-10
-13
-10
-9
-13
-14
-12
-14
-15
-15
-15
-15
-16
-18
-17
-16
-16
-17
-14
-14
-14
-12
-14
-16
-14
-15
-16
-14
-16
-16
-13
-13
-13
-11
-12
-14
-13
-12
-12
-11
-9
-7
-8
-7
-7
-7
-7
-6
-6
-6
-3
-3
-3
2
3
0
0
3
5
4
4
9
7
1
3
5
3
4
8
7
5
7
6
5
6
8
6
8
9
9
9
10
8
7
6
4
6
6
6
9
9
8
8
12
15
16
16
15
16
14
13
12
14
11
10
14
16
15
14
15
14
13
13
12
16
16
14
14
15
12
11
12
11
9
12
8
7
8
8
4
3
6
5
4
4
2
3
1
1
2
-2
-3
0
0
-5
-5
-6
-9
-9
-9
-9
-11
-10
-8
-7
-8
-9
-9
-7
-9
-8
-8
-11
-11
-8
-7
-8
-10
-8
-10
-11
-10
-7
-7
-6
-6
-10
-8
-9
-10
-8
-9
-9
-9
-13
-14
-13
-13
-14
-12
-13
-12
-11
-13
-10
-8
-11
-11
-10
-11
-11
-9
-9
-9
-9
-6
-4
-5
-7
-8
-6
-9
-9
-4
-4
-5
-2
-1
-5
-3
-1
-1
0
0
3
5
3
5
8
4
4
4
3
5
7
9
7
7
9
9
10
10
12
11
9
4
5
6
6
6
6
4
3
5
6
5
6
7
3
3
6
9
10
10
8
9
10
7
5
9
10
8
12
11
5
7
7
7
8
10
8
8
11
7
8
9
7
5
7
9
8
7
7
6
4
1
2
4
1
0
1
1
2
3
4
4
3
1
0
0
1
2
-3
-5
-2
-1
-2
0
-3
-2
-4
-7
-5
-6
-6
-5
-6
-5
-6
-5
-3
-6
-5
0
-5
-8
-6
-8
-7
-6
-4
-3
-4
-4
-1
0
-2
-2
-4
-3
-3
-3
-3
-1
-4
-7
-4
-3
-6
-4
-3
-6
-6
-5
-9
-8
-6
-9
-9
-8
-7
-7
-6
-5
-6
-7
-8
-6
-4
-6
-5
-5
-6
-5
-7
-7
-5
-6
-4
-4
-4
-2
-4
-9
-7
-5
-6
-4
-3
-1
2
-1
-4
-2
0
-3
-2
0
0
0
1
0
1
3
-1
-2
3
0
1
4
5
2
5
4
3
5
3
4
5
5
2
2
5
4
5
6
7
8
5
6
7
9
6
8
8
9
9
5
7
9
8
8
8
10
8
5
6
7
7
9
9
9
8
8
5
6
7
4
4
7
6
7
8
7
7
6
2
4
4
1
2
4
4
5
6
5
5
8
7
6
7
2
2
6
3
0
3
4
1
-1
1
-1
-3
-2
-2
0
0
-2
0
-1
-4
-3
-4
-5
-4
-4
-4
-2
-5
-6
-4
-6
-8
-9
-7
-7
-6
-7
-7
-9
-9
-10
-8
-8
-13
-13
-11
-11
-14
-13
-12
-11
-13
-11
-9
-12
-12
-11
-12
-9
-9
-9
-12
-11
-8
-9
-7
-4
-3
-7
-6
-2
-4
-6
-2
-2
-2
1
0
-1
1
-1
-4
-2
-1
0
-2
2
2
2
4
1
2
7
6
3
6
7
2
5
6
6
4
6
5
3
5
4
1
3
5
3
4
4
2
4
2
1
3
3
2
5
4
2
2
1
0
-1
1
4
0
1
3
3
3
1
2
4
4
2
3
4
2
3
5
3
4
7
6
7
7
6
7
8
8
9
11
11
10
10
10
6
7
11
11
9
10
7
7
6
6
8
8
4
5
7
4
4
4
4
1
2
2
2
0
0
1
1
-2
-3
-1
-2
-5
-5
-3
-6
-6
-3
-4
-1
-1
-5
-9
-9
-8
-8
-8
-7
-5
-7
-8
-4
-3
-8
-9
-3
-6
-10
-8
-7
-10
-12
-9
-7
-6
-8
-8
-9
-9
-11
-12
-12
-11
-9
-10
-11
-9
-9
-11
-11
-9
-10
-13
-11
-7
-9
-7
-2
-4
-5
-3
-3
-2
1
-1
-2
1
2
2
4
6
5
4
5
5
5
5
7
8
6
4
5
6
6
4
6
6
3
5
7
4
2
3
2
3
2
2
1
2
3
5
5
4
6
1
1
5
2
0
1
2
3
3
6
10
8
5
7
6
3
5
6
7
5
6
7
8
9
10
10
8
10
9
8
12
12
11
8
9
10
8
5
7
8
6
6
4
4
5
2
2
5
3
-1
-1
-1
-1
-4
-5
-2
-3
-4
-2
-3
-5
-6
-4
-5
-6
-5
-4
-5
-8
-7
-8
-8
-7
-9
-8
-7
-7
-8
-6
-4
-6
-5
-7
-7
-7
-7
-9
-9
-7
-8
-8
-7
-7
-6
-4
-4
-1
-1
-3
-6
-6
-7
-10
-9
-7
-4
-6
-5
-2
-6
-5
-3
-3
-1
4
0
0
1
-3
-5
-2
-2
0
1
1
1
3
0
-1
2
1
0
2
1
-1
1
2
-2
0
2
1
-1
0
0
-1
-1
-1
-3
-3
-5
-5
-5
-3
-3
-3
-1
0
0
0
2
2
0
1
1
-1
1
0
1
2
4
2
4
8
8
7
8
8
6
9
11
9
9
11
10
9
11
12
11
11
11
9
9
10
9
10
12
11
9
9
6
6
3
-2
2
0
2
2
-1
0
-1
-3
-2
-1
-1
-3
-1
-1
-3
-5
-5
-3
-4
-4
-3
0
-4
-4
-3
-1
0
1
0
-1
-3
-3
-4
-4
-3
0
0
-1
1
3
1
-1
1
2
-2
-5
-1
2
0
2
3
1
0
-2
-3
-2
-4
-4
-3
-5
-6
-3
-5
-6
-4
-5
-1
0
0
0
0
0
0
-2
-1
-2
-4
-6
-4
-4
-5
-4
-1
-2
-4
-1
1
-2
-4
-2
-5
-7
-5
-6
-5
-5
-6
-6
-6
-5
-3
