-18
-15
-4
-8
-12
-15
-10
-15
-14
-12
-7
-8
-9
10
5
-9
4
10
14
23
19
12
3
9
25
28
28
33
30
26
28
32
27
23
29
32
27
21
15
29
24
15
31
21
13
28
23
26
20
7
10
18
7
1
5
17
11
9
15
1
2
-6
-6
-1
-8
-17
-5
7
-6
-3
8
-5
-13
4
4
-1
-1
-14
-20
-12
6
3
-1
3
-7
-4
3
-4
-13
-5
-2
-14
-11
11
6
-12
1
9
3
-1
2
4
1
-8
-10
13
4
2
10
4
3
-6
-17
-6
-9
-14
0
-14
-13
-4
-17
-9
3
-19
-19
-7
-7
-9
1
-5
-17
-7
-7
0
-4
-10
-18
-22
-19
-21
-19
-14
-16
-13
-12
-6
-16
-26
-24
-14
-4
-20
-36
-27
-18
-25
-17
-13
-16
-13
-3
-4
-8
-15
-3
1
-7
-5
-6
-12
-5
4
-6
7
13
6
11
21
21
12
2
8
0
-6
16
10
-1
18
7
1
22
24
11
25
13
10
21
13
14
24
26
20
21
9
17
17
20
22
14
11
11
9
-1
12
5
1
8
9
13
15
13
2
4
7
13
8
5
10
8
11
12
14
24
23
7
16
11
-5
4
7
-6
9
9
-1
11
19
3
8
8
-17
-5
1
-2
1
2
-5
13
8
-2
-1
-19
-9
15
4
-1
13
-2
-8
4
9
-2
-11
-10
-13
-16
-7
-12
-2
-12
-22
5
0
-28
-17
-2
-12
-8
-1
-6
-6
-7
-13
-4
0
-10
-17
-10
-9
3
-10
-16
-2
-14
-23
-14
-7
-15
-6
6
-8
-14
-13
-23
-19
-19
-24
-20
-16
-22
-31
-12
-3
-14
-22
-7
-11
-21
-14
-32
-34
-9
-30
-22
4
-13
-17
-6
-10
-4
0
-15
-5
14
6
4
9
-1
-8
-2
-5
10
12
4
16
19
10
10
10
12
16
23
17
15
16
11
27
29
23
21
25
16
13
23
24
21
19
23
18
17
20
18
23
14
20
25
9
8
13
11
2
4
23
28
12
11
20
4
19
10
1
16
1
-9
5
9
-7
2
8
7
3
0
11
11
-2
-12
8
-5
-21
-5
-3
-9
-2
-9
-5
-10
-15
-15
-14
-12
-21
-21
-19
-18
-8
-12
-22
-16
-10
5
-6
-4
9
-3
0
7
-1
-7
-12
-12
-10
-1
3
2
3
-1
-1
10
10
-1
-1
-11
7
19
-3
4
13
3
8
11
3
1
-8
-3
2
-2
-10
-7
-1
-2
-5
-8
-4
-20
-19
-8
-10
-14
-21
-26
-27
-23
-14
-13
-19
-2
2
-15
-1
-3
-13
-9
-10
-7
-11
-14
-22
-8
-2
-6
-13
-10
6
5
1
13
1
-17
-8
-3
-5
-6
-9
-12
-6
-4
-15
-6
11
3
5
9
6
21
28
27
24
11
-1
3
-5
-4
16
11
-8
-8
7
11
9
16
11
1
6
2
10
6
-7
-2
8
-6
-2
16
8
4
9
8
-7
-5
7
1
3
13
14
9
13
11
9
4
-1
4
12
11
10
24
11
14
24
23
21
7
3
11
8
8
9
19
18
20
19
19
27
10
25
31
15
13
18
18
18
16
3
-1
-3
2
10
9
2
-4
2
2
4
-3
-15
-3
-12
-23
-5
-2
2
-10
1
-3
-19
-17
-20
-19
-19
-21
-16
-11
-18
-19
-21
-16
-11
-25
-27
-31
-32
-19
-21
-25
-27
-23
-29
-21
-13
-15
-29
-33
-20
-22
-18
-18
-24
-4
-2
-26
-11
-2
-15
-23
-10
2
-9
-11
3
-5
-17
-12
-3
-16
-22
0
3
-6
-10
10
-3
-9
-2
0
9
15
2
17
24
5
10
11
8
8
13
5
23
28
17
23
27
19
7
10
12
7
1
2
-5
8
15
13
22
17
14
15
8
9
-3
5
13
-7
-13
1
7
4
7
5
3
-7
-7
5
1
-1
7
-5
-6
4
-2
-7
10
-6
-12
10
4
3
3
7
15
15
15
12
6
6
8
5
12
21
16
24
24
7
12
32
14
19
32
13
12
17
13
6
14
15
11
9
6
3
-1
7
9
-4
5
17
13
13
7
-4
-4
-5
1
0
-4
-1
-13
-16
5
1
-12
-14
-19
-22
-30
-28
-29
-19
-8
-14
-12
-12
-23
-20
-3
-10
-20
-12
-14
-9
6
-8
-25
-14
-20
-24
-8
-17
-12
-10
-24
-21
-14
-20
-23
-17
-7
-24
-29
-17
-4
0
-7
7
-2
-17
-6
-9
-4
-5
-3
4
1
-9
-14
-5
-4
-2
9
6
6
6
-8
4
4
-15
-8
-1
-8
-2
-1
-8
-7
-5
-9
1
0
-4
-4
-1
7
-6
-6
-13
-3
4
-7
-1
7
-2
-10
13
19
7
8
8
8
12
15
13
17
25
20
12
9
2
12
25
23
26
24
13
16
21
22
20
31
24
7
15
14
7
15
6
10
19
16
20
33
13
19
18
7
11
17
15
9
-9
-7
12
8
6
19
12
0
7
15
5
7
12
2
3
-3
-25
-11
3
-9
6
12
-7
-10
-3
-7
2
8
5
3
-12
-15
7
-5
11
7
-3
-3
-9
0
2
-5
-2
-16
-10
-1
-26
-14
3
-17
-9
0
-13
-23
-27
-13
-5
-14
-9
-16
-18
-15
-25
-29
-15
-9
-21
-10
-4
-19
-15
-19
-23
4
-11
-27
-14
-12
-22
-6
-12
-21
-17
-19
-10
-3
-18
-23
-14
-14
-5
-3
-12
-13
-24
-23
-18
-10
-10
-9
-12
-20
-20
-22
-17
-14
-11
0
-2
-10
2
-6
-3
15
4
-9
4
7
2
1
18
5
4
10
14
17
3
17
30
27
16
18
27
21
10
19
29
9
23
40
16
23
26
23
26
22
16
16
21
10
23
26
19
24
21
15
18
3
5
23
21
27
26
19
11
18
29
19
7
15
21
11
2
8
27
1
2
15
-11
5
12
0
-3
8
0
-6
6
12
4
-1
16
5
1
-4
-6
-11
4
12
9
-1
6
5
-16
10
-4
-19
-5
-8
-21
-7
-4
-23
1
-6
-28
-10
-7
-28
-29
-14
-17
-14
-10
-22
-14
-17
-23
-12
-19
-18
-5
-19
-29
-23
-16
-21
-31
-20
-20
-13
-12
-33
-22
-16
-45
-29
-17
-18
-14
-12
-11
-19
-21
-28
-14
-14
-30
-31
-23
-20
-16
-19
-3
-11
-9
3
-12
-22
-11
-8
-11
-4
2
-4
-12
1
5
15
15
14
16
21
7
6
20
6
0
22
26
4
19
29
27
22
16
26
16
7
6
9
8
16
34
32
19
18
24
18
15
25
23
11
11
6
6
29
30
32
38
20
19
17
10
17
27
22
13
3
0
-1
10
9
7
5
1
4
-4
-14
1
13
5
-5
4
0
-7
14
4
-11
6
5
6
4
8
20
-10
-14
-1
-10
-5
9
4
3
10
6
7
6
0
-9
-2
22
7
-14
-8
2
2
-9
11
23
-12
-8
13
-1
-5
2
-10
-1
-4
-23
-14
-16
-18
-1
-17
-20
-20
-21
-17
-10
-6
-20
-23
-19
-14
-14
-26
-12
-2
-24
-27
-25
-15
-19
-17
-12
-24
-25
-18
-14
-15
-26
-23
-9
-9
-18
-12
1
-6
-14
-6
-1
4
-4
-11
10
3
-14
4
1
-3
10
12
3
-2
-1
8
-2
-3
-5
1
15
11
9
13
9
-17
-6
13
-5
-3
3
2
0
-3
-3
19
18
2
1
5
8
4
-1
3
12
-13
-9
11
7
-8
-7
10
4
-9
-8
1
-2
-3
4
7
11
5
6
24
13
0
14
13
1
12
14
15
16
-8
-2
0
8
21
17
12
10
14
10
11
25
17
1
16
19
16
19
15
21
31
24
21
17
22
28
14
17
26
13
11
21
17
20
26
16
19
16
5
-6
-10
9
-1
-8
7
5
-4
6
5
3
3
-2
-3
2
-3
-17
-18
-17
-26
-15
1
-6
-27
-25
-1
-23
-33
-12
2
-3
-14
-16
-22
-39
-40
-25
-25
-18
-14
-20
-30
-25
-34
-47
-35
-30
-29
-41
-45
-26
-27
-29
-22
-22
-11
-6
-23
-17
-7
-24
-36
-5
11
5
4
-5
-22
-4
-2
-8
14
4
-15
-13
-2
3
-4
-9
6
10
5
16
14
-6
3
18
12
16
15
11
29
30
13
17
21
6
-2
18
37
30
6
12
26
14
7
9
10
18
4
0
14
11
-12
8
11
10
8
-1
1
-3
3
14
16
4
3
-5
7
10
15
12
-4
-1
-3
0
3
9
8
0
5
11
3
0
6
23
31
36
35
14
8
16
9
6
14
23
24
6
7
27
16
11
23
19
6
21
23
19
29
30
21
17
11
24
16
-12
1
3
-7
-18
-4
3
-9
-6
-12
-13
-15
-27
-16
-24
-35
-32
-26
-30
-32
-20
-27
-34
-30
-36
-42
-31
-35
-41
-27
-22
-43
-30
-21
-46
-39
-28
-35
-18
-9
-17
-16
-4
-11
-20
3
-5
-10
-6
-18
-6
-1
-14
-1
17
9
5
26
8
-2
11
13
17
2
13
27
2
-4
10
14
4
-6
7
12
23
12
-7
11
29
10
-4
6
-13
-11
-9
-13
-4
-1
-7
-3
-3
6
-3
-13
3
16
9
-6
-7
-5
-1
-7
1
3
-7
-3
3
2
10
8
-3
1
2
6
8
3
-6
5
24
14
15
33
16
-5
11
13
4
12
25
18
2
16
26
7
26
40
18
26
9
-3
19
19
7
17
18
5
9
11
7
6
16
8
4
18
7
7
4
-1
9
16
10
11
0
13
25
1
3
13
12
11
7
-1
-2
-3
0
14
10
-11
-18
-16
-11
-18
-14
1
-1
-12
-13
-19
-29
-20
-1
-12
-13
-7
-21
-28
-36
-21
4
-14
-22
-20
-23
-15
-13
-24
-11
-9
-19
-6
-29
-31
-17
-17
-23
-17
-2
-4
-14
-8
-6
-13
-12
-16
-12
-12
0
-10
-10
-1
4
-4
8
12
-13
-10
7
5
5
15
2
-2
-1
0
-1
-13
-6
-3
-4
-4
0
8
-20
-16
-1
9
3
-2
-10
-14
-13
-8
-5
2
-3
-9
-3
-5
-17
-4
13
-1
2
9
11
5
-8
-2
1
-7
2
22
20
1
9
28
20
14
17
15
21
27
13
1
7
23
13
6
22
25
2
2
27
28
29
26
18
18
24
27
22
24
23
10
19
18
14
11
8
23
36
30
14
19
13
4
11
7
-2
2
-12
-6
7
-13
-15
-4
8
1
-4
-8
4
-8
-12
9
3
-11
-17
-9
-34
-16
-2
-23
-18
-22
-27
-32
-3
-1
-28
-16
-15
-23
-17
0
-17
-24
-15
-10
-15
2
-8
-16
-1
10
9
-6
2
8
-2
-1
4
-1
-5
10
5
-3
12
-8
-15
3
5
6
-6
-17
-1
5
-10
-8
-3
-11
-14
-22
-3
0
-16
-15
-4
-5
-25
-15
5
-9
-5
-3
-14
-6
-1
-10
-27
-10
-7
-22
-18
-13
-11
-13
-9
4
3
8
3
-12
-9
-13
-11
-9
3
4
-2
7
8
2
-2
8
14
4
11
26
5
11
16
-1
7
20
1
10
21
6
13
14
14
8
-2
14
19
-6
5
13
-6
10
19
6
-5
5
-10
-9
7
4
-6
9
20
11
13
19
16
12
10
2
3
-7
6
13
16
16
14
4
14
31
28
13
11
-2
5
28
19
10
13
8
-7
17
23
-4
4
15
9
-2
4
10
10
5
-3
-7
1
5
-9
-1
8
-5
-6
5
2
0
0
3
-5
-3
-4
-20
-22
-18
-19
-7
-6
-15
-11
-12
-22
-19
-12
-14
-23
-15
-2
-14
-19
-7
-16
-12
-7
-13
-14
-16
-29
-36
-12
-24
-25
-15
-26
-18
-12
-16
-11
-7
-28
-21
1
-18
-23
-2
3
-7
-6
-10
-5
0
-6
0
1
3
1
-16
-1
8
1
18
-2
-3
32
18
9
25
18
-1
5
19
19
18
22
26
25
8
-5
7
3
-5
13
17
0
-6
24
19
-4
3
5
0
-9
-10
3
-4
-13
-13
-9
11
11
-12
-5
7
-5
-15
4
-6
-10
8
-9
-11
6
4
4
7
6
11
14
11
-3
-15
-10
1
-2
13
21
12
20
13
10
9
11
13
0
13
12
13
5
12
16
20
21
10
15
16
19
9
6
1
6
17
16
15
16
-6
-6
19
17
-1
4
12
-3
-10
4
-9
-17
0
-3
-13
-19
-3
0
4
3
-14
-11
-14
-19
-9
-4
-8
-8
2
-7
-14
-16
-11
4
-6
-19
-18
-31
-25
-3
-13
-15
-1
-17
-21
-4
-12
-15
-9
-10
-11
-2
7
6
-3
-6
3
12
0
-7
3
-3
-18
-13
-4
-6
-9
-15
0
10
-9
-10
19
11
-4
0
10
-4
-9
-4
1
-1
-16
-10
-6
-13
-17
-8
0
-5
-17
-10
-6
-17
-7
-17
-12
-6
-9
1
1
1
10
0
1
9
-7
-4
-5
11
23
14
4
6
12
1
2
7
7
3
9
10
19
25
11
1
25
22
-3
-5
16
7
-10
7
13
11
-3
10
19
15
13
-2
7
24
9
0
13
10
9
12
5
-3
9
3
4
21
15
11
23
13
-1
4
3
0
10
7
12
11
-5
7
12
0
1
5
-4
-8
-4
4
-1
-3
-4
0
10
9
-3
-2
0
12
5
-9
2
-3
-18
-9
-2
-7
-9
-13
-24
-11
-15
-30
-17
7
-1
2
13
6
-7
-6
13
10
5
-7
2
-6
-4
12
-5
-14
-8
-13
-17
-7
-8
-12
-8
-15
-8
-12
-18
-11
-14
-14
3
4
-11
-1
-6
-8
-14
-13
3
-14
-21
-8
-6
-21
-23
-10
-12
-8
-16
-13
-7
-10
-13
-13
-7
-5
0
2
2
5
8
5
4
-1
9
6
-1
5
8
1
-9
1
17
20
8
14
15
5
3
6
5
5
0
-7
5
6
-2
6
14
5
9
8
3
11
-2
0
13
6
-8
-5
-7
-14
-7
8
6
7
2
6
17
-2
0
11
14
15
15
7
7
-4
-12
9
19
11
10
6
18
15
-3
2
13
2
1
15
2
1
6
5
0
14
27
21
10
10
18
20
10
9
19
10
8
19
4
-5
-7
-16
-4
-3
-18
-10
7
-5
-12
6
-2
-21
-9
-13
-22
-14
-6
-5
-9
-8
1
-7
-5
-5
-7
-1
-17
-22
-7
-19
-30
-14
-7
-12
-11
-2
-5
11
14
1
-1
0
-1
-10
-4
-2
-7
-11
2
-17
-12
12
-5
-15
-7
-16
-3
8
-3
-11
-9
-14
-10
-7
-6
-4
6
-1
-8
7
7
-7
-8
10
5
-14
1
16
2
5
9
-9
8
14
-11
1
12
-2
6
21
13
11
22
6
0
1
-2
5
3
-1
6
8
-2
4
-3
-1
4
-14
4
2
-24
-15
-2
2
0
-12
0
16
-8
-15
-4
3
-2
3
3
-4
8
2
1
2
-12
-14
9
-2
-12
4
-16
-18
-16
-16
-7
6
-6
-1
20
7
-7
4
15
8
5
14
21
21
9
2
14
3
3
10
0
8
17
17
17
13
9
26
23
4
18
16
-2
14
16
2
8
6
0
3
13
3
0
9
7
6
15
2
-9
-4
-10
-20
-7
-13
-18
-7
4
5
1
1
-8
-11
-1
-6
-13
-12
-4
9
10
8
2
-5
-10
-8
-11
-8
-11
-15
-16
-11
0
0
1
-6
7
-3
-8
11
5
-12
-3
18
0
-5
14
4
-15
-5
-3
-7
-7
-16
-21
-11
-10
-18
-2
8
-15
-20
11
-12
-23
14
8
-19
-13
-11
-22
-20
-10
-7
-4
-1
-9
-8
-13
-12
-15
-31
-18
-14
-29
-22
-3
-2
-3
-1
6
0
4
14
-4
-2
3
4
4
13
14
17
20
12
13
19
8
12
12
11
17
-2
5
15
17
17
24
16
17
15
4
25
28
4
14
21
7
24
24
8
4
0
-1
-2
-15
-6
-6
-12
-5
-3
6
1
-16
-13
-2
-1
8
9
8
5
-9
-6
-5
-8
-12
-1
-1
1
6
-8
-10
0
-1
-1
11
9
5
8
10
18
9
8
17
15
17
19
23
14
0
12
12
7
14
8
4
-3
15
25
7
-9
4
4
-9
-8
5
-14
-28
-8
-5
5
-13
-11
-6
-18
-22
-9
-4
-7
1
0
-11
-14
-14
-24
-15
4
-14
-23
-12
-13
-11
-10
4
-4
-21
-21
-13
-10
-23
-11
0
1
-4
0
2
-4
-5
-5
-8
-20
-14
-9
-11
-8
-2
-3
0
3
-15
-10
-12
-11
-8
5
8
-12
-10
9
3
-8
-2
-8
-4
6
2
5
0
-4
-12
-13
1
-13
-21
3
-6
-18
1
11
6
8
22
7
-3
0
11
7
21
27
6
7
10
2
13
15
6
5
1
6
18
0
5
26
6
5
17
3
4
3
-10
14
-2
-10
10
6
-10
-1
7
-4
8
19
6
9
12
3
1
9
12
11
9
14
30
29
13
19
20
9
22
20
15
14
7
8
17
13
14
17
2
-13
11
12
3
12
17
25
10
-5
12
2
-14
10
3
-5
-2
-6
-7
1
5
-1
1
2
-12
-16
-14
-23
-15
-1
-5
1
-10
-13
-11
-12
-3
-3
-7
-15
-24
-24
-15
-31
-24
3
-8
-27
-14
-15
-23
-8
-12
-22
-17
-18
-24
-25
-28
-21
-25
-23
-10
-7
-3
-19
-36
-20
-5
-13
-14
-6
-1
-11
-18
-8
-3
-7
1
-5
-3
2
-16
-5
22
-3
-21
10
7
-4
4
-6
12
14
5
9
9
2
-5
3
8
14
2
3
17
7
7
15
6
-6
15
10
-5
14
12
6
10
14
11
9
10
0
-2
6
6
10
4
8
10
15
4
11
18
11
10
5
14
13
11
17
18
15
18
11
6
13
5
11
31
15
6
26
33
28
31
17
9
12
12
30
26
0
8
21
-2
5
10
-2
-15
6
11
-4
-5
-6
-6
-8
4
-4
-17
-26
1
1
-25
-8
4
-11
-9
-3
-10
-12
-17
-18
-8
-6
-29
-21
-3
-12
-11
-11
-24
-12
-4
-10
-14
-10
-15
-14
-21
-14
-16
-9
-5
-18
-23
-20
-19
-25
-5
6
-3
-11
6
10
-17
-25
-22
-23
-22
-5
6
2
-6
2
10
-2
-15
-19
1
4
2
11
3
-3
-5
-1
8
10
6
14
9
-2
16
4
0
13
2
9
11
13
24
13
1
17
7
2
10
8
12
7
-8
0
3
-11
0
1
0
-1
7
-1
-14
-9
-5
-9
-8
16
6
-9
0
3
-4
-5
-1
-6
-14
-11
1
-10
-9
-1
0
4
3
12
7
-6
1
1
0
1
-5
9
12
3
4
11
2
-5
-3
-5
-3
-12
-1
6
10
16
16
23
22
13
16
20
7
4
4
2
1
6
10
24
19
19
24
27
24
10
16
29
18
13
22
15
13
4
-9
0
-1
-9
-3
-6
-12
-8
-8
0
-4
-10
-1
-7
-12
-6
-9
-7
-4
-15
-9
-12
-19
-10
-8
-12
-9
-25
-14
1
-24
-2
6
-20
-22
2
-1
-4
-2
-6
-6
-15
-9
-3
0
-9
-4
5
-17
-7
5
-9
-13
-7
-14
-20
-11
-7
2
0
-7
-2
1
-4
4
11
7
5
11
3
-10
-2
1
-12
-12
6
-10
-18
-3
-12
-5
-8
-23
-14
-2
-3
-8
1
-2
4
1
-4
-2
7
7
-2
-5
6
-4
-16
-5
9
8
-2
2
9
6
-1
-8
-3
-1
-3
-10
11
16
-4
6
21
17
3
-7
0
14
7
15
14
11
16
-1
3
7
-1
11
7
-3
7
10
2
15
20
2
2
19
20
7
11
14
6
0
14
24
21
17
13
7
3
5
2
2
7
9
2
4
9
-3
-7
-2
-10
-12
-7
-6
2
2
-2
4
6
2
7
6
3
-4
6
7
4
8
9
9
17
7
1
1
-8
-5
-7
-3
0
-6
5
4
-17
-19
-10
-6
-5
0
-4
-5
4
-2
-6
-10
-12
0
-5
-7
-10
-18
-14
-3
-5
-21
-6
-5
-13
-1
3
-8
-12
-7
-18
-13
-5
-16
-7
-5
-9
4
-10
-16
3
2
-3
0
-2
-5
-4
-23
-18
-16
-29
-24
-4
-6
-8
16
-6
-9
-5
-7
4
-7
-16
-9
-4
-9
-3
-1
-6
-4
1
-8
-3
9
6
6
1
2
-5
4
12
5
4
3
-7
2
7
-6
8
18
13
16
11
8
11
20
20
15
17
5
-2
-2
-1
7
3
10
26
17
17
8
5
4
2
1
4
8
14
8
5
6
3
0
-4
3
9
4
-1
0
3
-3
-7
12
10
0
13
7
-4
7
19
15
22
19
14
24
19
11
14
16
13
8
1
-3
6
3
-13
7
11
-15
6
3
-9
-6
-10
-11
5
8
-3
6
-1
-3
1
-4
-14
-13
-12
-11
-17
-13
-9
-23
-12
-5
-20
-5
-3
-15
5
3
-16
-14
-7
-14
-15
-7
-11
-10
-11
-9
0
-7
-11
1
-2
-8
-9
-10
-6
-8
-12
-13
-18
-16
-8
-8
-7
-3
0
-6
-5
-1
-10
-19
-6
-18
-19
-4
-5
-8
-7
6
7
7
20
19
-1
6
5
1
18
12
15
29
15
11
15
8
8
0
-6
3
-1
5
9
-2
-1
-2
2
3
-3
2
8
0
-8
4
8
-12
-16
-9
3
2
-6
3
1
1
0
-6
-4
-6
-17
-17
-20
-24
-7
-5
-9
1
13
1
-13
-13
-8
1
-3
2
2
7
18
9
6
18
7
1
22
15
16
25
17
15
21
22
18
14
18
4
-1
23
27
22
29
20
13
17
13
6
13
17
3
21
12
-8
4
9
8
6
3
-2
-5
-12
-7
-3
-4
9
4
-7
-11
-17
-20
-23
-27
-14
0
-11
-7
4
-2
-9
-7
-11
-11
-14
-16
-16
-10
-6
-12
-13
-12
-22
-28
-4
3
-9
2
6
-2
6
11
8
7
7
-10
0
12
5
-2
6
13
-2
-3
8
6
-3
-1
4
7
9
3
16
12
1
4
-11
-20
-9
-1
-4
-3
-2
-7
-20
-28
-24
-19
-13
-17
-21
-11
-7
-10
-11
-11
-12
-10
-20
-13
-11
-17
-12
-14
-24
-13
6
-20
-24
-6
-8
-1
11
-1
-3
1
-3
7
12
-2
-16
-1
-3
-4
7
5
8
13
10
4
18
14
6
19
22
22
23
21
15
16
19
12
8
9
-2
-7
3
2
3
5
7
8
7
15
14
9
13
8
8
13
15
16
11
14
15
15
12
17
13
14
21
5
16
22
-3
5
26
5
0
23
6
11
27
18
19
13
5
13
14
9
13
14
10
10
7
8
-5
-10
1
3
-11
-3
-1
-12
-12
-11
-8
1
-2
-15
-13
-19
-22
-20
-24
-27
-32
-22
-11
-13
-7
1
-11
-24
-18
-17
-22
-26
-23
-23
-20
-25
-32
-31
-28
-27
-23
-15
-21
-21
-21
-18
-17
-9
-12
-25
-18
-7
-15
-16
-5
-1
2
-1
5
10
14
15
8
6
9
9
0
-1
0
1
9
9
13
19
5
4
9
2
9
13
8
7
8
3
6
8
1
5
-7
-20
1
4
5
8
6
2
4
2
-4
-2
3
-8
-9
10
14
12
9
18
16
0
8
1
-7
-1
12
6
7
5
-2
6
7
4
3
14
7
3
18
11
1
17
26
18
25
22
9
14
10
10
23
33
24
16
18
16
2
4
20
4
8
8
7
12
16
10
-9
-9
1
-5
-10
5
-7
-6
10
0
-4
-1
4
3
2
-1
-12
-13
-9
-8
-9
-14
-20
-12
-17
-34
-27
-14
-12
-15
-10
-1
-13
-14
-4
-9
-14
-14
-18
-7
-10
-22
-11
2
7
9
11
12
3
-3
8
4
-4
9
-2
-10
0
-2
-5
-4
-8
-13
1
-2
-13
-5
-6
-4
8
5
11
12
-6
3
3
-5
-6
-6
-7
-4
1
3
4
-9
-10
-2
-10
-18
-21
-19
-18
-19
-14
0
-7
-6
-7
-9
-8
-10
1
4
-3
-2
-7
-3
-3
-12
-10
-23
-12
-15
-20
-7
2
-3
-7
-6
1
1
-8
-3
-2
10
12
1
4
3
-1
-2
-4
3
5
-1
12
18
20
16
15
12
13
23
19
16
17
16
11
15
12
10
15
10
13
24
29
15
22
30
24
29
30
24
18
19
17
14
21
9
11
9
1
10
6
-9
-19
-10
-4
-1
-12
-1
4
-8
-17
-7
8
-3
-10
-1
12
1
-8
-10
-10
-6
-7
0
6
0
-9
-8
-1
-1
-12
-9
-2
-3
0
-5
-12
-9
-3
1
0
-1
-3
-6
8
11
3
13
4
-2
15
13
-4
-2
-1
3
7
-1
-7
3
-5
-12
-8
-2
4
2
-3
-4
5
-8
-14
-2
-6
-5
-11
-15
-6
-4
-6
-16
-14
-11
-22
-18
-9
-6
-1
-12
-25
-15
-18
-20
-14
-21
-19
-17
-19
-25
-24
-22
-21
-20
-24
-25
-11
-16
-27
-17
-7
-15
-18
-13
-24
-19
-4
-9
-12
-4
-4
2
3
10
-2
-13
-5
-1
-8
1
4
-1
16
21
10
16
23
19
18
21
32
29
21
35
30
26
38
34
28
34
37
39
37
33
29
31
25
12
18
21
9
9
13
11
11
20
13
9
19
2
-5
13
14
-1
12
15
13
13
5
8
13
13
1
8
5
-6
-1
-7
-3
-4
-1
0
-4
5
1
-19
-21
-10
-6
1
4
9
0
-13
-11
1
4
2
-2
-5
-3
-10
-3
-2
-13
-16
-4
-13
-17
-3
1
-7
-1
6
-6
-17
-14
-4
-2
-10
-18
-10
-14
-16
-4
1
0
-10
-21
-13
-10
-13
-20
-13
-3
-17
-16
-4
-19
-24
-18
-18
-22
-20
-18
-21
-24
-19
-24
-24
-11
-14
-10
-6
-12
-6
-12
-25
-19
-8
-13
-9
1
-12
-17
-10
-15
-10
-6
-5
-7
-6
-4
-3
-3
4
17
16
9
-2
-4
1
4
11
14
14
2
8
14
9
6
7
18
19
16
19
14
13
11
18
11
9
21
18
20
24
20
16
11
16
22
9
5
15
1
0
9
5
7
13
12
11
16
20
19
17
23
29
19
8
16
6
11
12
7
19
5
1
6
7
3
13
14
-1
4
2
-10
1
3
-3
5
12
17
15
11
15
6
1
18
8
3
12
5
-10
-6
-4
-5
2
-9
-17
1
1
-16
-9
0
-2
-3
4
5
-6
-7
-6
-17
-6
0
-13
-27
-11
-5
-21
-15
-8
-23
-27
-23
-36
-28
-18
-20
-24
-21
-28
-36
-38
-20
-12
-17
-8
-19
-16
-3
-4
-4
15
11
-9
-8
-5
-1
3
-1
-9
-13
-8
-4
-5
-8
4
6
-14
-10
-5
-8
0
2
-4
-9
3
-6
-20
-8
-7
-3
-4
-12
-5
-2
-7
-4
-2
-9
-12
-7
-5
-4
-4
-1
-7
-9
5
5
5
13
10
3
12
5
-6
5
3
3
1
4
4
1
8
7
6
3
6
8
12
24
30
20
26
21
10
22
21
18
35
31
19
26
26
15
28
31
11
19
28
16
15
31
13
-3
10
11
8
13
14
16
10
6
5
6
17
14
16
18
9
5
-7
-1
4
-3
4
7
1
9
8
-2
1
2
0
-2
2
3
-7
2
4
-6
-12
-16
-15
0
-3
-13
2
-7
-12
-3
-7
-10
-9
-14
-17
-20
-23
-21
-14
-9
-13
-21
-13
-19
-24
-10
-8
-11
-3
-15
-20
3
-5
-22
-19
-15
-28
-19
-14
-24
-20
-20
-13
-17
-19
-23
-22
-18
-13
-13
-7
-10
-21
-10
-4
-12
-14
-4
-5
-2
-8
-11
-18
-18
-17
-22
-13
-7
-9
-7
1
-3
-16
-10
-4
2
9
2
11
16
9
1
10
4
-9
3
0
2
5
5
8
12
16
24
24
22
16
13
18
16
18
26
27
34
28
22
18
19
17
17
25
32
32
22
-1
1
10
0
19
25
23
23
20
11
20
23
5
5
20
19
4
12
13
4
19
15
-3
2
9
-1
-1
5
2
1
4
3
-4
-14
-3
7
-4
6
23
5
-7
0
-10
-18
-8
-12
-12
-5
-18
-19
-8
-17
-18
-4
-2
0
-1
-21
-29
-24
-24
-14
-11
-12
-16
-9
-16
-8
7
-12
-8
5
5
-3
-5
-5
-2
-2
-3
7
1
-8
-4
3
0
-3
4
0
-11
-3
-8
-10
-2
-13
-14
-7
-12
-3
10
3
3
-3
1
-1
-3
4
5
9
0
-7
-3
-13
-5
-9
-16
-8
-5
7
8
8
-3
2
6
-11
-12
0
-5
-16
-12
-13
-16
-16
-22
-17
-4
-1
-8
-9
-15
-22
-17
-16
-14
-9
-7
-15
-15
-11
0
-6
-15
-5
-2
-5
-9
-1
3
3
-5
5
12
11
14
7
0
1
-1
3
23
22
11
21
22
12
23
31
20
20
24
19
9
29
33
22
26
32
27
25
29
23
30
31
25
22
27
22
21
24
24
15
13
11
4
3
8
6
7
4
-4
-6
-5
-11
-14
-11
-13
-18
-25
-19
-15
-18
-20
-26
-28
-11
-8
-15
-12
-10
-14
-11
-2
4
3
-12
-9
-9
-14
-2
1
3
9
5
0
-4
5
19
11
1
9
11
13
3
6
24
17
8
20
24
5
0
8
0
8
11
-1
13
13
-8
-6
-6
-21
-19
-7
-17
-32
-23
-18
-26
-16
-9
-3
-2
-15
-16
-18
-34
-44
-39
-45
-31
-28
-28
-16
-12
-9
-13
-21
-26
-16
-15
-18
-14
-17
-24
-23
-25
-15
-12
-12
-11
-13
-4
-5
0
5
3
-11
-12
3
2
-2
-4
7
2
4
9
16
18
13
19
18
20
31
31
27
23
20
20
20
16
8
12
19
24
23
17
18
16
14
27
18
12
18
15
13
21
12
4
5
15
13
20
26
15
16
17
17
16
21
16
10
10
15
13
12
1
4
7
-6
-5
-3
-6
-6
5
0
-5
12
6
-6
-8
-3
-1
-4
-2
-4
-7
-11
-11
-1
7
10
15
7
3
4
-9
-7
-4
1
-5
-8
-19
-20
-16
-8
-6
-12
-10
-15
-15
-7
0
-12
-3
-12
-23
-1
-8
-22
-14
-17
-9
0
-16
-11
-1
-6
-8
-8
-12
-9
-9
-3
3
-4
-9
-8
-1
1
2
7
-4
-4
-7
-7
-4
-3
-10
-17
-9
-13
-21
-13
-10
-20
-10
-8
-9
-1
-2
-10
-8
5
-5
0
9
9
7
-6
-14
-12
-5
-4
2
0
-3
-6
-5
7
6
-4
-1
1
1
-2
-2
-2
-1
-2
-4
-3
7
9
11
24
17
8
5
7
10
13
15
23
16
11
9
7
8
8
11
10
0
7
10
13
13
1
8
0
-9
3
5
-3
-5
-10
6
10
-4
2
15
3
-10
-10
-13
-11
-12
-8
-5
-2
-3
8
11
0
4
13
6
1
15
11
11
18
8
7
18
11
17
16
7
4
1
2
9
21
20
21
13
3
11
17
17
25
27
3
-4
5
11
13
12
9
8
5
1
4
11
11
3
10
9
-7
-10
-12
-7
-3
0
6
3
-1
-9
-11
3
-7
-13
-5
-2
-13
-24
-16
-14
-24
-23
-13
-14
-24
-25
-30
-35
-25
-22
-22
-24
-24
-29
-35
-25
-25
-26
-13
-12
-18
-12
-10
-21
-20
-20
-8
-2
-19
-26
-17
-6
0
-14
-9
-1
-5
-10
-7
-14
-20
-3
-3
3
14
6
-3
-3
0
-2
3
7
7
15
18
6
2
14
22
20
17
25
24
13
13
10
24
23
5
23
17
-11
-11
-1
2
6
-2
-1
6
1
1
3
6
12
7
0
8
3
-5
-1
0
-4
-6
6
5
-1
8
11
5
9
14
18
5
-3
9
11
3
15
21
17
16
24
34
28
22
23
24
24
16
11
11
7
5
14
11
10
19
26
25
18
21
21
16
12
10
7
9
5
-5
10
6
-10
10
9
2
3
6
3
-3
-3
-2
0
-7
-13
-16
-24
-27
-21
-25
-18
-11
-30
-18
-15
-22
-11
-13
-15
-20
-27
-21
-14
-27
-22
-26
-31
-36
-34
-25
-24
-22
-24
-30
-31
-32
-35
-28
-25
-23
-21
-22
-19
-16
-18
-29
-23
-21
-16
-10
-25
-29
-25
-14
-4
3
7
6
2
-2
7
4
5
8
2
8
15
11
15
35
23
19
31
21
20
23
24
28
28
21
20
25
24
14
9
4
-4
12
18
19
23
24
10
7
11
11
12
0
6
11
5
-3
-6
-3
0
1
11
11
-3
-7
-5
0
10
3
4
7
-1
-5
-4
1
6
11
12
18
20
18
18
16
22
9
7
11
5
9
14
10
12
17
5
0
11
3
-10
-3
4
-2
1
9
4
0
3
-1
7
7
7
8
-5
-11
-5
-12
-11
-2
-11
-16
-15
-17
-15
-14
-5
-9
-10
-9
-12
-12
-7
2
0
-6
-5
-11
-13
-10
-5
2
0
1
3
2
-1
-4
0
1
-8
-7
-2
-10
-1
1
-8
-7
-15
-22
-11
-8
-10
-6
-18
-23
-10
-14
-14
-7
-15
-13
-23
-25
-16
-17
-12
-10
-9
-3
-7
-6
-5
-9
-8
-2
5
3
0
-3
-3
7
-1
-3
1
-3
-2
5
12
9
7
8
5
6
26
23
17
17
15
9
-3
8
12
-4
8
7
-5
-4
-3
0
2
2
0
3
5
12
7
13
10
1
-1
-7
3
10
4
-7
2
2
1
14
10
5
4
-3
-6
-5
-7
-2
4
-3
4
11
2
3
1
2
3
2
3
4
3
8
8
11
10
10
15
4
-8
2
13
0
0
7
-1
0
6
8
12
20
10
2
6
13
14
12
8
12
4
2
3
11
12
6
9
1
1
3
-8
-9
-5
-14
-11
-9
-13
-9
-5
-9
-8
-7
-3
1
-2
-2
7
-8
-12
-8
-9
-7
-6
-6
-5
4
1
3
2
-9
-12
-13
-18
-21
-13
-7
-1
-1
5
2
-5
-16
-16
-4
-6
-1
4
-2
0
1
-4
-1
-4
-7
-7
-5
-12
-6
-7
-12
-6
-9
-15
-15
-8
-2
-10
-7
-3
-9
-3
-3
-5
-5
-2
-5
1
0
2
4
1
9
3
-11
-14
-8
-7
1
6
4
7
5
3
-1
4
1
-3
-5
8
11
0
7
17
12
7
13
15
10
10
1
0
13
6
-8
0
7
2
11
14
9
1
-4
-9
10
11
2
7
12
16
8
8
8
8
6
9
6
8
-2
-4
-2
-3
-4
-4
-1
-6
1
14
10
-1
4
10
4
2
0
3
1
-5
-15
-3
-5
-7
-6
6
14
10
25
18
8
12
13
2
8
11
10
5
9
8
11
14
6
9
4
6
18
28
15
10
5
1
9
8
1
6
1
-14
-11
-8
-7
-4
-16
-15
-9
-9
-3
-10
-13
-11
-19
-28
-24
-25
-30
-29
-21
-21
-22
-20
-24
-23
-20
-21
-19
-16
-22
-21
-14
-17
-19
-16
-11
-11
-12
-9
-5
-4
-12
-8
-3
-4
10
20
6
-2
-1
2
1
9
7
5
10
9
4
9
26
17
7
8
9
-4
-6
1
-5
-6
-6
-7
-3
2
4
5
8
1
0
3
-11
-12
-2
-3
-8
-5
-3
0
-5
-8
3
7
0
2
15
6
4
9
16
9
3
7
2
3
3
-2
6
13
11
8
14
13
4
5
14
24
16
16
21
12
11
9
3
-1
-1
2
13
12
6
10
5
8
15
17
13
9
21
17
4
9
9
4
17
22
16
12
19
15
6
16
17
5
6
6
-2
8
10
1
-4
-11
-16
-13
-11
-9
-8
-7
-8
-6
-6
-18
-14
-14
-13
-12
-14
-16
-17
-14
-10
-16
-17
-18
-15
-10
-1
-5
-8
-3
-16
-16
-11
-16
-23
-15
-16
-13
-7
-5
-10
-8
-5
-5
-4
-9
-11
-17
-15
-7
-2
-2
-3
-4
-6
-1
-3
-3
-4
-10
-9
-5
1
13
8
5
7
-2
-4
-5
-5
0
-1
6
11
6
0
5
6
-2
-5
-1
-4
-8
-6
-1
-1
-9
-10
0
6
11
9
7
15
10
2
-2
4
0
-3
1
-3
-4
-10
-3
0
-1
-7
-7
-4
-5
-3
-3
6
6
-6
-1
-4
-6
1
2
5
0
-3
-4
5
-1
-3
5
2
3
15
24
17
18
14
8
10
13
14
23
14
6
11
12
12
16
15
15
21
21
23
15
18
16
-3
9
20
14
12
17
21
23
17
16
19
2
1
9
11
15
14
11
12
7
6
12
12
15
17
5
-4
-2
-4
-3
-16
-22
-16
-19
-21
-18
-21
-20
-23
-29
-24
-26
-31
-28
-26
-18
-21
-30
-23
-19
-28
-27
-28
-29
-21
-26
-31
-27
-29
-21
-10
-21
-21
-16
-22
-24
-11
-4
-17
-12
-9
-8
-2
-3
1
-4
-6
-6
-4
-1
3
9
8
7
12
10
14
15
21
24
18
24
28
13
12
23
16
19
22
10
12
16
10
7
10
13
8
6
8
-5
-8
-4
-9
0
-1
-9
1
-2
1
4
-12
-18
-4
0
4
-2
-2
4
0
-5
4
2
-7
-3
-3
1
-3
-5
7
3
0
11
8
3
3
8
7
12
15
11
14
20
19
12
11
16
12
6
13
14
10
10
5
12
17
8
17
22
9
16
24
16
4
0
8
2
11
20
6
11
7
1
4
6
-1
1
6
4
-3
-10
-8
-16
-18
-21
-15
-11
-11
-16
-21
-23
-23
-16
-16
-12
-14
-13
-14
-15
-16
-15
-10
-5
-3
-2
-5
-9
-6
-10
-15
-12
-10
-18
-19
-6
0
-5
-7
-2
2
3
-1
2
2
0
-1
-6
1
2
4
1
2
6
4
0
4
0
-3
7
0
-5
-8
-5
-8
0
-4
-7
3
-3
-12
-6
1
-1
-1
-10
-14
-11
-12
-14
-3
-1
-14
-19
-2
-2
-7
-1
-7
-7
-6
-4
-6
-3
-3
2
5
6
-4
-3
1
-2
7
3
1
1
10
7
2
11
12
3
11
14
7
6
14
16
14
12
7
8
5
10
9
-1
4
-2
-3
1
4
6
-4
-1
5
6
12
16
25
21
6
8
11
7
1
1
5
6
12
23
22
33
30
19
25
17
13
17
22
20
15
10
9
7
4
0
8
10
-2
0
4
-4
2
3
-1
-4
-15
-19
-11
-10
-11
-13
-8
-7
-11
-5
-5
-6
-5
-10
-17
-9
-1
-10
-18
-25
-24
-25
-15
-10
-9
0
-7
-6
-4
-3
0
-9
-14
-14
-8
-7
-8
1
4
-1
2
1
2
0
3
5
6
11
-3
-1
-4
-7
-8
-9
-8
-8
-9
-11
-10
-12
-14
-13
-10
-19
-12
-8
-19
-13
-1
-9
-13
-8
-7
-9
-13
-15
-10
-11
-10
0
4
2
-3
-9
-10
-3
-4
-14
-8
-6
-10
-4
1
4
7
10
9
6
3
8
13
9
12
16
15
12
16
11
10
13
21
18
11
13
13
14
12
12
8
7
-1
4
13
11
7
2
0
-4
0
3
6
6
4
11
11
17
16
15
12
12
9
15
17
12
3
-4
0
3
11
12
12
15
11
3
-1
0
0
-7
-4
4
2
-4
-2
-1
4
15
9
5
8
6
1
14
19
11
6
6
2
-4
-2
-7
-11
-13
-18
-15
-3
-9
-8
-2
-4
-12
-15
-14
-13
-22
-22
-20
-23
-18
-14
-5
5
8
-2
-11
-8
-7
-11
-7
-8
-22
-17
-6
-9
-14
-4
1
-4
0
5
5
-4
-5
-2
-9
-6
-4
-6
0
1
-1
3
2
-1
0
2
1
4
-7
-7
3
2
2
0
-3
1
-2
-6
6
2
-2
6
-4
-13
-6
-1
3
1
-4
-2
-7
-13
-8
-7
-11
-19
-13
1
5
0
-4
-1
-5
-7
1
6
-2
-7
1
3
-2
0
16
12
11
16
12
11
16
25
22
16
15
9
4
9
13
13
8
3
8
7
8
11
8
5
6
4
6
0
-5
8
7
0
-2
2
2
-11
-1
0
-7
-12
-14
-15
-2
7
-5
-1
3
0
0
0
-1
3
1
-10
2
10
-6
-7
5
-3
-11
-2
2
2
5
4
6
12
9
4
2
13
20
9
10
17
7
8
4
6
6
3
4
8
12
5
10
10
2
10
-1
-7
-1
-4
-13
-3
-1
-10
-2
2
1
-7
-3
-3
-12
-15
-12
-13
-10
-9
-1
-2
-16
-14
-16
-15
-7
-2
-6
-1
4
-3
-9
-15
-10
-8
-9
-10
-5
-9
-12
-4
-7
-2
5
2
8
6
-3
1
5
7
6
10
4
-8
-1
0
-13
-8
-3
-4
-8
-3
4
-7
-7
-4
-20
-20
-15
-13
-9
-4
-3
-5
-10
-12
-4
-2
-16
-12
-2
-8
-2
1
9
6
-2
5
1
0
8
2
5
4
-3
-1
-1
-5
-4
-2
-4
1
7
4
2
10
6
11
20
10
10
4
-3
0
-3
4
9
10
16
17
10
13
4
0
6
4
-2
3
9
4
8
12
6
5
13
23
18
20
21
13
19
20
19
14
12
17
12
4
4
6
16
13
6
14
19
10
3
11
7
5
8
9
4
7
6
4
-2
-3
-2
-9
-8
-1
4
7
1
-2
-1
-5
-14
-7
-13
-17
-14
-13
-14
-8
-8
-16
-8
-10
-8
-3
-1
-5
-4
-6
-4
5
4
-13
-18
-15
-14
-5
-6
-12
-6
-13
-7
-6
-17
-18
-17
-23
-27
-26
-23
-21
-20
-15
-14
-18
-28
-32
-29
-31
-31
-21
-19
-19
-20
-18
-15
-15
-5
-6
-15
-13
-13
-15
-5
2
-2
3
2
7
12
10
12
10
16
15
12
12
15
13
16
18
13
10
13
14
22
23
17
23
16
16
18
16
18
21
18
15
18
16
17
20
20
24
23
25
26
21
16
11
11
10
6
10
9
5
5
8
12
10
6
3
-3
0
3
6
6
2
-2
-2
-2
-10
-8
-3
4
3
4
4
-2
-4
0
3
10
-2
-6
-4
-4
-2
-1
-1
-6
-5
-7
-8
-15
-17
-17
-9
-13
-18
-15
-16
-11
-3
-3
-3
-11
-14
-12
-4
10
15
11
12
4
2
5
2
5
8
13
8
2
0
-5
-9
-7
-8
-6
-1
6
10
7
7
8
1
5
10
-4
-9
-2
-3
1
6
7
-3
-9
-5
-4
-10
-18
-16
-15
-25
-22
-14
-22
-29
-25
-19
-28
-21
-8
-17
-23
-18
-15
-17
-20
-15
-8
1
1
-4
1
-5
-18
-17
-6
0
1
-4
-5
-9
-14
-11
1
2
-9
2
6
2
7
12
8
-2
5
5
7
22
25
17
15
12
22
20
16
26
23
22
19
16
9
4
5
11
17
21
24
17
18
16
15
15
15
19
20
12
9
14
2
4
7
8
3
-6
3
1
-9
-4
8
3
-2
-2
-2
-7
-12
-1
3
-5
-1
3
5
5
-1
-6
4
4
-1
9
3
-2
-4
-1
-3
-7
0
-1
-7
-5
-10
-10
-10
-11
-1
-6
-1
5
-1
2
0
-7
-14
-14
-6
-6
0
9
4
6
4
-5
-6
-16
-22
-12
-11
-17
-9
-6
-7
1
5
-2
-6
-11
-5
-2
-2
4
-2
-1
2
0
-6
-10
-10
-1
-1
-2
-4
-1
6
2
-5
-10
-17
-19
-12
-10
-6
-1
-5
6
12
8
2
-1
0
-7
1
7
10
9
3
2
14
13
8
6
1
-1
-5
-8
3
2
-8
0
3
11
16
8
1
8
10
9
5
7
3
-1
1
4
-2
-8
-8
-11
-9
-14
-12
-3
3
1
-2
-4
-7
-12
-16
-14
-14
-14
-13
-11
-2
-4
-11
-4
-8
-7
-2
-6
-10
-6
-5
-7
-3
-2
-1
-5
-5
-4
-6
-1
5
17
11
14
14
7
13
13
15
16
8
-4
4
11
5
13
16
11
13
13
3
6
14
15
20
21
26
16
19
24
20
21
20
13
14
23
24
24
19
17
17
16
14
10
10
11
14
12
13
10
6
2
3
3
-2
-4
-9
-14
-8
-3
-5
-7
-6
-10
-16
-14
-19
-21
-23
-26
-18
-18
-19
-9
-12
-9
-16
-20
-20
-18
-16
-27
-31
-23
-23
-27
-19
-6
-8
-8
-9
-9
-10
-17
-10
-8
-9
-7
-8
-22
-23
-21
-23
-15
-6
-12
-9
-7
-12
-9
-1
-2
-6
-4
-1
5
-2
9
11
-1
6
15
6
-5
-4
-2
0
7
18
14
6
7
10
8
10
7
6
3
5
13
12
11
11
14
13
7
6
1
6
7
5
0
-1
-3
-1
6
6
4
-1
-2
-1
-5
-4
-3
-4
-3
-11
-5
-3
-4
-3
-6
-3
3
4
7
7
7
11
7
15
22
23
26
19
16
21
16
13
14
21
21
15
15
16
6
5
13
9
19
22
12
9
6
2
-3
1
-5
2
8
6
9
-2
-4
-2
-4
-2
-2
-10
-15
-17
-14
-13
-15
-19
-16
-11
-12
-12
-5
-9
-8
1
-5
-2
2
-2
-1
3
7
2
-4
-6
-9
-6
-2
0
7
8
0
1
2
-2
-3
-5
-6
-12
-10
-6
-11
-8
-5
-7
-6
-14
-18
-12
-12
-7
-7
-14
-15
-12
-11
-14
-6
-7
-13
-12
-6
-2
0
1
2
0
-3
-8
-7
2
1
-6
-1
-1
-5
-9
-6
4
6
13
10
8
11
4
7
14
7
5
6
4
1
-1
-4
-7
-3
-6
-8
-9
-4
3
6
3
-5
-7
-6
-6
-7
-8
-2
-10
-9
-3
-9
-4
1
-4
1
8
-2
0
3
1
-4
-3
-2
0
0
2
1
5
0
-10
-2
7
6
15
16
3
5
10
11
13
13
16
15
11
10
14
13
14
10
13
12
5
1
9
21
20
26
24
14
11
9
6
9
11
5
8
10
12
14
17
22
23
30
19
14
21
6
2
6
8
6
6
7
1
1
2
-2
3
5
0
-2
-4
-12
-20
-22
-25
-20
-20
-15
-16
-16
-13
-17
-16
-13
-20
-16
-18
-20
-23
-24
-16
-22
-24
-14
-17
-17
-13
-22
-23
-22
-27
-21
-13
-17
-13
-11
-10
-7
-7
-6
-7
-1
6
8
4
3
0
-8
-8
-1
-2
6
9
6
5
-3
1
5
-1
1
-3
-13
-8
-12
-4
1
2
5
-3
-6
0
2
-1
5
-3
-14
-9
-6
-8
-5
0
-3
-4
-4
-5
-7
-2
0
10
9
3
10
10
11
9
3
4
3
-7
9
15
16
16
18
20
12
10
10
10
1
10
12
10
17
18
19
18
13
11
9
6
13
18
14
5
11
16
15
10
6
8
3
2
7
13
13
16
12
9
7
8
4
-1
14
21
21
19
10
6
13
6
12
18
4
-2
4
0
5
10
5
7
8
7
2
-9
-12
-10
-4
-6
-12
-18
-15
-20
-22
-17
-18
-18
-17
-18
-9
-11
-15
-12
-9
-15
-12
-6
-9
-14
-17
-21
-16
-17
-21
-10
-15
-14
-11
-10
-9
-14
-15
-14
-12
-11
-15
-18
-11
-14
-14
-4
-2
1
3
-2
-5
-1
-1
4
9
6
-2
-6
-8
-10
1
1
-2
-2
-4
-4
-7
-4
-3
-1
-1
1
-3
1
-3
1
-3
-9
-2
-4
-1
3
-2
2
-1
-8
6
3
-1
-3
-6
-2
-5
-7
-5
-10
-15
-4
3
-2
-4
-2
-4
-2
4
1
10
15
21
19
18
25
20
12
14
15
17
15
11
16
12
10
13
10
13
15
11
15
13
6
12
25
27
23
19
19
24
27
27
27
27
22
23
22
18
16
13
12
8
9
13
8
-2
-1
-8
-6
-4
-12
-13
-8
-8
-5
0
-6
-9
-7
-11
-15
-12
-22
-16
-14
-17
-14
-19
-20
-19
-12
-9
-10
-10
-7
-12
-9
-8
-13
-19
-25
-16
-6
-4
-3
-1
-4
-2
1
3
-4
-1
-3
-11
2
3
-1
7
8
2
-1
-4
-14
-20
-15
-9
-8
-4
-6
-11
-8
0
0
1
-3
-6
-7
0
-3
-5
2
2
1
-2
-6
-1
-6
-12
-6
-10
-13
-20
-22
-12
-9
-18
-14
-12
-18
-16
-4
1
3
4
-4
-3
0
0
-3
1
6
10
5
7
9
4
9
12
10
2
-1
1
5
0
-2
13
8
2
14
11
-1
1
12
8
9
15
15
12
10
15
19
16
15
6
10
5
3
6
11
12
5
10
15
18
8
6
4
-1
0
2
10
15
17
19
20
12
12
5
0
0
2
9
17
16
7
-6
-14
-9
-12
-14
-10
-10
-11
-19
-18
-12
-7
-2
2
10
1
-4
5
5
6
13
9
1
-5
-5
-5
-9
-12
-10
-14
-5
1
-6
-7
-4
3
0
-10
-6
-5
-5
2
3
3
11
17
11
14
12
1
-8
-4
2
3
2
3
1
-4
-5
-7
-15
-11
-10
-10
-15
-18
-10
-3
-4
0
0
-5
-5
-14
-10
-3
-7
-6
0
-7
-6
-3
-3
-3
-5
-17
-17
-8
-12
-6
2
-3
-8
2
-5
-9
-10
-9
-3
0
5
8
9
1
-3
-7
-3
-8
-3
2
-4
0
6
5
0
4
-5
-11
-4
-8
-9
-9
-9
-11
-3
7
3
9
9
2
1
-1
0
8
10
11
13
8
6
10
12
12
10
7
5
12
9
11
11
4
3
-3
0
7
8
11
11
6
8
13
17
11
9
7
4
-1
-1
0
4
2
6
7
-2
-8
-5
-1
3
8
1
-2
-5
-2
0
0
4
3
-5
-5
2
4
-4
-3
2
-4
2
10
5
5
6
2
-1
4
4
4
9
8
6
5
7
3
6
5
2
0
-6
-1
-4
-8
-5
2
0
-2
-4
-5
-5
-9
6
8
3
1
0
-3
-7
-7
-9
-13
-15
-12
-7
-1
6
11
6
0
-1
-5
-5
-11
-16
-8
-7
-9
-9
-3
-3
-2
2
-4
-3
-1
0
0
-1
-5
-5
0
-7
-8
-1
-4
2
0
0
-2
-14
-11
-10
-15
-10
0
-12
-15
-7
-10
-3
1
4
1
-3
-5
-8
-4
-1
-6
-3
-7
-14
2
16
5
2
9
4
1
1
-3
-9
-7
-1
-5
-9
-15
-20
-11
-10
-4
-2
-8
-8
-9
-8
-7
-8
-3
1
2
3
4
2
-8
-3
2
9
13
15
9
5
10
7
9
18
15
18
20
17
23
18
18
22
22
20
26
25
21
24
34
37
33
29
26
23
18
18
21
22
14
11
16
13
6
2
2
-1
-3
-4
1
-1
-4
-4
-2
-12
-15
-10
-19
-15
-10
-10
-9
-11
-12
-14
-20
-23
-29
-24
-17
-20
-19
-13
-15
-13
-5
-3
-2
-3
-2
-4
-8
-12
-13
-7
-6
-4
4
8
0
1
1
-8
-4
-1
2
4
-3
-3
-2
0
5
5
2
2
-8
-12
-9
-11
-7
-3
-3
-5
-12
-10
-8
-10
-14
-15
-16
-12
-8
-4
4
-4
-5
-1
5
6
-3
-2
-1
0
-1
2
6
4
-2
1
3
-7
-12
-4
1
4
1
-1
-1
-17
-19
-7
-7
-4
-4
-3
-2
3
4
4
5
2
-1
-10
-2
-5
-11
-5
-3
0
9
15
7
16
16
11
12
6
6
11
14
12
20
16
14
15
17
22
16
13
11
12
10
5
4
5
0
-2
7
8
2
1
3
1
-3
0
3
6
6
-1
-1
1
-1
-5
-13
-15
-15
-11
-8
-7
-2
-2
-5
-2
-3
-4
-2
4
-2
1
3
-4
-5
0
3
1
6
14
16
13
15
7
10
18
16
19
20
15
12
15
10
2
3
7
10
11
8
2
4
0
-3
-1
-5
0
-1
-7
-4
-1
-7
-8
-8
-11
-6
-2
-3
-9
-8
-5
-7
-8
-7
-4
-4
-6
-10
-6
-9
-9
-11
0
0
-5
-10
-2
-17
4
-21
-12
-7
-33
1
-35
-7
-20
-14
-19
-12
-12
-22
-13
-6
-14
-9
-13
-7
-27
-19
-23
-32
-9
-21
2
-11
-8
-14
-10
-4
-5
9
-2
3
6
9
10
10
17
9
13
17
9
5
7
6
9
18
10
18
17
10
15
13
10
1
10
11
12
10
9
10
10
10
6
4
8
3
2
4
1
-3
-3
2
7
4
1
1
0
4
7
9
12
6
2
5
11
8
8
11
8
10
17
6
3
7
7
8
11
8
1
9
8
5
11
10
8
13
11
7
10
11
10
8
5
1
2
1
5
12
6
1
-7
-2
1
1
-1
-2
-5
-2
-1
1
-4
-5
-3
0
-2
-8
-7
-11
-12
-9
-10
-14
-16
-22
-19
-12
-10
-13
-7
-9
-10
-5
-1
-3
-6
3
3
-3
-3
-6
-10
-8
-7
-4
-3
-11
-14
-13
-16
-17
-14
-14
-15
-8
-6
-7
-13
-13
-17
-17
-16
-17
-18
-16
-15
-13
-8
-7
-9
-1
4
-1
-2
-4
-1
-4
-9
-5
-6
-8
-2
0
3
2
1
4
-4
-5
6
7
12
7
5
7
6
7
9
7
12
12
14
16
18
18
17
12
12
13
12
13
10
15
16
16
19
24
22
13
9
3
4
8
15
27
23
16
17
20
20
14
8
9
8
7
10
8
7
3
-1
-5
-8
-3
-7
-8
-1
-4
-7
-11
-15
-13
-11
-10
-9
-6
-4
1
-3
-1
-1
-6
-14
-10
-17
-20
-16
-19
-20
-17
-12
-7
-4
0
-1
2
2
-2
-5
-9
-10
0
-3
-5
2
3
10
8
8
10
9
10
9
12
16
17
17
19
22
14
5
2
-1
-7
-3
5
2
4
4
0
-6
-5
-3
-3
6
0
-4
-7
-14
-14
-15
-11
-12
-8
-6
-14
-15
-18
-20
-14
-4
-1
-12
-15
-17
-20
-17
-8
-8
-8
-6
-13
-10
-5
-5
-2
-4
-10
-5
-12
-13
-4
0
1
-3
1
0
-2
-3
-1
4
9
3
5
7
4
1
-1
5
12
17
14
8
9
9
12
19
15
15
12
12
9
11
14
10
13
6
2
6
-3
0
9
1
3
8
-4
-4
-1
2
8
2
1
1
-3
-8
-5
-9
-10
-14
-19
-15
-4
-11
-16
-10
-11
-11
-10
-9
-6
-8
-10
-6
2
3
-8
-8
2
-1
3
9
14
18
16
16
13
14
18
19
15
11
7
13
15
18
30
35
24
19
23
21
19
16
13
22
28
22
13
13
4
0
15
17
12
4
3
-2
-8
-7
-6
-11
-16
-13
-11
-14
-19
-18
-9
-12
-18
-10
-10
-16
-15
-16
-18
-26
-24
-21
-27
-26
-23
-25
-24
-22
-19
-12
-12
-14
-10
-7
-7
-9
-3
-1
-4
-3
4
4
0
-3
-10
-6
-10
-11
-11
-17
-9
-7
-4
-2
-6
-12
-5
1
-7
-3
-2
-1
-1
1
3
6
3
0
2
3
6
3
4
1
-6
-7
-3
6
-2
-4
4
1
3
1
11
19
9
7
10
7
2
10
11
14
13
6
6
9
11
9
10
7
10
7
5
5
6
10
7
5
6
7
4
3
3
10
12
14
13
9
18
14
5
13
12
8
15
13
5
5
8
9
7
9
12
11
11
9
12
9
10
10
8
14
15
12
11
9
-2
-5
-2
-4
-4
3
2
3
4
-4
-5
-15
-32
-30
-29
-29
-18
-12
-15
-17
-16
-25
-24
-17
-20
-27
-23
-13
-15
-14
-10
-6
-6
-8
-3
-2
-7
-8
-6
-8
-8
-9
-2
3
-2
-5
-6
-7
-12
-4
2
2
6
3
-1
0
0
4
4
6
12
9
11
6
5
5
13
7
-6
-4
-9
-8
1
9
8
2
11
7
-4
-5
-9
-17
-14
-5
-9
-7
-8
-3
4
2
-1
-1
-4
-8
-11
-12
-3
-3
-11
-2
2
-4
-9
-4
-4
-3
-6
-10
-5
-4
-2
1
-2
2
4
0
4
3
1
8
10
2
-1
4
1
-3
7
9
-3
-7
2
3
12
13
14
15
5
8
11
8
11
17
15
16
18
21
14
20
24
15
12
16
15
12
12
11
11
18
16
11
6
4
5
-1
7
6
8
10
-2
-7
-4
-10
-15
-7
1
-1
1
3
-1
5
6
6
1
-7
-7
-5
-7
-6
-5
1
5
13
16
16
16
8
10
9
12
18
17
14
18
10
6
5
10
12
11
6
5
5
0
-2
-5
-4
-3
-5
-3
-8
-24
-30
-38
-40
-28
-28
-42
-32
-34
-46
-37
-42
-48
-44
-38
-40
-40
-37
-41
-47
-50
-53
-53
-44
-36
-32
-22
-26
-26
-21
-26
-21
-14
-19
-17
-13
-3
11
21
29
33
35
34
29
36
43
37
36
40
40
44
50
60
64
60
59
56
48
44
46
39
39
39
39
32
18
17
21
13
1
0
-9
-13
-24
-21
-18
-25
-33
-37
-38
-48
-55
-52
-49
-53
-47
-48
-51
-55
-55
-58
-46
-38
-37
-30
-17
-13
-9
-4
2
12
13
19
26
33
47
51
59
70
67
75
83
85
100
101
98
102
95
88
94
95
90
89
81
64
62
59
55
51
41
34
21
7
-5
-16
-26
-44
-57
-75
-92
-99
-109
-118
-126
-141
-161
-173
-176
-174
-176
-179
-181
-178
-176
-162
-150
-141
-134
-123
-99
-85
-66
-47
-31
-8
2
26
45
60
88
114
146
177
189
211
237
238
249
265
272
276
285
288
271
269
265
256
241
221
195
172
151
113
79
46
10
-30
-74
-114
-151
-201
-237
-269
-296
-322
-356
-389
-411
-441
-445
-455
-476
-461
-462
-466
-448
-431
-413
-380
-351
-331
-300
-253
-205
-139
-71
-21
35
94
154
198
252
300
352
422
487
536
565
630
664
670
723
768
747
752
756
737
729
700
660
619
556
495
423
339
280
203
130
73
-16
-98
-200
-301
-382
-497
-591
-676
-779
-859
-929
-1006
-1060
-1104
-1157
-1166
-1170
-1175
-1142
-1094
-1057
-1028
-978
-885
-818
-748
-634
-519
-412
-297
-175
-41
104
232
368
517
667
814
959
1100
1229
1333
1429
1522
1582
1647
1705
1733
1743
1740
1721
1672
1606
1552
1478
1368
1254
1142
990
830
695
538
357
228
50
-183
-357
-540
-760
-953
-1116
-1331
-1518
-1697
-1889
-2064
-2186
-2312
-2428
-2489
-2572
-2639
-2674
-2671
-2607
-2478
-2371
-2272
-2118
-1949
-1753
-1477
-1228
-972
-694
-491
-228
60
318
607
934
1261
1530
1820
2110
2309
2554
2807
2907
3065
3222
3289
3362
3390
3336
3332
3280
3142
2978
2831
2724
2501
2274
2058
1803
1494
1178
842
523
261
-19
-377
-714
-1063
-1513
-1917
-2285
-2640
-2970
-3270
-3514
-3821
-4086
-4244
-4410
-4526
-4583
-4641
-4620
-4574
-4502
-4332
-4215
-3997
-3633
-3233
-2769
-2333
-1913
-1528
-1132
-666
-125
429
1003
1576
2087
2505
2954
3422
3806
4169
4548
4813
5033
5271
5325
5428
5475
5417
5354
5312
5122
4854
4687
4338
3957
3634
3286
2917
2654
2394
1910
1411
947
354
-122
-422
-936
-1472
-1893
-2400
-2878
-3292
-3681
-4117
-4448
-4693
-4958
-5150
-5359
-5565
-5614
-5570
-5550
-5554
-5460
-5358
-5145
-4857
-4523
-4046
-3516
-3054
-2596
-2042
-1569
-1075
-475
93
658
1293
1863
2279
2741
3260
3667
4081
4564
4901
5099
5329
5473
5480
5510
5536
5499
5429
5270
5070
4839
4488
4187
3912
3601
3287
3023
2653
2143
1733
1212
700
219
-282
-789
-1259
-1690
-2260
-2761
-3186
-3591
-4000
-4304
-4676
-4998
-5228
-5476
-5625
-5728
-5805
-5825
-5765
-5794
-5725
-5510
-5238
-4874
-4339
-3818
-3352
-2802
-2380
-1924
-1346
-758
-248
346
1002
1509
2016
2598
3049
3410
3926
4364
4638
4955
5232
5328
5530
5728
5708
5678
5634
5424
5172
5017
4769
4471
4235
3985
3704
3386
2969
2481
2023
1580
1085
616
61
-551
-1068
-1605
-2183
-2656
-3108
-3558
-3924
-4268
-4641
-4924
-5161
-5473
-5695
-5800
-5964
-6001
-5925
-5913
-5813
-5515
-5255
-4909
-4338
-3809
-3399
-2970
-2562
-2160
-1530
-905
-374
321
1036
1536
2106
2707
3102
3592
4109
4470
4848
5246
5446
5602
5880
5956
5920
5973
5896
5693
5557
5329
5045
4860
4576
4196
3866
3470
3038
2670
2244
1686
1239
738
104
-435
-977
-1571
-2110
-2544
-3099
-3537
-3925
-4425
-4847
-5086
-5341
-5608
-5732
-5877
-6073
-6147
-6174
-6221
-6112
-5924
-5586
-5050
-4608
-4250
-3720
-3271
-2846
-2262
-1700
-1196
-549
172
738
1321
2000
2479
2889
3505
3992
4346
4792
5116
5350
5571
5745
5795
5797
5816
5706
5536
5417
5122
4806
4591
4321
4095
3791
3369
2968
2562
2028
1645
1221
624
88
-437
-1068
-1646
-2119
-2620
-3115
-3470
-3898
-4375
-4709
-5024
-5411
-5609
-5736
-5906
-6041
-6111
-6060
-5970
-5775
-5525
-5113
-4621
-4207
-3800
-3314
-2892
-2379
-1768
-1280
-745
-25
552
1064
1707
2257
2708
3239
3778
4159
4560
4896
5128
5341
5534
5612
5693
5777
5663
5489
5374
5202
4913
4722
4478
4215
3927
3470
3084
2740
2253
1787
1327
745
191
-296
-899
-1541
-2048
-2501
-3011
-3432
-3799
-4241
-4564
-4865
-5211
-5470
-5580
-5814
-5944
-5918
-5981
-5983
-5830
-5637
-5275
-4734
-4270
-3835
-3341
-2865
-2420
-1845
-1324
-812
-75
650
1155
1696
2316
2802
3276
3867
4286
4597
4993
5262
5401
5620
5811
5796
5807
5749
5546
5358
5143
4855
4602
4383
4083
3811
3527
3119
2702
2350
1787
1202
784
181
-430
-859
-1418
-2029
-2440
-2907
-3418
-3784
-4213
-4660
-4949
-5194
-5533
-5708
-5787
-5994
-6022
-5981
-6061
-5991
-5798
-5510
-5037
-4474
-4016
-3503
-3009
-2653
-2044
-1373
-913
-332
448
950
1423
2113
2625
3070
3687
4194
4478
4862
5182
5310
5505
5704
5776
5889
5868
5632
5443
5258
4908
4630
4427
4107
3801
3534
3090
2590
2219
1722
1168
785
311
-346
-896
-1411
-2012
-2471
-2820
-3343
-3773
-4119
-4634
-5070
-5273
-5535
-5840
-5912
-6003
-6108
-6082
-6083
-6079
-5885
-5610
-5222
-4616
-4143
-3757
-3213
-2748
-2342
-1743
-1113
-521
232
977
1407
1941
2591
3035
3579
4218
4623
4962
5354
5566
5703
5966
6063
6098
6163
6016
5786
5575
5350
5032
4873
4616
4226
3946
3528
3042
2692
2248
1679
1168
640
16
-531
-1076
-1695
-2157
-2636
-3281
-3728
-4024
-4508
-4902
-5153
-5475
-5813
-5941
-6042
-6172
-6162
-6197
-6229
-6126
-5979
-5633
-5036
-4501
-3979
-3446
-2947
-2528
-1923
-1307
-727
73
808
1319
1910
2545
2956
3498
4179
4627
4991
5478
5715
5765
6005
6081
6091
6176
6093
5864
5677
5476
5116
4827
4551
4248
3957
3611
3157
2750
2238
1604
1038
465
-135
-710
-1248
-1908
-2469
-2973
-3504
-3992
-4379
-4763
-5147
-5444
-5827
-6081
-6277
-6439
-6477
-6500
-6532
-6530
-6458
-6192
-5802
-5307
-4726
-4148
-3597
-3093
-2607
-2020
-1419
-776
13
749
1360
1951
2560
3101
3643
4251
4743
5110
5552
5908
6030
6209
6356
6419
6437
6370
6198
5915
5645
5392
5085
4762
4433
4034
3595
3139
2668
2128
1589
1030
434
-143
-785
-1433
-2047
-2639
-3130
-3649
-4162
-4621
-5001
-5376
-5707
-5936
-6221
-6441
-6524
-6596
-6612
-6530
-6410
-6298
-6053
-5587
-4993
-4395
-3866
-3344
-2759
-2213
-1623
-1003
-330
453
1193
1819
2418
3015
3512
3980
4573
5071
5450
5909
6256
6412
6550
6691
6726
6707
6537
6276
5946
5657
5276
4864
4566
4203
3834
3447
3004
2455
1940
1399
788
153
-480
-1063
-1694
-2299
-2850
-3346
-3853
-4399
-4829
-5190
-5513
-5833
-6089
-6359
-6583
-6643
-6699
-6725
-6694
-6577
-6393
-6154
-5685
-5111
-4538
-3958
-3372
-2846
-2228
-1598
-966
-261
518
1305
1954
2546
3120
3584
4033
4627
5112
5524
5968
6268
6449
6583
6621
6612
6626
6527
6279
5978
5651
5242
4820
4460
4118
3795
3401
2924
2349
1763
1145
579
53
-554
-1110
-1742
-2420
-3009
-3591
-4097
-4537
-4969
-5321
-5682
-6002
-6293
-6520
-6702
-6772
-6715
-6692
-6673
-6595
-6490
-6322
-5829
-5194
-4567
-3912
-3296
-2782
-2276
-1634
-948
-273
544
1340
1981
2591
3142
3629
4093
4607
5038
5471
5963
6301
6462
6596
6639
6623
6592
6432
6231
6022
5672
5262
4879
4475
4067
3757
3406
2844
2391
2022
1357
770
352
-394
-1073
-1540
-2189
-2907
-3293
-3767
-4329
-4668
-5014
-5467
-5736
-5878
-6246
-6386
-6446
-6594
-6618
-6572
-6525
-6374
-6068
-5761
-5140
-4372
-3781
-3214
-2574
-2143
-1617
-795
-212
521
1459
2174
2705
3339
3878
4211
4722
5180
5510
5925
6281
6410
6572
6697
6583
6469
6400
6150
5822
5568
5258
4828
4485
4179
3734
3304
2939
2402
1979
1796
1275
253
-394
-1044
-1702
-2235
-2604
-2660
-2916
-4244
-5396
-5365
-5648
-6537
-7206
-7501
-7947
-8415
-8412
-7659
-6924
-6753
-6703
-6190
-4778
-2837
-1714
-1093
-385
322
709
972
1132
1375
2080
2874
3199
3425
3456
3260
3332
3386
3289
3951
4842
5130
5382
5782
5826
5733
5904
5634
5374
5413
5511
5404
5134
4916
4287
3362
2402
2036
2205
1822
975
-170
-1550
-2820
-3589
-4130
-4545
-4667
-5077
-5824
-6571
-7219
-7174
-6327
-5908
-6074
-6056
-6222
-6589
-6267
-5715
-5069
-4288
-3994
-3686
-1259
1774
2069
1470
2559
3139
2052
1647
2091
1809
1938
2503
2809
3096
3222
3116
3151
3009
2836
3921
4823
5007
5735
6573
6146
5587
5661
5035
4424
4812
4662
3178
1933
1486
1084
693
761
773
-104
-1287
-2177
-2919
-3461
-3784
-4235
-4811
-5404
-5892
-6245
-6215
-6115
-5937
-5845
-6289
-6549
-5967
-5097
-4616
-3987
-3558
-4280
-4231
-1135
2630
3150
2115
2516
2815
1749
1385
2227
2246
1522
1357
1631
1984
2436
3248
3507
2827
2502
3318
4121
4528
5707
6693
6263
5464
5119
4622
4128
4215
4099
3368
2223
935
354
408
441
416
162
-1063
-2261
-2633
-3116
-3587
-3580
-4147
-5157
-5636
-6026
-6470
-6042
-5661
-5852
-6205
-6421
-6408
-5479
-4499
-3986
-3743
-4238
-4016
-818
3248
3554
2061
2452
2811
1621
1138
1892
1661
593
284
772
1542
2268
2749
2692
1901
1633
2873
4238
4977
6028
6791
5978
5193
5178
4998
4493
4358
4047
2934
1498
326
146
450
586
641
147
-1180
-2273
-2542
-2643
-2915
-3489
-4568
-5542
-5801
-5785
-5634
-5025
-5015
-5877
-6394
-6245
-5871
-4924
-3914
-3940
-4402
-4658
-3635
55
3926
3581
1323
1957
3035
1882
1220
1706
930
-364
-198
756
1759
2373
2578
2023
1219
1273
2885
4479
5226
6231
7068
6245
5139
5548
5653
4964
4468
3974
2872
1770
1238
831
601
701
816
254
-789
-1304
-1265
-1796
-2520
-2959
-3743
-4591
-4845
-5041
-5217
-4666
-4577
-5481
-6193
-6131
-5784
-4815
-3971
-4259
-4783
-4932
-3897
-215
3781
3680
1493
1451
2111
1422
1497
1845
177
-1717
-1515
-87
1144
2060
2085
1045
94
496
2257
4061
5050
5753
6192
5687
5179
5479
5719
5237
4430
3557
2750
1921
930
472
976
1635
882
-599
-1026
-386
-609
-1542
-1973
-2350
-3236
-3861
-3763
-3903
-4359
-4373
-4638
-5615
-5990
-5419
-5102
-4950
-4245
-4028
-4552
-4932
-2995
1060
3894
2355
167
1105
2220
1502
652
134
-1451
-2939
-2320
-268
933
773
199
-446
-672
457
2813
4087
4339
4993
5639
5174
4871
5326
4923
4249
3782
3077
2399
2200
1163
221
598
1340
1372
1043
427
187
40
-519
-1056
-1243
-1951
-2781
-3224
-3587
-3674
-3006
-2982
-4219
-5038
-4639
-4313
-3861
-3254
-3569
-4481
-4678
-2786
1473
4406
2763
439
1291
2311
1524
875
-4
-1900
-3088
-2253
-512
478
392
-228
-977
-1286
-78
1966
2993
3287
4246
5122
4967
4854
5166
4813
3729
3056
2874
2582
1861
736
287
1031
1608
1189
523
419
521
227
-283
-545
-849
-1628
-2139
-2414
-2888
-2947
-2488
-2776
-3778
-4223
-4050
-3822
-3213
-2611
-2850
-3747
-4446
-2295
2390
4599
2352
543
1500
1887
991
600
66
-2033
-3726
-2737
-536
275
-62
-597
-1687
-2211
-629
1441
2084
2548
3561
3929
3534
3702
3996
3443
2475
2373
2576
1561
230
-142
-203
-106
773
1249
789
442
221
-220
-274
-357
-981
-1531
-2261
-2690
-2496
-2234
-2211
-2029
-2579
-3491
-3603
-2899
-2004
-1866
-2232
-2821
-3164
-1386
3168
5502
3287
1261
1953
2506
2041
1302
-217
-2214
-3387
-2478
-296
633
-180
-1302
-2225
-2376
-755
1292
1972
2044
2788
3370
3354
3508
3696
3030
1914
1274
1391
1246
490
-575
-1498
-954
579
1393
420
-310
-333
-490
-377
-192
-560
-1474
-2237
-2397
-1989
-1640
-1457
-1430
-2127
-3307
-2904
-1843
-1025
-766
-1383
-2453
-2728
-416
3935
6134
3716
1376
2050
3009
2981
2588
710
-1883
-3175
-2279
-33
1236
239
-1367
-2244
-2380
-900
1193
1874
1708
2261
2843
2870
3175
3283
2317
1116
604
596
622
-28
-1391
-2172
-1250
-258
-155
-448
-359
-565
-1063
-1047
-824
-961
-1701
-2490
-2673
-2124
-1887
-1786
-1745
-2107
-2752
-2622
-2013
-1346
-855
-1002
-1885
-2216
305
4663
6245
3723
1959
2677
3437
3560
3111
1155
-1488
-2603
-1462
900
1755
361
-1267
-2331
-2240
-215
1702
1765
1702
2268
2577
2749
3450
3296
1928
818
455
252
488
-354
-2287
-3390
-2482
-1162
-968
-1169
-1402
-1383
-1535
-1615
-1343
-1342
-2360
-3097
-3082
-2683
-2325
-2058
-1882
-1653
-2373
-3044
-2063
-1022
-866
-1276
-1361
-1922
-1335
2251
6226
5942
3094
2994
4120
3990
3681
2941
113
-2126
-1352
556
1627
1351
76
-1452
-2074
-1059
897
1957
1829
2024
2839
3083
3219
3779
3147
1243
177
341
-411
-582
-585
-2631
-4343
-2222
-655
-1661
-1742
-1451
-2611
-2596
-1418
-1535
-1948
-2509
-3212
-2692
-1967
-2320
-2058
-1519
-2364
-2920
-2236
-1382
-865
-499
-972
-1743
-1729
1440
5829
6561
3744
2894
4524
5180
4729
3633
1485
-776
-1245
412
2464
2361
497
-936
-1546
-1008
1052
2394
1761
1755
2801
3101
2914
3494
3078
1280
269
378
120
-284
-1156
-3056
-4208
-2895
-1479
-1674
-2286
-2333
-2227
-2185
-1821
-1737
-2261
-3104
-3414
-3242
-2700
-2311
-2644
-2709
-2306
-2750
-3077
-2007
-1517
-1790
-1530
-1081
-1900
-1434
2567
6640
5534
2586
3522
5344
4647
3781
3098
620
-1452
-928
1209
2461
1548
-119
-851
-1096
-491
1552
2550
1856
1789
2854
3270
3241
3245
2579
1110
158
-88
-551
-724
-1310
-3262
-4191
-2543
-1697
-2156
-1928
-1934
-2584
-2188
-1744
-1933
-2279
-2936
-3428
-2985
-2518
-2499
-2709
-3086
-2968
-2610
-2714
-2281
-1278
-1355
-1457
-1198
-1508
-301
3878
6698
4912
2932
4432
6128
5145
3742
2525
341
-1105
47
1987
2262
995
-253
-774
-375
1007
2418
2586
1988
2488
3707
4177
3920
3458
2458
971
427
402
142
-469
-1674
-3473
-3601
-1921
-1286
-1743
-1971
-2418
-2661
-1903
-1606
-2068
-2505
-3333
-3675
-2811
-2265
-2830
-3368
-3386
-2953
-2781
-2919
-2555
-1935
-1916
-1914
-1637
-1652
422
4158
5595
3824
3281
4630
5078
4328
3361
1676
-524
-1082
517
1981
1528
367
-300
-789
-139
1806
2753
2120
2093
2967
3671
4033
4032
3034
1469
435
629
1506
1624
-342
-3186
-3702
-1971
-876
-1145
-1659
-2450
-2870
-2181
-1036
-816
-1897
-3355
-3871
-3363
-2349
-1880
-3173
-4417
-3643
-2548
-2576
-2652
-2591
-2559
-2317
-1829
-1596
-1500
506
4157
5019
2783
3074
5176
4882
3505
2584
925
-674
-481
792
1635
1124
45
-364
-108
666
1765
2145
1984
2402
3188
3716
3838
3454
2471
1268
682
1333
2057
538
-1660
-1873
-1525
-1683
-840
-266
-1492
-2121
-2010
-1821
-740
-912
-2750
-3314
-3244
-3253
-1870
-1831
-3880
-4227
-3079
-2735
-2695
-2781
-3179
-2959
-2480
-1731
-1721
-2122
401
4287
4410
2863
3325
3761
3773
3994
2614
295
-519
-376
460
1739
1347
37
-369
2
751
2048
2577
2221
2449
3285
3764
3914
3707
2614
1236
999
1682
1929
1026
-268
-934
-998
-1018
-352
287
-628
-1867
-1892
-1000
-312
-1034
-2399
-2928
-3062
-2934
-1936
-2097
-3922
-4439
-3377
-2600
-2503
-2793
-3295
-3507
-3020
-1944
-1797
-2858
-1409
2544
4339
3056
2531
3053
3402
3622
3003
1271
-473
-1120
-66
1907
2140
523
-400
-144
323
1496
2657
2194
1322
2126
3660
3751
3481
3279
1973
695
1485
2042
1544
1076
71
-1055
-597
286
639
395
-1184
-1984
-1195
-1059
-1602
-1857
-2924
-3570
-2924
-2642
-2668
-2999
-4098
-4127
-3031
-3086
-3417
-3278
-3721
-3478
-2272
-2071
-2975
-2025
1315
3351
2329
1566
2551
3047
3317
3425
1527
-510
-383
519
1656
2297
947
-493
145
1103
1669
2415
2080
1165
1897
3593
4016
3505
3125
2189
1298
1804
2673
2449
2278
1385
-729
-678
1592
1850
338
-793
-1747
-1930
-1111
-950
-1778
-2926
-3844
-3547
-2692
-2628
-3001
-3753
-4497
-3834
-2894
-3012
-3545
-4050
-4068
-2985
-2142
-2793
-2890
-593
2231
2550
1034
1411
2964
3378
2921
1943
148
-326
356
1766
2116
912
139
537
1329
1694
2256
1993
1126
1692
3473
4120
3583
2995
2630
2095
2293
3120
3601
2544
1008
738
1670
1771
831
1019
578
-783
-1240
-799
-899
-1637
-2485
-3170
-3251
-3157
-2684
-2299
-3330
-4509
-4156
-3606
-3790
-3454
-3531
-4381
-4221
-3030
-2658
-3405
-2641
342
2079
1000
655
1797
2295
2690
2668
877
-355
299
982
1813
2375
823
-265
928
1573
1491
2179
1610
814
2527
4156
3537
3030
3140
2314
1898
3201
3854
2566
1851
2031
1252
1471
2940
1557
-640
197
544
-778
-341
-748
-2771
-2704
-2148
-2775
-2544
-2900
-4260
-4208
-4128
-4615
-4095
-3846
-4557
-4770
-4725
-4362
-3705
-3800
-3950
-2754
-443
1257
613
-322
1288
2740
2210
1590
981
53
442
1723
2148
1628
739
526
1364
2001
1848
1780
1738
2059
3157
4034
3871
3556
3345
3111
3305
4113
4190
2825
1978
2424
2480
2019
2095
1540
541
627
909
511
-112
-1333
-2386
-2150
-2098
-2676
-2995
-3564
-4365
-4522
-4468
-4487
-4265
-4470
-5120
-5495
-4790
-3672
-3492
-4246
-4410
-2816
51
1087
-229
-291
1051
1722
2352
2339
257
-589
1184
2582
2788
2190
1020
890
1923
2737
2912
2111
1225
2233
4144
4578
3861
3365
3167
3439
4050
3874
3062
2801
2842
2368
2063
1948
1675
1616
1447
870
388
115
-506
-1037
-1425
-1981
-2438
-2920
-3432
-3931
-4549
-5015
-4858
-4753
-4800
-5078
-5694
-5656
-4587
-3961
-4275
-4615
-4108
-2362
-566
-275
-905
-718
314
1554
1896
1097
165
320
1422
2627
2783
1747
1010
1629
2924
3455
2669
1644
2039
3400
4327
4167
3631
3175
3156
3502
3670
3469
2787
2634
2732
2105
1530
2082
2075
1630
1738
1170
231
346
273
-479
-889
-1810
-2888
-2935
-2931
-3669
-4225
-4742
-5014
-4687
-4657
-5030
-5126
-4946
-4594
-4159
-4092
-4225
-3871
-2716
-1586
-1520
-1824
-1100
-359
-117
201
-85
-634
95
1170
1338
1582
1586
1347
2244
3299
3017
2516
2728
3129
4034
4972
4697
3760
3622
3974
4162
4137
3712
2746
2270
2534
2612
2388
2468
2219
1701
1791
1780
1017
631
782
216
-749
-1251
-1395
-1561
-1857
-2450
-3220
-3784
-3905
-3826
-3958
-4279
-4533
-4524
-4226
-4034
-4248
-4274
-4143
-4098
-3663
-2906
-2822
-3011
-2672
-2277
-1829
-1143
-862
-1238
-1111
-262
371
635
1010
1286
1632
2357
2919
3065
3515
4121
4378
4527
4756
4731
4735
5025
5001
4555
4085
3803
3680
3785
3739
3286
2837
2818
2888
2656
2493
2149
1304
472
235
134
-266
-841
-1521
-2142
-2560
-2790
-2925
-3269
-3879
-4257
-4320
-4378
-4416
-4377
-4693
-5045
-4936
-4615
-4403
-4370
-4425
-4651
-4601
-3979
-3336
-3194
-3235
-2919
-2391
-1903
-1476
-1072
-830
-460
244
1011
1619
2190
2774
3095
3437
4025
4537
4851
5158
5318
5084
4942
5141
5367
5438
5304
4858
4362
4197
4195
3994
3563
3084
2506
1962
1764
1731
1306
541
-16
-457
-1004
-1368
-1542
-1961
-2575
-3068
-3466
-3690
-3584
-3653
-4167
-4506
-4566
-4623
-4534
-4403
-4568
-4835
-4785
-4468
-4270
-4276
-4255
-4033
-3749
-3439
-3013
-2767
-2690
-2278
-1668
-1158
-476
-4
200
694
1385
2066
2723
3170
3504
3992
4340
4567
4919
5284
5360
5537
5684
5524
5445
5523
5379
4886
4559
4238
3702
3474
3467
3039
2355
1931
1636
1178
805
573
77
-555
-1053
-1491
-1834
-2098
-2405
-2908
-3253
-3434
-3721
-3846
-3829
-3911
-4055
-4078
-4196
-4187
-3984
-3901
-3962
-3967
-3871
-3890
-4025
-3927
-3672
-3326
-3040
-2777
-2529
-2315
-1848
-1214
-503
70
516
855
1271
1802
2399
2819
3094
3433
3754
3982
4305
4640
4726
4572
4441
4434
4428
4396
4258
4052
3807
3617
3460
3205
2692
2304
2149
1864
1280
795
441
46
-324
-589
-897
-1421
-1802
-1914
-2076
-2317
-2528
-2770
-3022
-3229
-3260
-3206
-3196
-3327
-3529
-3570
-3617
-3776
-3907
-3823
-3680
-3651
-3610
-3562
-3423
-3033
-2431
-1913
-1620
-1367
-1027
-585
30
592
732
946
1436
1800
2033
2367
2623
2609
2641
2786
2979
3108
3229
3328
3251
3151
3356
3555
3344
3099
2950
2778
2724
2686
2328
1802
1481
1318
1093
769
425
53
-191
-300
-425
-531
-778
-1017
-1096
-1163
-1270
-1361
-1559
-1852
-1981
-2147
-2466
-2685
-2636
-2693
-2864
-2889
-2971
-3084
-2834
-2319
-2103
-2044
-1868
-1675
-1366
-802
-364
-457
-504
-131
245
498
735
715
569
718
1112
1306
1350
1491
1581
1561
1649
1916
2109
2129
2079
1999
1982
2023
2050
1818
1538
1396
1364
1273
1095
935
714
607
684
674
444
283
260
242
51
-57
-123
-331
-544
-728
-959
-1171
-1172
-1216
-1435
-1565
-1609
-1650
-1768
-1755
-1468
-1261
-1334
-1385
-1235
-1024
-716
-438
-484
-692
-574
-193
29
-5
-179
-339
-293
31
185
92
51
100
129
327
628
758
742
643
702
806
835
799
641
398
323
414
459
427
321
140
141
373
466
333
220
274
345
325
333
265
118
-34
-187
-290
-342
-394
-540
-746
-727
-558
-655
-793
-701
-551
-406
-360
-383
-342
-196
13
194
184
6
-37
205
432
403
163
-144
-165
79
265
209
81
-55
-106
63
328
401
206
0
31
169
216
103
-177
-345
-379
-378
-298
-271
-415
-547
-446
-180
-49
-41
-23
21
45
86
152
117
4
-68
-46
56
161
87
-82
-182
-88
205
243
110
114
258
463
674
734
655
678
762
960
1105
1026
740
714
934
913
810
686
550
521
663
685
486
331
273
387
474
330
142
-4
-185
-205
-98
-263
-649
-968
-1050
-1044
-1021
-1062
-1262
-1399
-1283
-1163
-1121
-979
-917
-975
-977
-780
-680
-730
-775
-935
-1031
-921
-719
-743
-907
-836
-554
-298
-163
-30
53
133
316
698
921
764
810
1065
1193
1342
1444
1258
979
1026
1319
1437
1238
1010
960
1029
1128
1186
1031
842
783
759
722
634
440
238
141
76
-134
-502
-674
-719
-905
-1056
-1147
-1321
-1391
-1290
-1156
-1210
-1280
-1294
-1353
-1393
-1377
-1344
-1441
-1541
-1565
-1515
-1372
-1217
-1293
-1319
-1099
-879
-766
-556
-326
-148
23
309
562
725
784
896
1055
1212
1410
1533
1429
1225
1346
1660
1807
1779
1711
1638
1712
1843
1942
1794
1570
1420
1401
1485
1483
1261
929
811
689
379
175
150
-55
-390
-516
-570
-674
-766
-786
-812
-922
-1010
-1086
-1110
-1179
-1341
-1552
-1704
-1740
-1788
-1879
-1892
-1902
-1927
-1929
-1804
-1564
-1357
-1262
-1106
-877
-635
-342
-226
-170
85
369
496
601
676
799
818
847
1014
1256
1469
1541
1461
1471
1634
1736
1842
1835
1643
1440
1488
1624
1481
1186
994
871
679
595
677
633
396
166
86
15
-11
-48
-221
-377
-448
-398
-370
-490
-737
-1048
-1205
-1282
-1425
-1556
-1699
-1875
-1933
-1922
-1934
-1859
-1661
-1527
-1378
-1296
-1239
-952
-715
-660
-531
-395
-347
-268
-128
-47
-17
99
201
272
460
705
905
971
1017
1176
1328
1425
1400
1243
1178
1275
1381
1311
1179
1042
830
732
836
834
708
581
475
343
354
535
570
329
107
114
229
217
30
-202
-478
-579
-581
-721
-921
-1122
-1293
-1339
-1288
-1190
-1178
-1245
-1210
-1039
-900
-748
-601
-666
-679
-593
-555
-471
-388
-364
-404
-542
-449
-382
-307
-193
22
277
403
527
594
785
956
970
1053
1007
887
919
907
882
774
638
611
568
498
457
574
543
428
541
705
764
675
589
512
521
512
404
129
-123
-141
-160
-311
-407
-508
-637
-710
-736
-668
-680
-719
-763
-692
-474
-327
-310
-372
-349
-310
-269
-262
-284
-287
-382
-445
-442
-385
-327
-326
-261
-57
190
302
386
522
615
651
684
688
590
467
500
485
380
349
412
365
277
306
369
365
340
444
438
420
507
525
361
207
207
151
21
-134
-347
-481
-567
-770
-912
-871
-893
-945
-942
-841
-764
-727
-639
-531
-434
-415
-384
-336
-352
-446
-407
-326
-404
-568
-642
-517
-426
-330
-305
-323
-215
-1
171
189
253
404
535
638
690
638
482
463
512
524
482
388
329
305
312
335
426
497
560
611
620
697
758
634
422
360
370
361
272
-42
-325
-463
-626
-766
-752
-753
-845
-878
-799
-644
-478
-363
-342
-385
-259
-51
-100
-209
-183
-174
-135
-150
-240
-267
-247
-191
-174
-118
-56
-24
115
354
433
410
414
483
592
675
660
555
570
597
554
475
339
246
339
476
463
442
480
531
575
632
661
726
754
560
390
347
349
221
-8
-178
-348
-515
-604
-583
-650
-771
-810
-737
-638
-527
-416
-407
-483
-438
-246
-185
-299
-390
-383
-371
-330
-321
-372
-421
-378
-390
-399
-345
-293
-154
68
181
183
180
218
307
318
239
236
251
224
261
269
84
-65
33
181
165
164
223
292
334
423
495
543
507
452
443
377
309
149
-22
-163
-280
-420
-540
-558
-600
-641
-635
-610
-589
-523
-424
-346
-396
-394
-202
-140
-170
-222
-296
-370
-345
-345
-401
-359
-308
-279
-243
-191
-187
-156
-5
163
151
135
230
258
254
297
270
225
201
252
234
130
143
237
332
388
444
455
454
517
616
749
784
695
616
622
635
632
588
444
301
132
-58
-154
-175
-268
-294
-169
-90
-152
-149
-74
-162
-139
-77
-123
-172
-114
-125
-226
-322
-388
-495
-492
-395
-370
-359
-365
-376
-374
-266
-209
-237
-230
-130
-66
-46
-27
37
-15
-66
5
-14
-78
-109
-56
-15
15
89
151
184
221
309
433
553
628
630
573
604
631
633
678
559
273
105
75
-3
-106
-71
-24
-55
28
62
38
75
110
40
65
117
23
11
6
-133
-281
-338
-388
-405
-410
-512
-598
-619
-604
-528
-435
-428
-429
-430
-385
-382
-400
-354
-323
-344
-372
-369
-389
-381
-443
-508
-484
-364
-242
-136
-1
108
168
244
387
512
568
523
489
489
573
624
583
486
335
285
337
275
247
235
202
269
402
481
439
428
392
359
359
448
431
354
267
124
24
-22
-134
-216
-255
-338
-428
-510
-499
-450
-451
-432
-376
-343
-337
-335
-323
-312
-419
-538
-572
-567
-517
-507
-462
-443
-378
-281
-210
-147
-134
-77
-14
51
146
251
228
230
328
435
495
516
452
271
231
287
353
357
340
285
397
488
563
630
643
650
584
583
572
518
462
393
227
97
-1
-145
-112
-175
-158
-280
-153
257
300
145
150
-206
-610
-1005
-1496
-1723
-1646
-1423
-724
499
1905
2739
2515
1395
-586
-2325
-3450
-3721
-3048
-1845
-490
655
1471
1778
1269
289
-899
-1825
-1953
-1376
-283
987
1893
2406
2218
1370
199
-1101
-1589
-1352
-410
940
1822
2099
1991
1502
1077
725
547
356
264
403
523
488
430
360
305
140
-63
-151
-204
-192
-172
-209
-124
74
89
124
-26
-469
-910
-1172
-1183
-1032
-809
-480
-266
-157
-133
-365
-762
-1064
-1243
-861
-475
-102
205
21
-96
-463
-624
-573
-604
-271
-9
228
374
118
235
-124
-336
-364
-224
147
644
701
657
678
698
578
776
764
380
378
519
562
626
633
174
392
677
576
208
-305
-417
-505
-507
-116
-39
250
38
210
50
-528
-394
-790
-737
-892
-817
-409
-756
-193
-679
-632
-753
-971
-573
-791
-294
-392
-172
556
34
-180
-53
-770
-48
-71
267
1304
580
55
-538
-538
129
-435
379
234
1208
1046
656
1386
437
823
713
469
835
500
1085
816
1061
618
156
582
106
298
271
491
746
380
65
35
-117
523
-477
523
-153
348
327
-1120
-468
-304
-1004
-369
-29
-435
-277
-228
-554
-731
98
-1111
-622
-47
-665
702
-314
107
-751
347
-678
-325
133
-726
161
-1273
310
-308
-606
323
-586
-228
359
434
1033
492
253
730
-82
540
462
101
107
82
491
-242
195
797
-554
188
-512
-595
312
-516
87
259
271
-592
260
-35
-394
-408
-106
-378
-933
-79
-342
-309
-449
-532
-382
-67
-294
-483
-191
-164
38
-359
1151
-889
-321
55
-790
572
-136
299
229
-587
-367
-480
-68
-34
-171
376
-324
502
111
510
1273
666
252
10
526
285
416
212
-166
932
-206
743
279
93
138
156
337
199
568
178
-292
578
-415
-443
346
-812
-120
-317
99
-328
-186
-897
-675
53
-622
-116
177
-186
-199
-195
-38
321
-117
138
32
-452
241
698
-331
-28
38
-328
870
-283
-335
220
-253
710
232
398
428
-195
-148
336
768
309
748
1257
89
267
520
-708
1185
-9
762
511
-157
920
-222
331
162
-47
-114
88
391
-616
74
-267
-566
-75
-578
191
-496
-605
-615
-40
-406
-685
-539
-388
-780
-576
-382
-659
-481
-480
-201
-505
218
-583
-377
-10
-967
744
-522
-298
-149
-391
8
-468
261
-110
765
22
96
601
213
1011
410
445
609
257
348
1098
-46
150
1272
-530
658
429
187
428
-75
410
-222
490
-110
392
216
-255
-136
-262
-66
-140
-234
-150
-393
-582
-104
-845
-345
-399
-1243
-301
-510
-407
-507
-201
-194
-1180
-135
-929
-639
-856
-40
-845
536
-55
-937
325
-960
-464
12
-162
848
296
391
-504
624
478
90
730
775
618
626
469
1003
462
514
426
284
625
-251
1226
505
1067
990
601
347
-31
410
121
405
574
29
516
188
-198
614
-428
446
-100
40
56
-133
-169
-592
-252
-350
-242
-105
-193
-359
-275
-740
-765
-442
-409
-502
-89
-474
-216
-129
-618
-168
-273
-196
11
118
-40
189
438
-148
-7
389
-97
9
426
-583
874
109
-54
655
-311
306
-128
14
456
184
356
-17
449
171
298
595
-139
863
-112
-208
496
-489
169
-369
-149
272
-383
520
-659
214
-426
-274
325
-489
295
-406
-142
-263
-341
-25
-733
-159
-1027
-625
-332
-369
-796
-33
-677
-607
-350
-145
-420
-306
-294
143
-122
184
-158
216
36
-197
400
-373
74
-165
-137
527
-396
322
176
141
45
53
-29
-222
363
-38
-135
426
181
382
834
-34
253
-112
-128
-339
483
-16
631
-243
-50
-13
-121
278
128
409
-77
196
-225
272
324
-295
79
101
-278
116
137
-395
312
-700
400
302
-102
136
-479
609
-77
800
34
333
465
-546
809
342
379
580
-133
-82
-261
638
-214
238
512
185
327
247
264
198
92
615
34
583
-208
-185
-187
-458
124
46
576
-391
-221
-303
-404
-301
151
-378
329
-158
-403
-115
-86
-6
-360
149
-573
26
-510
-102
-276
-33
103
-180
90
-227
-307
447
-472
189
411
67
-43
97
186
-72
515
0
310
79
-138
262
-225
198
91
-505
-3
-396
-70
-233
28
103
-167
-21
-226
229
-452
-321
92
-890
320
-457
-471
362
-892
494
-736
-255
-416
-406
-174
-462
389
-671
-73
-151
-909
545
-446
30
71
-742
212
-813
688
-517
5
181
-453
452
-247
316
189
282
600
-110
987
-105
531
318
308
363
-134
822
-493
739
120
-25
692
-16
540
76
-38
206
37
187
621
-117
312
-120
-136
368
-292
244
-356
-373
234
-768
327
-418
-67
8
-955
355
-317
-504
62
-309
-199
-427
-198
-399
-381
-72
-141
-309
912
-382
377
172
-350
304
-47
521
402
259
396
352
698
607
499
821
272
378
173
409
542
391
257
493
363
411
119
807
70
114
421
-91
473
335
143
155
409
36
272
518
-437
113
-307
-222
-605
-190
-126
-919
-279
-586
-274
-697
-524
-426
-766
-342
-878
-348
-486
-1194
-695
-720
-518
-867
-344
-81
-493
-477
-62
-397
-268
-650
-477
-206
-77
-74
309
95
646
-126
485
124
321
-38
403
268
-246
823
355
540
865
136
498
774
-122
368
398
27
393
334
172
791
108
393
175
128
-163
265
-48
-65
104
6
-189
-349
-78
-227
-592
-26
-810
-152
-595
-410
-463
-864
-249
-519
-480
-425
-665
-810
-50
-565
-121
-60
-363
-316
-8
-301
-311
15
-387
171
120
160
554
21
212
244
100
323
285
-67
680
386
593
642
606
695
-20
647
497
361
1176
415
746
511
361
604
16
534
319
480
344
261
359
80
130
-422
363
-462
-34
-94
-319
-62
-265
104
-482
78
-743
-619
-475
-679
-224
-55
-186
-407
-19
-524
-373
-221
-74
-478
-18
-318
71
-224
139
-311
144
31
-17
-38
337
-77
-37
193
-14
120
581
176
371
363
455
119
846
-185
537
259
216
625
227
586
114
241
-146
409
81
-175
188
-273
-304
101
-316
185
-258
-150
-181
-393
-305
-418
-384
-321
-250
-549
-408
-358
-708
-611
-400
-537
-444
-205
-371
-236
-253
-214
-256
-77
-412
-181
90
-728
194
-517
-267
-128
-445
60
-28
-234
48
36
159
174
117
-79
-16
246
246
128
586
156
327
194
168
271
9
317
120
401
410
214
276
65
262
-150
176
129
132
457
-14
307
105
143
-67
130
-129
173
60
-65
83
-110
-12
-79
138
-112
-84
428
-297
323
61
-104
73
110
-258
47
87
-256
-165
-6
-293
-82
135
-253
49
-61
-40
92
-254
95
36
-63
102
184
32
316
263
-46
61
208
-9
402
360
55
622
107
377
14
419
134
-86
355
-24
324
209
158
249
271
259
154
114
-26
42
42
57
127
-43
201
-32
179
-117
162
-56
-187
-231
-82
-215
-155
-283
-153
-376
-374
-499
-444
-230
-493
-338
-226
-488
-392
-315
-337
-418
-371
-361
-461
-285
-217
-168
-190
-226
-128
-236
-274
-77
-117
-262
-70
-6
-27
-100
149
108
-105
120
152
-16
76
3
259
6
327
115
399
241
243
341
240
133
363
280
369
226
296
112
18
280
-71
290
-76
99
15
-51
152
-151
-18
73
-372
-52
-69
-137
-302
-59
-61
-149
-74
-304
-216
-161
-355
-145
104
-391
74
-246
-51
-188
-1
-174
-72
-6
-131
-26
-143
-127
57
-12
70
9
119
68
0
296
82
280
135
173
162
287
302
193
333
450
125
318
407
64
442
391
405
421
160
180
89
310
178
184
268
-110
-19
-94
102
99
2
-53
23
-10
81
56
-138
-40
-229
-161
-118
-379
-182
-360
-237
-73
-257
65
-283
-405
-126
-481
-54
-437
-268
-176
-196
-239
-147
-70
-124
-110
-166
14
71
18
159
96
58
196
313
100
168
209
152
101
54
315
159
239
181
270
113
193
45
78
103
164
271
168
229
69
79
26
17
-2
30
-44
-102
-68
-130
-76
-193
-91
-99
-140
-173
-188
-372
-266
-339
-277
-270
-354
-467
-301
-251
-412
-288
-331
-473
-203
-322
-295
-53
-253
-77
-153
-96
-177
20
-32
42
183
-91
236
100
163
297
255
240
316
151
135
246
181
242
220
265
146
262
260
22
337
81
58
194
11
202
166
122
-20
38
-20
-27
67
-108
-31
-70
-166
-46
10
-116
-191
-66
-151
-124
-39
-199
-222
-160
-255
-144
-70
-180
16
-2
-157
133
26
50
8
80
114
137
203
140
170
16
149
81
245
81
320
223
195
265
140
236
93
302
115
181
333
112
213
160
115
330
21
127
-72
92
-88
54
132
23
20
-190
68
-80
33
-105
-92
-189
-189
-279
-264
-173
-193
-127
-147
-189
-195
-206
-301
-293
-160
-171
-126
-45
-100
-90
-164
30
-68
16
-41
-22
-46
-160
133
46
10
-14
57
35
77
79
40
166
62
55
32
98
63
5
161
-71
22
99
26
48
221
53
71
164
-118
-42
33
-66
-41
19
-129
-17
31
-123
16
18
-96
55
-132
-115
-152
-132
-315
-125
-241
-138
-120
-319
-191
-328
-97
-239
-149
-39
-79
-7
-91
35
-23
-41
57
6
78
-130
-142
-152
-26
-85
42
-17
125
-12
76
42
132
118
101
119
-7
73
-99
105
-31
121
111
69
169
113
148
132
197
145
132
88
114
53
122
69
111
88
39
2
-27
185
-14
84
102
93
33
85
83
-52
75
34
106
144
49
127
142
19
141
155
109
181
118
103
115
-19
27
-8
-10
5
-141
10
-4
94
123
117
139
18
43
-6
-92
-103
-102
-14
-20
-30
-15
-55
-75
-24
-4
-78
10
16
-23
-49
33
-18
-61
1
-27
14
22
3
-75
-61
-130
-64
-129
-155
-216
-125
-220
-216
-106
-29
62
30
36
-24
-51
-27
-12
71
47
-17
13
-53
45
7
24
32
39
148
-63
129
43
-45
19
-64
19
-17
-42
4
-67
-33
-11
-20
27
-78
-113
-137
-184
-139
-82
-144
-160
-161
-134
-127
-170
-141
-106
-181
-109
-181
-197
-149
-210
-146
-75
-81
-101
-129
-147
-70
-126
-42
-25
-59
69
29
69
72
40
48
39
33
45
11
37
80
78
136
102
141
180
194
102
196
162
111
181
165
200
114
42
138
136
170
87
36
145
59
107
55
149
89
-11
3
-19
127
-49
-42
74
68
88
-46
57
-66
-186
-37
-43
-40
-14
18
-21
-23
2
0
-3
-9
119
140
202
28
93
17
26
96
88
161
138
133
120
164
28
145
32
120
170
93
187
91
30
126
71
75
40
56
57
13
-22
-103
-60
-119
-92
-23
66
-5
-112
-202
-196
-186
-200
-108
-125
-145
-94
-179
-119
-88
-90
-44
-108
29
-173
-66
-71
-62
-3
-4
-49
-117
-43
-113
-41
-65
-96
-165
-86
-134
-92
-91
-50
-17
17
33
0
-56
-135
-85
-92
-83
-106
-11
-32
-14
48
71
40
56
-45
10
3
-30
-14
1
9
-77
-43
-54
-46
-32
-116
-149
-103
-80
-73
-81
-21
-29
-91
-117
-49
8
58
92
146
63
-15
-1
-37
-42
36
10
15
45
-2
125
85
100
126
39
136
138
69
88
43
76
2
38
30
-13
82
94
57
115
16
87
16
54
120
61
81
3
70
41
82
-8
6
62
-1
-27
31
38
-72
7
59
-6
35
50
-46
-51
-6
-17
16
171
110
78
122
37
60
140
128
256
206
162
186
147
159
117
127
135
145
163
184
183
152
93
130
102
81
161
84
76
139
76
94
37
-18
-21
-86
-21
-23
-60
-103
-113
-102
-144
-139
-135
-169
-284
-278
-211
-306
-339
-273
-401
-383
-352
-376
-369
-357
-367
-390
-278
-317
-225
-172
-205
-159
-201
-167
-128
-173
-41
-66
-32
-8
-62
-18
16
87
84
165
108
200
203
128
184
157
134
190
170
47
115
93
78
97
118
86
188
143
161
201
126
47
75
100
39
98
3
-44
-65
-114
-151
-113
-113
-184
-198
-178
-194
-103
-216
-180
-150
-228
-154
-138
-127
-122
-57
-66
-54
-94
-107
9
-72
32
22
39
49
21
94
30
212
206
183
247
245
184
233
218
223
244
206
232
268
283
291
386
355
316
276
255
192
202
222
174
91
210
139
182
193
143
117
33
53
45
11
-4
-26
-116
-100
-153
-127
-122
-154
-133
-63
-93
-171
-209
-186
-149
-180
-61
-144
-150
-111
-145
-150
-84
-113
-123
-108
-123
-96
-56
-32
-57
-22
20
-33
6
85
23
50
44
68
-12
40
38
38
40
98
32
25
103
53
83
19
25
104
94
43
101
59
10
-22
4
-89
-60
11
-78
-5
-114
-210
-180
-199
-265
-78
-119
-181
-159
-215
-260
-247
-297
-239
-216
-252
-302
-268
-172
-320
-202
-241
-240
-144
-235
-230
-183
-127
-186
-89
-50
-107
-28
50
-19
-9
148
35
-65
128
63
90
165
98
87
159
120
163
145
85
256
219
163
208
313
20
306
351
-13
297
155
40
341
157
94
274
197
-86
141
186
-6
250
15
-99
341
46
-12
173
34
7
3
-38
-127
-49
80
-117
53
-2
7
-2
-125
-111
54
1
-156
-30
-17
215
-213
-75
208
36
67
81
321
65
279
-11
131
306
90
60
350
328
-223
317
349
-176
142
355
-21
-71
269
-62
111
186
-299
450
126
-378
123
35
-566
29
95
-393
-1
-170
-478
192
-131
-508
150
210
-523
-189
-138
-347
-237
-122
-38
-112
-257
-186
-64
-66
-153
-343
-23
-17
-167
-69
104
-179
-40
-8
-157
-73
58
-173
-33
186
69
258
-44
-277
171
-85
137
332
172
138
106
-93
132
81
-76
-124
280
91
-151
338
185
-103
-147
-87
34
-145
-58
-172
-280
101
3
-236
42
-132
-264
-327
-181
19
-136
-200
-258
-14
-120
-203
-73
-130
-235
-251
-93
-137
-153
-328
-193
199
-264
-318
157
-80
-315
-87
295
14
-7
321
-141
-366
362
210
-217
415
313
-206
96
318
50
304
326
49
488
413
-207
329
551
118
-150
202
747
-138
-242
322
332
-77
331
-115
14
594
122
103
256
349
-70
260
-8
210
245
-232
449
37
-143
683
37
-488
694
61
-519
393
103
-405
-39
127
-274
-159
209
-207
-19
-124
-371
325
31
-546
-317
426
-208
-439
218
34
-123
108
182
-150
25
-261
-163
414
-67
-369
326
-33
-432
266
148
-289
427
-262
-207
407
-189
-708
366
593
-636
-337
555
-283
-232
368
-301
24
-188
102
-71
145
12
-434
216
-140
-328
177
5
-622
-170
442
-314
-496
113
33
-796
96
212
-541
126
-78
-235
-384
229
-300
-23
420
-573
51
130
-314
70
-190
411
-163
-394
467
126
-39
0
240
-147
-270
417
-153
-426
734
45
-445
886
-205
-389
301
185
-117
-230
766
-39
-527
-72
397
-130
46
-22
-47
-152
98
109
-348
800
-277
-502
401
-289
-50
322
-44
-427
419
377
-821
18
772
-229
-333
656
117
-602
283
732
-305
231
504
-52
-143
258
-77
448
-60
124
385
-9
-372
151
170
-148
562
-8
-20
73
200
-93
100
297
-482
-228
501
-352
-264
452
321
-30
-497
145
444
-544
-221
130
-79
-54
-17
-364
-507
262
540
-565
-283
869
-287
-821
41
294
110
-709
270
636
-452
-144
477
316
-718
-5
822
-418
-83
106
-76
700
-301
-73
1005
-359
-422
306
290
211
-269
-113
260
56
-87
-300
302
151
-110
642
-816
308
136
-427
-69
-25
-81
-294
121
-619
401
587
-1047
394
275
-359
-422
376
-952
-521
758
397
-816
-298
661
-262
-638
-17
180
-489
213
-505
-407
1118
-322
-179
660
-820
228
388
-1456
448
735
-579
-219
1014
-275
-452
783
-733
-52
306
137
36
-204
-326
439
-11
-59
-110
-106
693
-770
-947
1900
254
-184
1352
-205
-556
1299
-35
-321
-545
-498
-81
-285
-826
-33
933
-1186
-737
1345
-413
-193
-262
-890
721
-726
-221
899
-308
-49
332
261
-686
-105
532
-595
-392
442
552
-17
-53
-183
-123
-13
-218
-133
-360
398
252
-405
261
620
702
253
171
-10
613
590
-179
166
657
-158
521
558
-180
355
644
-709
217
1217
-422
-161
530
-195
70
661
-70
-277
403
275
-234
189
-437
177
282
-210
387
-236
-366
-2
54
380
-343
-313
126
116
-409
-375
111
171
-4
55
-304
-394
-108
-470
302
-319
-11
203
-284
-524
251
257
-121
774
-247
-510
98
-398
-616
683
379
-837
44
-52
-1042
785
359
-899
1006
-25
-1252
-69
-366
-294
-149
-159
-150
-72
-10
-376
-165
-289
-122
184
-758
70
-144
-1118
356
-50
69
610
-708
-860
-48
-545
-207
78
376
-28
-98
-103
-369
184
372
52
226
326
-57
-597
51
866
-25
653
590
-968
130
660
-433
146
877
339
-268
-119
424
470
-142
125
317
102
150
-33
-233
-156
164
56
51
169
93
176
-173
-459
173
815
-47
136
411
81
340
168
-118
-43
238
454
-19
-114
417
182
-213
-210
108
339
291
114
-584
564
918
-135
68
478
39
-79
26
-131
-156
619
395
-131
-75
589
407
-483
-151
404
88
220
-222
-703
85
404
-126
-133
221
51
-457
-526
-579
82
279
-599
-393
-131
-127
168
-225
107
393
-289
-182
-585
-421
168
122
-70
-73
-67
-44
-282
-374
-116
301
242
-513
-44
-228
-670
-138
-261
162
340
-5
-234
10
-197
93
311
-308
245
317
-246
-405
1
218
-521
323
-1
-621
30
-237
-209
-192
-202
-95
-322
-97
-220
216
72
-186
63
-230
-136
55
-155
-149
272
5
-83
177
-189
-86
273
-99
-209
-25
253
-127
-133
-108
-129
242
149
4
36
136
-149
-1
59
52
85
134
170
-42
485
535
69
204
182
-203
-202
160
157
238
295
482
27
-313
58
1
-66
209
433
182
38
74
-9
224
463
203
210
38
-159
-125
-230
105
451
367
-26
46
-313
-213
202
73
117
55
-182
-134
-243
-154
328
322
241
9
-41
-303
-240
102
58
77
49
20
-96
-232
-140
326
146
115
126
-288
-95
71
149
4
446
343
-180
-135
-156
-233
135
264
99
84
-160
82
9
111
366
-114
-157
90
4
-192
-241
254
69
-312
-43
-55
-401
-88
21
-202
166
51
-317
-148
-66
-144
-5
-456
-481
-248
-451
-335
-23
-32
-229
51
-256
-333
-66
-28
-17
100
-42
54
-38
-254
-55
-78
-64
-36
103
-79
20
318
36
-13
384
490
256
303
412
29
162
110
24
168
91
134
69
37
140
70
-250
14
40
-161
-168
-179
-242
-169
14
69
-60
46
-56
-417
-478
-212
-70
-198
-135
-161
-229
-390
-434
-318
-115
63
-66
-274
-226
72
100
-125
-37
96
131
-150
-241
136
427
373
258
162
123
106
78
62
229
325
374
234
63
57
132
365
238
353
460
188
133
210
161
216
395
217
6
34
-159
-242
-12
57
88
244
87
-311
-111
74
-20
19
10
-62
-234
-156
-168
-169
31
37
-2
-55
-121
4
-50
-86
71
53
28
-41
-159
13
-103
75
191
62
104
-66
-199
-13
166
72
160
121
28
67
178
-16
34
168
-25
25
47
-33
-20
66
85
-5
-46
123
97
80
43
-105
68
81
41
30
-36
-168
-97
-123
-77
144
181
-17
-197
-188
-91
-65
-29
-144
-127
-15
-136
-198
-149
-118
-153
-133
-177
-272
-247
-29
-160
-170
-135
-324
-334
-281
-336
-376
-112
-157
-214
-183
-205
-78
3
-93
-2
63
-139
-71
-32
-31
169
294
26
-31
-18
3
76
139
158
39
76
-165
-128
189
373
400
463
322
92
71
-15
1
185
274
271
214
89
-7
-8
70
124
216
93
-93
-75
16
-34
19
119
83
54
-46
-231
-123
13
-24
55
18
-4
-79
-77
-64
-72
-19
-4
-200
-253
-176
-165
28
24
8
-10
19
-24
4
-43
-118
127
178
52
124
103
50
-8
10
101
148
230
174
65
171
214
-30
17
62
14
77
79
25
96
236
191
70
48
107
-11
-26
-1
76
109
31
15
14
102
61
-17
19
-9
-62
-38
-118
-19
62
53
115
23
-92
-146
-157
-105
5
33
9
-120
-190
-57
93
-66
-206
-72
-72
-154
-124
-34
-29
6
6
-41
-130
-54
35
-120
-118
-5
-74
-102
-147
-137
9
-30
-118
-92
2
-2
7
64
10
100
54
-96
-86
7
68
127
124
47
-30
-39
3
-19
-5
-6
-77
-57
-119
-156
-40
-34
-86
41
34
-47
-12
-50
-122
-85
4
-17
35
-43
-120
-116
-88
-107
10
62
-59
-41
4
-29
-154
-90
-1
-67
39
73
-86
-44
-155
-138
6
-26
52
133
12
-83
29
117
160
153
177
69
-86
3
80
62
154
215
139
133
118
19
-58
78
159
147
133
109
134
68
91
137
52
11
164
144
60
122
150
21
-81
51
56
-41
8
52
-25
-34
-61
-134
-131
-33
10
48
86
-7
21
48
48
86
39
29
57
-11
-51
-55
-51
-32
-11
12
-14
0
35
-3
44
98
160
84
35
-41
-53
27
30
35
47
-3
-83
-6
-27
-49
18
4
-41
-79
-107
-104
-85
51
61
-33
-20
-108
-129
-81
-40
-21
-13
-30
-15
-30
-38
-21
-86
-117
-119
-73
-182
-128
2
-116
-64
2
-114
-151
-124
-94
-35
-32
-77
-33
-41
-38
-7
-30
37
8
-52
-63
-87
-88
-77
-119
-123
-25
-65
-107
-15
10
4
98
53
-4
59
-10
-63
3
49
7
-33
-45
-15
-19
95
84
61
78
-13
-20
5
9
13
127
95
-12
6
31
-37
-17
85
34
26
78
54
18
9
67
47
-9
39
56
98
80
52
105
115
61
66
30
49
88
111
141
111
92
54
43
12
37
49
29
34
39
-28
-8
68
58
97
112
29
-4
1
13
98
82
71
62
75
33
-25
23
14
-30
-3
26
8
0
-17
-31
-36
27
8
-7
0
-4
13
23
43
59
12
-76
-98
-131
-82
-34
-15
-42
-31
16
-2
-6
-23
4
-1
-34
-24
-55
-93
-77
-65
-27
-1
19
17
10
-23
16
19
-10
-1
-25
-20
-59
-31
-74
-53
-2
-38
-69
-22
-4
-32
-15
-29
-29
-48
-14
-55
-79
-48
-29
-43
-61
-85
-77
-73
-101
-81
-68
-72
-82
-48
-38
-56
-50
-36
-145
-153
-90
-130
-104
-58
-13
-48
-71
-33
-55
-69
-28
-12
-5
-30
1
15
-13
-21
-9
0
7
41
37
30
13
48
55
68
54
63
89
61
52
64
66
90
65
23
73
54
3
19
53
62
73
81
48
22
26
24
35
66
74
79
33
16
1
-2
1
66
101
99
69
75
52
63
86
64
112
98
60
59
71
41
58
47
60
74
71
64
62
69
87
107
100
72
21
60
33
-4
36
46
19
15
-12
-21
-31
-11
-11
-9
-11
-31
17
-31
-64
-37
-40
-70
-52
-98
-82
-46
-85
-49
-74
-75
-46
-43
-50
-26
-16
-37
-96
-57
-60
-91
-62
-54
-24
-47
-24
-28
-36
-34
-36
-1
39
18
15
9
-30
-33
-8
-11
-36
-29
-47
-50
-27
5
21
53
11
-22
-39
-80
-46
-49
-28
-19
-26
-29
-14
-11
-14
-22
-22
-5
-12
-19
4
-30
-86
-85
-52
-16
-8
-27
-53
-57
-79
-81
-40
-54
-42
-25
-64
-35
-7
-16
2
-9
-16
-13
-63
-49
12
-16
3
16
-9
1
23
10
-18
-11
17
23
18
20
21
63
12
2
4
0
37
45
34
61
65
50
56
34
36
72
106
86
74
61
50
56
44
56
84
71
56
36
23
65
81
70
80
109
81
41
34
22
27
33
40
36
44
43
-1
13
66
62
27
39
42
4
-2
1
14
27
50
49
30
15
27
10
-21
16
35
23
14
-4
-14
-25
-30
-20
-2
-18
16
-2
-24
4
35
49
17
21
-9
-19
-20
-42
-31
-14
3
-6
-40
-40
-42
-54
-70
-58
-40
-31
-44
-71
-64
-73
-61
-62
-55
-57
-46
-28
-85
-54
-34
-51
-49
-56
-69
-75
-80
-105
-88
-76
-46
-21
-41
-27
-38
-58
-42
-48
-48
-12
-5
-25
-16
-22
-37
-43
-44
-42
-52
-47
-23
-26
-4
6
-2
-2
-12
3
-23
-42
-33
-27
-17
9
9
-7
-8
0
11
4
11
3
-19
-33
-11
3
11
37
7
1
11
28
4
7
42
48
59
59
68
66
81
88
85
81
98
82
47
70
58
50
66
81
81
78
81
73
48
68
82
59
60
54
62
39
31
34
25
36
25
15
7
24
30
42
17
18
39
19
9
4
20
15
0
29
31
4
11
-6
-17
-8
22
3
-17
22
28
2
-5
21
20
29
29
7
3
1
-2
-2
3
-1
-5
1
-10
-17
-31
-36
-36
-30
-39
-11
4
-25
-35
-26
-15
-32
-26
-25
-43
-29
-24
-61
-69
-60
-46
-39
-38
-38
-72
-89
-74
-62
-68
-68
-57
-65
-70
-64
-60
-89
-87
-79
-82
-73
-60
-61
-68
-44
-30
-7
-24
-30
-37
-52
-48
-46
-40
-49
-44
-46
-25
-13
4
-6
-31
-37
-32
-33
-22
-3
-13
-11
-5
-5
-21
13
17
8
28
30
23
16
38
36
30
28
46
46
27
67
71
54
78
85
82
70
80
70
65
71
71
61
51
83
82
60
61
53
45
24
49
67
31
25
43
46
29
46
52
34
36
53
43
32
34
25
27
26
37
28
20
42
16
21
41
31
32
32
27
29
15
-1
18
25
20
21
22
8
-3
0
20
26
22
13
9
5
-11
13
16
5
-12
-32
-25
-44
-56
-30
-24
-41
-41
-13
-45
-74
-78
-69
-77
-48
-30
-37
-44
-69
-67
-58
-44
-47
-45
-62
-58
-88
-97
-74
-78
-57
-50
-30
-24
-41
-38
-23
-2
-15
-29
-27
-45
-33
-20
-21
-9
-9
-8
-9
17
13
5
0
-3
-2
-3
21
12
21
11
6
-8
-6
6
-3
2
-11
-30
-22
-31
-42
-29
-25
-27
-4
2
3
15
3
0
-2
-6
5
-10
-10
0
-2
4
16
10
-1
24
24
24
32
26
15
-11
-9
-6
13
27
26
29
28
32
29
24
24
16
19
35
31
35
37
34
25
21
32
24
22
35
35
43
35
17
6
20
16
15
23
4
1
10
31
48
34
30
24
15
16
21
22
29
20
6
10
8
9
13
30
43
34
17
8
5
3
0
8
5
9
21
19
9
9
16
0
-3
1
3
-12
-1
5
3
-8
-14
-24
-16
0
-2
19
9
0
7
9
13
0
-6
-3
-16
-11
-4
-12
-3
-16
-20
-16
-4
2
-20
-24
-32
-37
-17
-6
-16
-23
-22
-32
-31
-22
-31
-38
-36
-52
-57
-32
-28
-27
-22
-20
-32
-38
-35
-34
-37
-31
-20
-42
-42
-42
-33
-32
-43
-33
-47
-46
-29
-25
-16
-11
-11
-2
-13
-18
-18
-30
-20
3
1
2
14
13
8
7
13
1
1
13
24
25
35
23
3
11
1
10
13
6
7
-6
3
2
-1
10
19
17
3
10
12
-5
-7
10
20
5
9
10
9
-2
13
11
7
24
14
15
29
27
21
20
10
8
15
24
22
28
29
36
41
40
42
40
40
43
45
35
29
20
30
28
19
28
34
29
36
44
44
38
32
41
41
32
24
3
1
14
16
13
28
24
10
7
-5
-5
-23
-18
-8
-9
-2
-5
-18
-22
-28
-27
-34
-36
-26
-19
-15
-20
-4
-21
-24
-21
-15
-7
-8
-15
-34
-41
-34
-32
-17
-10
-15
-18
-28
-29
-27
-28
-29
-16
-6
-13
-19
-19
-27
-32
-34
-33
-33
-23
-22
-10
-12
-25
-13
-10
-7
-9
3
5
-7
-2
0
-9
-7
1
-8
-7
5
2
-18
-6
13
14
9
14
10
0
3
19
10
5
9
0
-15
-21
-21
-14
-2
0
7
6
-17
-37
-19
-8
2
2
-9
-20
-23
-23
-23
-14
-11
-10
-11
-20
-19
-19
-18
5
11
8
6
-7
-13
-5
3
-10
-10
5
12
10
13
20
19
17
21
29
21
27
44
30
22
40
35
32
40
30
25
19
13
12
21
18
12
13
22
24
23
30
25
20
16
15
12
15
7
9
8
-1
-9
-13
-2
1
-2
0
-4
-4
2
-2
3
4
-4
0
17
6
1
-3
-7
-9
-1
18
12
7
3
2
4
16
16
21
29
29
26
23
30
29
24
23
29
21
6
-8
-11
-14
-11
6
13
10
14
13
-2
-4
-1
-10
-14
-3
-7
-10
-12
-13
-4
-4
-11
-10
-12
-15
-16
-18
-16
-16
-17
-19
-25
-20
-15
-24
-22
-23
-39
-37
-36
-38
-36
-32
-25
-41
-41
-38
-32
-35
-37
-32
-45
-48
-41
-38
-42
-42
-36
-43
-44
-33
-33
-32
-18
-15
-15
-9
-11
-9
-14
-12
-10
-7
-7
-9
3
6
10
16
14
19
17
10
16
25
31
38
29
23
22
27
33
32
32
41
42
37
35
41
37
38
24
38
24
26
44
19
30
22
17
1
8
6
15
17
1
12
10
-7
9
-4
-16
-2
-22
-10
-24
-17
-8
-11
18
5
9
2
1
0
0
3
-1
8
8
12
11
-4
3
-1
-5
11
13
14
23
22
21
20
28
21
15
22
17
17
18
21
17
16
18
6
3
15
18
16
18
22
20
19
17
13
8
2
1
-4
0
13
14
8
7
1
-7
-3
-2
-4
-4
1
2
2
-1
-10
-17
-13
-16
-15
-12
-19
-23
-28
-22
-20
-21
-16
-21
-28
-26
-26
-25
-28
-26
-23
-27
-38
-47
-51
-50
-48
-38
-38
-36
-40
-40
-26
-17
-13
-22
-20
-22
-27
-29
-21
-16
-21
-18
-21
-23
-15
-8
-13
-15
-6
-8
-3
-5
-9
-5
1
9
4
9
10
5
5
0
-3
-2
-2
0
1
7
9
12
21
21
20
19
18
13
11
8
-2
0
11
19
16
20
23
19
13
13
21
21
23
18
3
0
4
4
8
16
26
34
29
22
27
22
13
11
13
15
9
15
18
11
17
22
24
26
19
15
11
-2
6
8
10
7
13
8
13
33
23
22
17
9
15
14
12
18
22
27
34
31
29
28
23
26
26
24
26
20
18
16
16
18
17
7
16
15
6
1
-5
-13
-10
-2
-6
-4
-9
-13
-10
-10
-13
-18
-28
-27
-31
-32
-38
-39
-42
-47
-46
-44
-41
-36
-30
-28
-32
-30
-26
-29
-34
-33
-39
-33
-28
-31
-29
-29
-30
-33
-38
-31
-28
-25
-20
-26
-26
-34
-35
-30
-25
-19
-24
-23
-24
-24
-19
-11
-12
-10
-9
-14
-18
-19
-20
-16
-4
3
11
7
5
8
14
18
5
0
-3
-3
6
12
14
15
17
20
22
22
20
20
16
14
10
8
11
15
24
16
18
19
9
15
22
23
30
32
25
18
20
26
28
22
23
21
20
17
15
9
12
20
19
19
21
23
13
11
17
18
22
27
17
10
18
23
13
7
20
19
22
15
11
14
7
4
12
20
8
3
8
5
5
8
17
21
25
21
17
8
1
3
7
5
9
9
-1
-4
-10
-9
-4
-2
1
1
-3
-6
-13
-15
-12
-7
-6
-6
-11
-13
-13
-12
-16
-16
-17
-21
-23
-22
-12
-16
-17
-9
-5
-10
-11
-17
-22
-25
-20
-21
-22
-25
-28
-25
-26
-17
-17
-22
-27
-29
-24
-26
-25
-22
-21
-24
-29
-24
-24
-30
-26
-15
-15
-15
-14
-20
-17
-16
-14
-15
-16
-13
-15
-15
-14
-10
-8
-7
-6
1
7
1
-9
-4
0
-1
1
10
13
8
10
15
12
5
5
2
1
11
13
9
14
20
22
17
22
25
24
22
20
19
15
12
14
16
21
23
17
15
24
24
18
21
14
13
21
20
16
9
9
10
9
14
13
10
4
10
12
10
6
11
12
11
12
3
1
1
4
11
16
20
17
17
11
8
15
8
1
5
1
-3
6
8
2
0
-5
-3
-2
-3
-1
-1
-5
-1
0
-8
-7
-3
-5
-2
6
-4
-7
0
-1
-2
2
-5
-11
-10
-7
-9
-5
-5
-13
-11
-7
-3
-4
-2
-5
-11
-8
-7
-13
-7
0
4
7
2
0
-3
-7
-6
-7
-10
-8
-5
-4
1
-1
-1
0
-5
-7
-5
-10
-15
-17
-20
-16
-13
-13
-11
-16
-13
-7
-11
-14
-13
-14
-15
-13
-16
-19
-14
-12
-12
-7
-10
-16
-15
-17
-17
-14
-17
-14
-6
-8
-13
-14
-16
-14
-5
-2
2
-6
-5
-1
0
2
7
6
13
16
15
17
13
13
9
10
16
14
7
9
7
1
-3
-1
2
4
8
6
8
7
1
-9
-7
2
7
15
21
11
12
14
13
15
11
6
8
7
14
16
14
12
18
23
23
27
25
21
12
11
7
6
1
-2
4
9
12
15
17
18
19
11
7
4
4
4
7
11
6
2
4
5
7
4
2
1
-2
0
3
5
6
5
9
11
6
3
1
-4
-1
2
0
1
0
0
-2
1
-1
-3
0
-1
0
2
-4
-5
-8
-10
-10
-12
-12
-11
-18
-16
-10
-12
-13
-15
-17
-18
-19
-19
-15
-20
-20
-17
-16
-11
-7
-9
-9
-8
-15
-18
-18
-23
-19
-15
-14
-18
-20
-18
-16
-12
-10
-12
-16
-11
-5
-4
-6
-1
-3
-3
-4
-6
-4
-2
1
2
3
-2
4
4
-2
0
0
-5
-11
-14
-11
-9
-11
-11
-11
-16
-16
-9
-7
-2
0
-5
-5
-8
-9
-3
-4
-5
4
1
1
7
14
18
22
30
23
18
16
14
17
21
23
21
24
32
27
28
21
19
17
14
20
20
16
15
16
16
20
18
15
13
17
17
16
13
13
8
11
14
13
10
10
11
15
15
16
11
5
1
-2
-2
-1
2
5
6
11
6
-1
1
-5
-2
1
-1
0
6
10
9
6
4
1
-3
-6
-5
-4
-3
1
-3
-3
-2
-3
-4
-5
-6
-4
-1
-8
-8
-12
-16
-16
-18
-12
-11
-15
-14
-13
-9
-13
-12
-19
-26
-20
-19
-14
-13
-13
-11
-10
-5
-9
-10
-16
-20
-21
-25
-22
-23
-22
-20
-17
-17
-18
-19
-14
-15
-17
-18
-16
-9
-8
-2
-3
-10
-14
-10
-9
0
3
6
7
6
1
-1
1
2
4
7
9
6
2
5
3
3
9
3
4
4
4
7
7
13
11
9
9
11
12
5
6
3
5
4
7
8
5
9
11
8
7
5
3
6
3
0
1
-3
-5
-1
-3
0
0
-7
-6
1
5
3
0
-1
-4
-3
-2
5
10
7
8
7
5
7
6
7
9
15
18
17
15
13
13
16
19
17
18
20
14
12
8
5
11
14
21
22
21
16
12
10
5
12
13
9
13
12
11
8
10
3
-1
3
7
8
10
5
-3
-8
-10
-6
-7
-8
-2
-1
-4
1
0
-1
-2
0
1
-3
-2
-5
-9
-15
-15
-19
-22
-19
-16
-15
-18
-16
-15
-14
-12
-7
-8
-8
-15
-17
-17
-16
-14
-12
-9
-11
-13
-13
-13
-12
-7
-7
-9
-15
-17
-25
-23
-20
-15
-14
-17
-16
-13
-13
-12
-8
-12
-10
-12
-10
-6
-7
-8
-5
-2
1
1
-4
0
2
0
5
12
9
7
7
8
5
4
4
0
1
7
6
2
-3
-8
-7
-4
4
6
6
4
-1
-2
-4
2
5
6
8
4
2
4
4
8
14
12
12
15
6
8
13
10
8
8
9
7
15
13
17
20
17
17
15
17
14
11
16
19
21
19
19
20
18
13
12
9
6
7
7
8
12
12
15
12
11
6
0
-3
-7
-7
-5
-1
-5
-7
-7
-7
-1
0
-3
-5
-7
-7
-4
-5
-9
-8
-2
2
-1
2
-1
-5
-6
-5
-4
-2
1
0
-2
-3
-4
-4
-3
-2
-1
0
-7
-7
-3
-6
-5
1
-3
-3
-1
-3
-2
-1
1
-2
-4
-3
-4
-4
-5
-9
-16
-15
-15
-13
-7
-7
-5
-6
-8
-10
-14
-17
-14
-11
-9
-9
-9
-6
-8
-9
-6
-8
-9
-10
-7
-6
-2
0
-1
2
2
4
4
4
1
0
2
0
-1
-1
-2
1
0
-2
-2
-3
-3
1
1
0
-3
-5
-7
-3
-2
5
3
0
0
-4
-6
-6
-6
-3
0
3
5
2
-1
-1
-1
0
1
1
0
3
6
2
1
-2
-2
-1
3
9
9
6
4
3
3
4
5
5
5
6
7
7
5
5
6
8
11
13
11
11
12
11
10
4
9
10
12
16
15
12
8
12
17
18
15
11
11
5
4
6
8
7
6
9
10
7
2
1
4
4
1
2
-1
-5
-3
-1
-2
1
0
-2
-3
-4
-4
-1
-1
4
4
-1
-3
-5
-10
-13
-13
-11
-7
-7
-8
-10
-12
-9
-9
-11
-7
-10
-16
-13
-12
-11
-5
-9
-9
-6
-9
-8
-4
-2
1
2
0
-1
0
-2
0
0
-3
3
1
2
-1
-1
-1
-6
-4
-3
1
1
-1
-5
-3
0
-3
-2
0
3
4
0
-6
-5
-8
-11
-10
-8
-10
-9
-4
-1
2
0
-2
-7
-10
-11
-12
-15
-17
-15
-17
-13
-6
-3
-5
-1
-1
-2
-5
-5
-3
-3
-3
1
1
1
3
-3
-2
1
4
6
6
3
6
8
8
12
14
14
10
9
5
4
2
5
11
10
11
11
6
10
13
13
14
12
12
11
10
8
9
8
6
9
11
7
5
5
3
5
4
5
4
-2
4
9
8
7
5
2
5
7
8
9
10
8
7
11
11
9
1
0
2
2
7
6
4
7
6
5
0
-4
-2
-2
3
7
4
4
2
-4
-3
0
-3
0
-1
-6
-7
-4
-3
-1
-1
1
-3
-5
-1
-7
-4
-2
-3
-7
-6
-6
-5
-4
-5
-7
-10
-9
-12
-10
-8
-8
-6
-7
-7
-8
-13
-13
-15
-17
-16
-15
-15
-13
-12
-11
-13
-17
-18
-21
-19
-18
-17
-11
-9
-14
-11
-11
-16
-13
-11
-13
-9
-7
-8
-3
0
2
3
7
2
-3
2
2
3
7
6
7
5
5
9
13
14
11
10
11
8
6
10
7
9
8
3
3
2
1
0
1
7
5
5
8
9
10
5
3
5
1
0
2
4
4
2
7
9
10
8
2
2
0
0
4
6
2
1
1
4
9
10
14
11
11
13
12
10
10
12
11
14
13
13
10
12
15
16
11
11
8
7
8
5
6
6
1
3
1
-1
-2
-4
-3
-2
1
-3
-5
-6
-7
-7
-3
0
0
-3
-2
0
-2
-2
-6
-9
-9
-7
-3
-2
-4
-4
-5
-8
-5
-5
-4
-5
-8
-9
-10
-12
-12
-10
-10
-8
-10
-13
-14
-14
-11
-9
-12
-13
-13
-11
-9
-6
-4
-7
-10
-10
-8
-6
-5
-5
-7
-7
-8
-8
-7
-3
-2
5
7
6
7
4
1
0
3
3
4
4
8
7
5
4
2
0
3
6
4
7
5
6
7
11
5
3
-1
-1
0
0
0
-1
-2
0
2
0
-3
-9
-7
-8
0
3
-2
-2
-6
-7
-6
-5
-5
-2
-3
0
2
0
1
1
4
8
7
4
4
2
5
6
4
5
4
2
7
7
9
11
9
6
4
8
10
11
12
12
7
6
3
-3
-3
-1
2
4
2
5
6
3
3
2
-2
-8
-6
0
3
-1
0
-2
-5
-1
-2
-2
-2
2
2
4
7
6
2
4
4
4
4
4
4
8
9
6
5
5
2
5
8
9
7
7
6
2
1
-1
-4
-2
-4
-4
-5
-11
-12
-10
-7
-7
-7
-12
-13
-13
-10
-4
-3
-8
-6
-10
-10
-8
-8
-11
-12
-10
-11
-9
-9
-9
-10
-12
-8
-7
-1
3
5
3
0
1
-3
-3
1
1
0
1
-1
0
2
2
2
1
-2
-3
-4
-4
-1
-2
-4
-3
-3
-2
1
-2
-3
-1
-3
-3
-5
-3
-5
-5
-1
0
1
0
-1
-3
-3
2
1
1
3
2
2
0
-2
0
-1
2
3
4
2
2
5
6
7
6
6
4
3
8
8
7
8
3
5
4
5
7
5
0
2
2
-1
1
-1
1
2
5
3
0
0
-3
0
4
8
5
6
7
10
9
6
6
3
3
4
6
7
6
8
8
8
9
7
5
7
10
7
5
6
1
0
0
0
-1
1
-1
0
0
-2
-4
-7
-8
-7
-6
-3
-1
0
2
1
-3
-4
-8
-13
-11
-5
-4
-1
-1
-2
-2
-5
-5
-6
-8
-8
-6
-5
-1
-3
-3
-3
0
6
6
5
2
-1
-3
-4
-4
0
1
-1
1
0
1
1
2
6
4
4
1
-5
-11
-12
-12
-10
-5
-5
-4
1
-2
-4
-5
-3
0
2
-2
-7
-9
-10
-10
-7
-3
-6
-6
-5
-5
-5
-3
-6
-7
-9
-11
-10
-11
-11
-7
-5
-6
4
-11
-7
-3
-9
1
-3
-2
-7
-3
-1
1
11
-4
3
1
-2
7
1
-4
3
-2
10
8
15
4
6
2
3
13
5
10
5
8
9
9
6
7
7
9
14
17
15
10
14
11
14
15
13
12
11
14
16
15
17
13
14
13
7
6
6
8
11
11
7
4
2
-1
-2
-2
-2
-1
-4
-3
0
-1
-5
-3
-5
-5
-2
-1
-3
-3
-6
-6
-2
-2
-4
-1
-3
-3
-1
-2
-5
-7
-7
-5
-3
-4
-6
-4
-2
-2
1
3
-1
2
6
5
3
0
-2
-6
-4
-3
-5
1
2
3
2
-1
-2
-4
-4
-5
-5
-6
-9
-13
-12
-7
-7
-8
-10
-10
-13
-16
-15
-15
-15
-15
-17
-17
-13
-12
-12
-10
-9
-10
-8
-10
-12
-10
-8
-5
-1
-4
-7
-7
-7
-6
-1
2
-1
0
1
4
5
6
7
4
5
6
2
3
2
1
3
4
5
1
0
2
4
3
4
1
0
-1
2
0
-2
-2
-2
-1
1
1
2
0
0
-1
-1
0
1
4
6
9
9
9
8
10
10
13
15
13
10
11
11
14
13
7
10
10
13
16
14
10
10
7
5
7
9
7
9
9
6
10
11
10
10
12
10
6
8
4
3
6
8
9
9
5
2
2
-3
-2
-1
0
2
0
1
5
7
9
7
6
7
2
-1
0
-2
-5
-4
-8
-4
-2
-2
1
-2
-2
-1
-4
-3
-4
-4
-8
-8
-9
-7
-4
-6
-8
-8
-10
-9
-12
-7
-7
-9
-12
-9
-11
-14
-12
-11
-9
-9
-8
-11
-11
-10
-8
-6
-7
-10
-8
-11
-10
-11
-12
-8
-10
-12
-11
-13
-14
-12
-12
-9
-4
-5
-6
-5
-8
-8
-8
-9
-6
-3
-3
-6
-5
-7
-6
-5
-8
-7
-10
-10
-9
-6
-4
-4
-5
-4
-2
-3
-2
-3
-2
-2
1
5
4
1
0
-1
1
5
7
5
4
7
3
2
7
6
9
9
12
15
14
9
7
11
11
12
13
11
9
9
8
11
12
11
13
14
15
17
14
11
10
10
15
14
14
12
11
13
14
12
12
11
11
11
13
10
13
11
13
16
13
14
10
12
15
17
15
10
5
3
5
5
7
11
9
5
8
6
5
6
3
1
3
4
3
3
2
0
-2
-1
-4
-6
-5
-5
-4
-4
-9
-10
-10
-9
-9
-9
-9
-14
-17
-17
-19
-18
-15
-13
-16
-19
-20
-18
-23
-25
-20
-24
-22
-21
-19
-17
-15
-16
-17
-22
-20
-19
-20
-16
-13
-12
-14
-15
-14
-12
-11
-13
-12
-12
-12
-8
-7
-6
-8
-8
-8
-11
-14
-16
-13
-9
-5
-2
0
4
5
4
7
6
5
5
4
5
7
8
9
8
9
11
14
11
11
11
10
9
11
9
9
8
5
9
5
7
7
7
6
7
9
7
8
8
8
9
8
7
8
8
9
9
7
8
9
7
7
7
9
8
9
11
12
9
9
6
4
4
9
11
12
13
15
14
11
11
11
11
9
10
12
11
10
12
10
8
7
5
6
9
6
6
6
4
3
6
3
6
5
3
3
-1
1
-1
-3
-2
1
0
0
0
2
0
0
-2
-2
-2
-4
-6
-8
-13
-10
-10
-10
-10
-12
-13
-13
-15
-17
-16
-15
-13
-14
-14
-15
-17
-16
-12
-14
-14
-16
-17
-14
-11
-13
-13
-12
-13
-14
-14
-13
-15
-14
-11
-8
-9
-10
-9
-7
-8
-7
-3
-8
-8
-7
-5
-1
-4
-1
-1
-4
-2
-1
-2
-3
-2
-1
1
2
3
5
4
3
3
4
4
1
4
3
1
4
2
4
5
5
4
4
4
5
7
8
7
3
0
-3
-7
-4
-1
-1
2
2
5
4
6
6
4
2
3
3
5
5
7
5
8
10
11
12
10
11
13
12
11
12
12
9
13
13
14
17
15
10
7
9
9
11
14
13
13
15
15
15
15
17
15
12
10
7
6
3
6
5
3
5
7
7
4
1
0
-1
-2
-2
-3
-2
-1
-3
-4
-5
-9
-11
-8
-9
-9
-10
-9
-9
-8
-7
-5
-3
-8
-9
-9
-10
-10
-11
-10
-8
-5
-6
-8
-6
-5
-5
-5
-5
-6
-8
-8
-9
-6
-5
-6
-6
-7
-10
-7
-8
-8
-3
-5
-3
-3
-6
-7
-10
-9
-9
-8
-7
-6
-3
-5
-8
-8
-2
-4
-2
2
-1
-1
1
-3
-2
-1
-3
-1
-1
-4
-6
-7
-6
-7
-6
-6
-5
-2
-3
-5
-4
-2
-3
-7
-4
-1
-5
-8
-10
-9
-7
-8
-4
0
0
2
0
1
2
-1
1
5
7
6
5
6
5
0
-1
1
-1
1
4
5
10
12
10
10
7
6
8
11
17
18
19
20
18
12
11
15
15
17
18
12
12
13
15
17
18
12
12
14
14
13
12
10
10
7
5
6
3
3
1
3
5
1
1
2
0
-2
1
0
-4
-3
0
1
2
1
0
-3
-1
-3
-4
-6
-4
-3
-3
-3
-3
-3
-4
-3
-5
-5
-5
-4
-2
1
-2
-3
-2
-4
-5
-7
-4
-3
-6
-7
-8
-5
-6
-4
-3
-3
-4
-7
-5
-3
-6
-7
-7
-10
-8
-8
-9
-8
-9
-8
-7
-7
-4
-3
-4
-3
-5
-7
-5
-3
-6
-9
-7
-7
-6
-4
-2
-4
-7
-7
-5
-5
-6
-4
-4
-1
-4
-6
-5
-5
-5
-3
-5
-7
-6
-6
-7
-5
-4
-3
0
-1
-2
1
-3
-7
-6
-7
-6
-3
-3
-3
-1
0
1
2
2
0
-1
-3
-1
-1
2
4
7
5
4
2
3
6
6
8
7
7
7
10
10
8
8
10
8
6
6
6
8
9
9
9
10
9
8
5
6
6
5
8
9
6
9
9
6
6
7
6
9
10
10
11
8
7
7
7
9
14
11
7
7
3
4
3
3
3
2
0
-1
-1
-1
3
6
7
9
6
4
2
-1
1
2
0
0
0
-1
-1
-3
-2
1
-1
-4
0
-3
-3
-4
-8
-6
-4
-5
-7
-6
-4
-4
-1
0
1
-1
-3
-4
-5
-5
-7
-7
-6
-5
-5
-4
-2
-6
-7
-6
-7
-6
-6
-5
-4
-5
-7
-10
-9
-8
-6
-8
-8
-7
-8
-10
-11
-11
-10
-6
-7
-8
-7
-8
-8
-8
-6
-8
-8
-9
-10
-7
-8
-11
-13
-11
-9
-9
-5
-4
-5
-10
-7
-5
-4
-2
-6
-6
-4
-5
-6
-3
0
-3
-1
1
3
3
3
4
5
7
5
5
4
3
0
0
4
2
3
5
8
12
10
8
7
8
10
14
15
16
12
7
7
7
7
6
7
9
10
7
10
9
10
14
13
13
13
10
6
8
8
6
10
7
8
7
9
11
12
13
10
9
7
6
7
8
8
7
6
4
3
0
2
3
3
-1
-1
0
0
1
2
3
4
5
6
4
3
0
0
1
0
0
2
2
0
-1
0
-2
-3
1
2
3
0
-5
-6
-7
-5
-4
-3
-5
-5
-8
-7
-6
-6
-3
-4
-5
-6
-7
-10
-9
-11
-11
-8
-9
-11
-10
-7
-6
-6
-9
-8
-9
-12
-11
-12
-12
-9
-10
-8
-6
-6
-7
-6
-7
-8
-9
-9
-7
-6
-6
-7
-11
-13
-14
-13
-14
-11
-11
-14
-12
-12
-10
-10
-7
-8
-11
-10
-8
-7
-7
-5
-5
-4
-3
-5
0
2
4
2
4
3
3
5
3
2
2
2
3
4
4
5
5
7
6
9
11
11
10
9
7
6
9
14
13
12
14
13
16
16
12
14
14
13
11
13
12
11
9
9
10
10
11
12
11
9
9
9
11
12
13
12
13
11
8
11
12
11
15
16
15
12
10
5
5
8
11
9
10
7
6
7
5
7
8
7
4
3
0
-1
-2
-1
2
0
-2
-1
-3
-5
-4
-3
-7
-5
-6
-9
-12
-12
-13
-15
-14
-13
-13
-11
-14
-17
-16
-17
-16
-16
-16
-17
-18
-15
-17
-13
-12
-11
-10
-13
-13
-11
-11
-8
-7
-6
-5
-6
-7
-8
-7
-4
-3
-1
1
-1
-2
-5
-8
-7
-5
-5
-3
-5
-4
-3
-6
-2
2
0
0
0
-2
-3
-2
-2
-5
-3
-4
-2
-5
-8
-6
-7
-8
-8
-8
-8
-5
-6
-6
-4
-4
-6
-4
-4
-4
-2
-1
0
-2
-1
3
2
5
6
6
7
9
9
11
11
11
8
8
10
8
9
9
10
12
11
11
17
16
15
11
12
13
7
4
7
9
12
14
12
14
12
13
13
12
8
6
8
9
7
6
10
9
13
12
6
5
5
6
6
4
7
9
5
6
9
7
3
4
6
4
4
6
3
-1
-1
-3
0
1
-2
0
1
2
-4
-5
-1
-2
-5
-4
-8
-10
-10
-8
-7
-8
-7
-7
-6
-3
-2
-4
-3
-5
-2
-6
-5
-7
-11
-8
-7
-8
-4
-3
-5
-6
-5
-5
-7
-8
-9
-9
-9
-10
-10
-8
-8
-8
-8
-10
-11
-11
-9
-9
-7
-4
-7
-8
-9
-11
-10
-9
-8
-8
-7
-7
-7
-8
-8
-7
-9
-5
-3
-6
-6
-3
-4
-4
-1
-3
-5
-8
-6
-5
-5
-3
-1
-3
0
2
6
5
8
9
6
4
2
4
6
6
4
5
4
4
4
6
7
8
6
2
4
0
-2
0
1
3
4
2
2
3
1
3
6
8
7
7
6
7
6
6
5
6
8
11
10
8
10
10
11
12
14
11
11
13
11
13
13
11
13
11
8
12
13
9
11
10
12
10
11
12
12
13
11
8
5
5
2
1
3
4
3
2
2
0
0
-1
-2
-1
-2
-1
-2
-4
-4
-4
-6
-7
-8
-11
-10
-13
-11
-10
-9
-10
-9
-9
-7
-6
-7
-5
-4
-6
-8
-8
-10
-8
-7
-8
-8
-11
-13
-13
-11
-10
-9
-5
-7
-11
-11
-11
-12
-12
-11
-12
-10
-13
-13
-14
-10
-10
-12
-13
-9
-9
-10
-11
-13
-12
-14
-10
-8
-8
-9
-9
-11
-8
-6
-6
-5
-6
-3
-3
0
1
1
2
5
7
7
7
4
3
4
3
7
9
9
11
13
11
14
13
13
14
13
13
11
9
8
11
9
13
18
18
16
17
18
14
13
13
12
14
15
15
16
14
12
13
12
11
9
7
8
6
4
5
6
5
3
3
4
6
6
4
1
1
-2
-3
-3
-2
-1
-3
-4
-5
-7
-5
-3
-3
-1
-2
-5
-6
-8
-8
-6
-7
-6
-4
-7
-6
-4
-1
-3
-3
2
-1
-2
-2
-5
-5
-7
-6
-1
-1
-5
-3
-3
-2
-2
-4
-3
-2
-1
-4
-5
-6
-9
-9
-6
-3
-2
-1
-2
-4
-4
-3
-2
-2
-7
-7
-4
-3
2
3
3
2
-1
-2
-1
0
-2
-4
-4
-6
-9
-8
-6
-5
-3
-3
-3
-3
-5
-5
-7
-7
-8
-7
-5
-5
-4
-2
-5
-5
-4
-3
-3
-5
-2
-4
-8
-6
-6
-5
-3
-3
-1
-4
-3
-2
-5
-4
-3
-4
-3
0
0
0
4
4
1
1
5
6
6
9
10
9
7
8
10
11
11
10
8
8
7
8
9
9
9
7
7
5
5
7
7
7
7
5
0
3
4
3
4
4
4
2
3
2
1
-1
-1
0
0
0
0
2
3
6
9
11
8
4
4
2
3
3
3
5
5
6
4
3
4
5
5
3
3
4
0
-1
-1
1
0
1
1
3
5
5
4
5
2
0
1
0
2
2
-2
-2
-3
-5
-3
-7
-9
-9
-7
-6
-5
-3
-5
-4
-5
-5
-5
-4
-4
-5
-5
-4
-4
-5
-4
-5
-5
-5
-7
-5
-5
-5
-6
-7
-7
-9
-6
-5
-7
-8
-9
-9
-8
-6
-7
-6
-5
-7
-6
-4
-4
-5
-5
-5
-8
-10
-8
-6
-3
-2
1
1
-1
0
-3
-6
-5
-4
-4
-4
-2
-6
-5
-5
-7
-5
0
-1
-2
2
2
-2
-2
0
4
6
11
12
9
7
5
5
2
2
5
6
7
6
3
6
7
4
0
0
1
3
5
6
4
5
4
4
6
8
8
9
7
8
7
5
7
7
6
7
7
5
6
5
5
4
4
3
3
3
6
5
6
8
8
6
6
7
5
4
3
2
0
3
3
3
2
3
2
1
0
1
0
1
4
1
1
-1
-4
-3
-4
-4
-2
-1
-3
-3
-1
-2
-2
-2
-2
-2
-2
-1
-2
-2
1
-2
-3
0
-2
-4
-3
-2
-4
-6
-3
-2
0
1
1
-2
-2
-4
-5
-3
-4
-2
-2
-1
-1
-2
-1
-4
-6
-8
-8
-10
-8
-6
-4
-6
-8
-6
-6
-8
-7
-9
-9
-7
-9
-8
-8
-6
-5
-7
-8
-7
-8
-9
-7
-6
-7
-4
-4
-5
-1
1
-2
-2
-1
1
4
7
8
5
2
4
6
6
6
9
9
13
13
11
10
8
7
9
8
7
5
5
1
1
3
3
2
3
4
2
-2
-3
-2
-3
-2
-5
-4
-6
-7
-6
-5
-3
-3
-4
-6
-5
-3
-2
-3
-5
-4
-3
-2
0
3
4
2
2
2
3
2
0
2
1
4
7
7
9
7
7
7
8
9
8
9
11
10
6
6
6
4
5
9
5
7
6
4
5
6
4
2
4
4
3
7
5
5
3
1
1
-1
-2
-3
-2
-3
-1
1
4
7
5
2
3
1
-4
-3
-5
-2
-1
0
1
2
1
-1
-2
-1
-4
-2
-6
-5
-4
-6
-7
-6
-2
-1
-2
-6
-9
-10
-10
-9
-5
-6
-10
-11
-12
-13
-13
-8
-7
-7
-7
-6
-6
-8
-9
-7
-7
-4
-4
-4
-2
-5
-5
-6
-4
-2
1
3
3
-2
-3
-3
-3
0
0
-1
-2
-4
-2
-1
1
1
-2
-2
-5
-4
-3
-1
-3
-1
0
-2
-2
-3
-3
0
1
2
3
2
3
2
2
4
3
2
1
1
2
4
5
5
7
8
8
10
8
6
6
9
7
11
14
10
10
8
8
9
10
10
11
9
9
7
4
4
6
8
9
8
7
5
2
2
2
3
3
3
2
2
1
-1
0
-3
0
3
4
4
2
0
-1
0
-2
0
0
-1
0
-1
-4
-8
-7
-6
-5
-3
-4
0
-1
-3
-1
1
0
-3
-4
0
-2
-4
-5
-5
-3
-2
0
-1
1
0
-4
-3
-4
-3
-4
-5
-4
-4
-5
-6
-10
-10
-10
-8
-4
-4
-3
-4
-5
-5
-4
-5
-4
-1
1
1
-1
0
1
-1
0
1
1
0
0
-3
-3
0
-1
-1
2
-1
-1
-2
-3
-3
-3
-1
-3
-2
-1
-5
-5
-1
-2
-2
0
0
1
-1
-2
-2
-1
-1
0
2
3
4
3
2
2
1
-1
3
4
3
3
2
3
5
3
3
4
4
2
-1
2
3
2
2
0
-2
-3
-5
-1
2
1
-1
-3
0
3
2
1
0
-4
-9
-9
-7
-5
-5
-2
-2
-2
-6
-8
-8
-5
-7
-2
2
-1
-2
-2
1
-1
1
3
3
2
6
7
3
4
3
1
4
9
12
13
11
13
14
13
13
12
12
11
7
9
11
9
9
12
14
12
9
8
7
7
6
9
5
3
3
3
2
1
0
-3
-1
2
2
1
0
-1
-1
-2
-6
-7
-6
-7
-7
-6
-3
-8
-10
-10
-11
-8
-7
-5
-2
-3
-4
-4
-5
-7
-6
-6
-6
-3
-4
-5
-5
-5
-4
-3
-1
-3
-5
-6
-7
-8
-7
-7
-8
-4
-4
-3
-4
-7
-9
-7
-10
-8
-5
-5
-4
-4
-5
-7
-8
-6
-5
-5
-1
-1
-2
0
0
-2
-1
-3
-3
-2
-2
0
-2
-1
-1
-1
1
3
0
1
-2
-2
-1
-2
0
0
1
1
2
3
4
0
4
5
5
4
6
4
6
4
0
1
-1
-2
-1
1
1
5
7
7
8
7
9
8
7
8
7
7
9
7
9
10
13
12
12
13
11
10
8
7
7
7
8
7
7
11
9
6
6
3
3
4
3
3
3
1
-2
-2
-5
-4
-3
-3
-3
-1
-3
-6
-8
-7
-6
-6
-4
-2
-2
-1
-1
0
-2
-4
-3
-2
-2
-1
-4
-3
-1
-2
2
2
3
2
0
1
-2
-3
-2
-3
-4
-4
-1
-3
-8
-10
-9
-11
-9
-9
-8
-6
-10
-9
-7
-6
-7
-6
-2
-2
-2
-5
-7
-11
-7
-5
-2
-4
-6
-4
-5
-2
-1
0
-1
-1
-1
-1
1
1
-1
2
5
3
6
9
9
8
6
5
2
0
0
4
7
5
7
9
10
8
7
4
3
-3
-3
-2
-2
-7
-5
-2
-2
-3
-4
-5
-7
-6
-6
-7
-8
-7
-6
-5
-4
-3
-2
-2
-5
-4
-4
-4
-2
-1
0
2
4
4
4
2
2
2
3
5
5
6
6
6
5
3
5
5
6
8
11
9
8
5
6
5
7
5
3
0
-1
4
5
6
8
6
4
3
1
0
1
1
1
3
4
6
6
5
2
1
2
0
2
3
3
5
5
4
5
3
2
3
2
0
0
-1
0
2
3
4
1
1
0
0
-1
-3
-5
-7
-3
-3
-4
-5
-4
-5
-5
-7
-6
-8
-12
-9
-10
-8
-8
-8
-9
-6
-3
-6
-7
-6
-3
-2
-3
-5
-4
-3
-5
-1
3
1
-1
-1
2
1
0
-3
-3
-2
-1
2
4
3
-1
1
2
4
5
3
2
-2
-2
-4
-6
-6
-5
-3
-1
1
-1
-2
-4
-2
1
0
-2
-4
-7
-8
-8
-8
-8
-10
-10
-8
-6
-3
1
1
3
-1
-2
-2
-1
-1
0
1
4
2
2
2
1
2
4
2
0
2
2
1
4
5
5
5
6
5
3
2
-1
2
3
2
3
6
7
6
6
5
3
2
2
2
2
3
4
2
3
4
4
4
3
3
3
5
4
4
5
4
4
6
5
7
10
8
9
9
8
7
7
7
8
8
6
6
4
4
3
3
7
3
1
-1
-1
-1
-1
-1
-2
-3
-3
1
0
0
-2
-2
-1
1
1
2
1
1
0
-1
0
-2
-2
-2
0
-2
-3
-3
-3
-2
-2
0
-2
-6
-5
-4
-4
-3
-5
-3
-6
-6
-6
-6
-4
-3
-2
-1
-2
-3
-4
-4
-4
-7
-9
-10
-10
-10
-10
-9
-10
-10
-9
-11
-11
-13
-13
-9
-6
-7
-9
-9
-10
-10
-8
-6
-5
-3
-4
-4
-5
-5
-3
-3
-4
-3
-4
-4
-4
-3
-3
0
0
1
0
0
1
-2
0
3
4
3
3
5
6
7
6
3
2
1
4
2
2
4
6
8
10
10
8
7
5
4
9
7
8
7
5
6
9
8
8
6
7
9
11
12
14
15
13
11
10
11
13
12
13
12
11
7
5
5
6
8
10
9
6
4
2
4
4
4
5
4
3
1
1
2
0
0
1
1
-2
-3
-5
-3
-3
-2
-3
-1
-3
-3
-3
-4
-6
-6
-6
-5
-6
-7
-6
-5
-6
-5
-3
-3
-3
-3
-4
-3
-7
-6
-6
-5
-4
-3
-1
-4
-5
-6
-5
-4
-4
-4
-2
-2
-4
-5
-3
-4
-6
-6
-7
-6
-5
-4
-3
-5
-4
-5
-6
-7
-7
-7
-6
-6
-6
-7
-7
-8
-9
-8
-5
-6
-5
-6
-5
-7
-7
-5
-7
-4
-5
-5
-6
-6
-5
-4
-3
0
-1
-2
-1
-1
1
0
0
-1
0
2
1
3
2
1
2
0
0
3
2
3
6
7
6
5
5
3
2
0
2
4
4
4
4
5
7
7
6
4
4
7
9
10
11
10
9
7
5
7
5
4
3
4
4
5
6
9
10
7
5
3
0
1
4
4
2
1
0
0
0
2
4
8
6
7
9
6
6
4
6
7
10
8
9
9
10
7
5
6
5
5
6
6
5
5
3
1
3
3
1
0
0
0
-1
0
-1
-2
-4
-3
-1
-1
0
-1
-1
-2
-1
-1
-3
-6
-9
-7
-7
-7
-4
-5
-6
-4
-2
-1
-3
-3
-3
-4
-5
-7
-8
-5
-6
-8
-7
-8
-11
-10
-11
-8
-6
-9
-8
-8
-9
-7
-9
-11
-11
-12
-13
-11
-9
-12
-13
-13
-14
-12
-12
-10
-9
-11
-11
-10
-11
-11
-10
-11
-11
-12
-10
-11
-9
-7
-4
-3
-2
-3
-4
-1
-1
0
2
2
3
3
6
8
9
9
10
12
13
11
11
11
8
12
11
10
12
9
9
10
12
11
10
9
9
7
9
10
8
7
8
8
9
11
11
10
7
8
7
4
5
7
5
7
6
5
7
5
5
7
7
6
2
2
1
2
4
6
8
8
8
6
3
4
4
3
5
6
4
4
2
2
1
3
5
1
0
0
0
-2
1
1
1
3
3
2
3
1
0
3
2
-1
-5
-3
-4
-3
-3
-1
-2
-6
-4
-4
-4
-3
-3
-5
-5
-8
-6
-4
-8
-7
-7
-8
-10
-10
-9
-12
-9
-8
-8
-10
-11
-10
-10
-11
-9
-11
-12
-9
-10
-9
-9
-9
-11
-12
-12
-12
-10
-9
-7
-5
-8
-12
-9
-6
-8
-6
-2
-3
-2
-2
-3
-2
-2
-2
-2
-1
-3
-3
-2
-2
1
6
5
4
5
5
4
3
2
5
5
5
4
4
7
7
6
4
2
1
1
0
0
-1
-1
0
1
0
5
2
1
2
0
0
-1
1
1
2
1
2
2
3
4
6
8
9
8
6
5
6
5
4
6
7
8
11
14
12
10
10
7
7
10
9
9
12
13
14
13
13
14
15
16
15
12
10
7
5
8
7
6
6
5
7
8
6
6
5
1
-1
0
0
-3
-4
-2
-4
-4
-4
-7
-8
-8
-9
-7
-11
-10
-9
-13
-12
-13
-11
-11
-9
-8
-8
-8
-4
-2
-5
-6
-7
-7
-7
-6
-3
-4
-5
-6
-6
-4
-1
-1
-1
-2
-1
-3
-2
-2
0
-2
-4
-6
-6
-4
-6
-6
-5
-8
-10
-11
-10
-7
-11
-9
-7
-8
-6
-6
-8
-8
-6
-8
-5
-6
-7
-7
-5
-1
-3
-3
0
-1
0
2
2
-1
2
2
4
4
4
5
3
5
4
5
3
3
3
4
4
4
5
3
3
4
4
7
6
7
6
4
4
4
5
8
5
5
7
7
6
5
4
4
5
3
2
0
0
1
3
5
3
1
1
-1
-1
1
4
3
3
3
5
1
0
-1
-1
2
2
0
-4
-4
-4
0
1
2
5
6
4
4
2
1
1
1
1
1
-1
-1
-1
1
3
3
3
4
3
1
1
2
-1
0
3
4
5
7
7
5
4
5
3
3
3
3
4
3
5
6
5
3
2
3
1
-1
-2
-3
-3
-4
-5
-5
-6
-4
-4
-4
-1
-2
-5
-5
-5
-5
-6
-6
-8
-10
-9
-8
-11
-10
-9
-8
-8
-7
-8
-8
-8
-8
-6
-5
-4
-3
-3
-4
-4
-4
-5
-4
-3
-5
-4
-3
-2
-3
-1
0
-1
1
-3
-3
-3
-3
-3
-3
-3
-2
-1
0
0
1
-1
1
1
1
3
1
2
3
3
3
5
2
0
2
3
3
4
1
1
0
2
3
4
5
5
4
4
3
2
4
2
4
7
5
5
6
4
4
6
5
4
4
4
2
0
-1
-2
0
-2
0
0
-1
1
0
1
0
0
-1
-1
0
1
4
4
2
-1
3
5
4
5
2
2
2
3
3
1
1
3
2
5
4
3
3
2
3
2
0
-1
1
1
2
6
5
5
6
5
6
8
6
5
4
2
0
1
1
0
-2
-2
-1
-2
-3
-3
-1
-4
-4
-5
-9
-8
-10
-9
-5
-1
0
1
2
1
0
0
-1
-1
-1
-2
-4
-2
-2
-3
-2
-4
-5
-6
-6
-5
-4
-4
-4
-4
-2
-2
-3
-5
-6
-7
-8
-7
-7
-7
-7
-6
-2
0
-1
-1
-2
-6
-4
-3
-3
-2
0
-2
-3
-4
-6
-5
-3
-3
-4
-6
-4
-5
-6
-5
-5
-7
-4
1
1
2
5
3
0
2
1
1
0
1
3
4
5
4
5
6
5
3
2
0
0
-2
-3
-2
-1
4
6
5
5
3
4
3
3
3
2
2
0
0
1
2
1
3
3
4
3
3
6
5
2
3
6
6
7
7
6
4
4
3
2
1
2
2
3
4
6
5
6
7
10
11
7
5
6
5
4
3
2
3
2
3
7
8
7
6
5
3
4
6
5
4
3
3
2
2
4
4
4
4
4
1
0
1
2
2
2
1
0
1
2
3
0
-2
-1
-2
-5
-5
-3
-3
-5
-5
-6
-7
-4
-5
-7
-8
-8
-12
-13
-10
-11
-10
-12
-10
-12
-12
-9
-8
-8
-7
-9
-11
-13
-13
-11
-10
-10
-10
-10
-11
-11
-8
-8
-6
-5
-4
-2
-6
-8
-8
-9
-6
-3
0
1
1
0
-2
-1
-1
1
0
4
5
3
6
6
4
3
4
2
2
0
0
2
2
3
1
2
5
5
5
4
3
-1
-2
-2
-2
-2
-5
-7
-6
-3
0
0
0
-1
-3
-1
0
-1
-1
0
0
0
1
2
2
3
7
10
10
8
8
5
4
4
6
8
9
12
13
14
16
14
13
13
13
16
12
12
12
12
12
14
14
13
10
9
9
10
11
8
7
5
4
2
5
8
6
7
8
7
7
7
4
4
4
2
1
1
-1
-1
-2
-3
-3
-3
-4
-5
-4
-6
-5
-5
-7
-7
-9
-10
-12
-13
-14
-13
-11
-9
-9
-8
-9
-10
-11
-14
-13
-11
-10
-11
-11
-11
-11
-10
-9
-8
-9
-8
-8
-8
-7
-9
-10
-9
-8
-6
-5
-4
-8
-8
-9
-5
-2
-1
-2
-4
-7
-5
-3
-3
1
3
3
3
4
3
-1
-2
-3
-2
-3
-1
2
1
1
3
2
0
-3
-3
-4
-3
-1
-2
-3
-6
-5
-6
-5
-3
-2
0
0
1
1
3
3
2
2
4
0
1
3
2
5
4
4
5
5
6
10
9
8
5
4
5
8
9
9
7
6
8
10
10
10
12
10
8
8
9
8
9
10
12
11
10
12
11
12
12
11
9
7
7
9
10
10
10
9
8
7
8
9
9
9
7
6
5
4
3
4
6
5
5
5
0
-1
-2
-3
-5
-3
-5
-6
-5
-5
-5
-6
-6
-6
-7
-7
-8
-11
-11
-13
-13
-10
-10
-8
-5
-6
-5
-3
-4
-5
-5
-5
-7
-8
-11
-11
-11
-9
-9
-7
-11
-12
-10
-10
-7
-8
-5
-6
-4
-6
-6
-6
-10
-7
-4
-6
-8
-4
-4
-7
-9
-8
-8
-9
-10
-10
-10
-11
-11
-9
-8
-6
-5
-5
-3
-2
-2
-2
-3
-4
-5
-4
-3
-3
1
2
2
1
2
1
1
2
2
4
5
5
4
4
3
3
6
8
11
13
13
11
8
5
6
3
4
5
7
7
10
11
12
11
8
5
4
5
8
6
6
6
6
7
6
5
3
4
6
8
11
11
8
9
9
8
8
9
7
8
10
8
10
10
10
12
11
9
7
5
5
5
5
7
8
7
5
4
4
3
2
0
-1
-1
0
1
3
4
2
1
0
-3
-4
-4
-6
-5
-5
-4
-3
-1
-3
-4
-5
-5
-7
-9
-10
-10
-10
-11
-9
-9
-11
-9
-10
-10
-10
-9
-12
-12
-12
-13
-12
-12
-11
-8
-10
-10
-8
-9
-9
-8
-7
-10
-12
-10
-9
-9
-7
-6
-6
-5
-5
-6
-5
-4
-6
-7
-3
-2
-2
-2
1
3
1
1
3
2
1
1
2
1
1
2
2
3
3
4
4
4
0
0
-1
0
2
1
2
-1
0
2
2
3
5
4
3
2
0
-1
-1
-2
-1
-1
-1
1
3
3
3
1
-1
-1
1
0
0
1
1
0
-1
0
4
7
7
7
6
4
4
3
5
5
7
8
8
8
10
13
13
12
13
13
11
11
12
10
9
9
8
9
13
12
9
7
4
3
3
4
4
4
4
4
3
2
2
1
-2
-1
-3
-6
-6
-3
-5
-4
-4
-5
-3
-2
-3
-2
-3
-5
-7
-9
-6
-7
-5
-6
-6
-5
-2
-3
-2
1
2
3
4
3
3
1
0
2
3
4
2
3
3
1
0
0
0
0
0
1
3
0
-1
-1
-1
-4
-2
-3
-6
-3
-4
-5
-6
-7
-8
-7
-5
-7
-6
-8
-9
-12
-13
-10
-12
-11
-8
-8
-9
-8
-8
-11
-11
-12
-10
-12
-10
-9
-10
-11
-8
-9
-10
-8
-7
-6
-6
-3
-1
1
-1
-3
-4
-5
-4
-5
-4
-1
0
3
5
3
4
2
-1
2
4
5
7
6
6
5
6
8
7
6
6
6
6
9
10
11
12
11
11
11
11
10
8
8
10
8
8
10
9
9
9
8
5
6
6
5
3
6
6
4
4
3
4
3
0
0
2
3
4
4
3
3
2
2
4
4
4
4
6
4
6
6
5
5
5
3
3
4
4
2
1
3
4
3
4
3
3
2
3
1
2
3
3
3
2
0
-3
-4
-3
-5
-4
-3
-4
-4
-3
-2
-2
-1
-4
-8
-11
-11
-13
-13
-13
-12
-10
-6
-5
-5
-6
-8
-11
-12
-13
-12
-11
-10
-9
-11
-8
-10
-10
-8
-8
-8
-8
-7
-7
-7
-5
-3
-1
-1
-2
-1
-2
-5
-5
-4
-2
-3
-2
-3
-1
1
-1
0
1
-1
-4
-2
-2
-2
-1
-2
0
-1
2
2
2
-1
-2
-4
-4
-4
-1
2
1
4
3
1
2
2
1
3
5
6
6
8
8
7
5
2
0
0
3
3
5
7
8
7
5
7
5
4
2
3
4
5
6
6
8
5
5
5
4
4
3
3
5
5
6
8
7
8
8
7
9
8
9
7
7
8
8
9
9
10
10
9
7
4
4
4
3
4
4
3
0
0
0
0
-1
-1
-1
0
-1
1
0
-3
-4
-4
-5
-5
-6
-6
-4
-4
-2
-2
-2
-2
-5
-4
-3
-3
-5
-5
-7
-9
-6
-4
-3
-2
-4
-2
-2
-4
-5
-4
-4
-4
-2
-3
-3
-2
-3
-3
-4
-5
-4
-3
1
0
0
-1
-2
-3
-1
0
-3
-2
-2
-4
-4
-7
-8
-6
-5
-6
-7
-6
-5
-5
-5
-6
-4
-6
-7
-6
-6
-6
-7
-9
-8
-9
-10
-8
-6
-5
-6
-5
-4
-3
-2
-1
-1
0
0
1
1
-1
-2
-2
0
0
4
3
3
4
2
1
0
1
-1
-2
0
3
4
4
6
5
6
6
6
5
6
6
7
9
8
7
7
10
9
8
7
6
3
2
8
7
7
7
9
6
6
7
6
6
8
7
7
6
3
1
0
3
7
7
8
9
9
8
6
4
2
2
3
4
4
4
2
-1
1
3
4
3
-1
-3
-5
-5
-3
-1
0
0
-1
-2
2
3
1
1
2
1
-3
-3
-4
-4
-4
-5
0
2
1
1
2
-2
-3
-3
-2
-4
-3
-4
-4
-3
-4
-4
-5
-2
-3
-1
-1
-1
-3
-4
-4
-4
-4
-3
-3
-4
-5
-5
-7
-7
-5
-7
-5
-4
-6
-6
-7
-7
-7
-8
-7
-6
-3
-2
-3
-3
-4
-4
-4
-3
-3
-2
-1
-3
-1
0
-2
0
-2
-2
-1
-4
-5
-6
-5
-4
-4
-4
-2
-4
-5
-3
-4
-4
-3
-4
-2
-2
-3
-4
-5
-6
-3
-4
-1
0
0
1
0
-1
0
-1
-3
0
0
2
6
6
5
6
8
7
8
9
8
4
4
3
4
4
7
9
11
12
13
12
10
12
12
11
12
11
9
8
9
8
8
6
6
8
9
9
10
10
9
9
9
9
8
7
4
2
1
4
3
4
7
6
4
2
2
2
2
3
4
1
1
-1
-1
-2
-3
-3
-7
-7
-6
-5
-3
-4
-7
-4
-6
-6
-5
-6
-7
-8
-8
-7
-5
-5
-5
-6
-8
-6
-5
-5
-4
-5
-4
-7
-8
-8
-8
-7
-5
-4
-4
-5
-6
-5
-5
-7
-9
-7
-7
-6
-3
-3
-4
-1
-2
-1
0
-3
-1
-3
-4
-2
-1
-1
-2
-2
-2
-2
-4
-4
-7
-7
-6
-6
-6
-8
-9
-8
-8
-6
-5
-6
-4
-2
-4
-5
-5
-5
-6
-5
-5
-3
-2
0
1
1
1
0
0
-1
1
3
3
3
5
5
6
6
7
6
5
5
5
6
6
6
6
7
8
7
10
12
11
11
10
8
10
9
9
10
11
12
14
12
10
9
10
9
7
7
6
7
4
4
5
7
4
6
5
3
4
2
1
3
4
4
5
2
2
1
2
0
-1
2
0
-4
-4
-1
-1
-1
0
0
1
0
0
1
3
2
1
2
2
-1
-3
0
1
2
2
0
-1
-1
-1
0
2
2
3
6
4
2
-1
-4
-6
-5
-3
-2
-2
-3
-2
-2
-5
-5
-8
-8
-9
-9
-9
-9
-8
-9
-9
-7
-8
-9
-10
-11
-13
-13
-12
-12
-12
-14
-12
-12
-14
-14
-12
-12
-12
-11
-9
-10
-14
-14
-12
-12
-11
-10
-8
-7
-7
-5
-6
-8
-7
-7
-7
-5
-5
0
0
1
2
2
2
1
2
2
3
3
5
5
6
6
6
8
7
7
8
7
6
7
8
8
10
10
9
7
8
8
8
10
10
10
7
6
7
8
9
7
7
3
3
4
6
7
6
6
7
7
9
11
10
10
9
10
8
6
5
5
6
7
8
10
10
9
7
9
8
8
6
7
8
8
8
8
5
3
4
5
4
3
3
3
3
4
3
-1
1
0
3
3
2
0
-2
-4
-7
-4
-6
-6
-6
-6
-6
-8
-6
-5
-6
-7
-11
-10
-10
-10
-8
-6
-7
-7
-5
-4
-3
-2
-3
-6
-8
-7
-8
-9
-6
-5
-3
-1
0
-1
-2
-7
-8
-8
-8
-8
-7
-6
-7
-7
-9
-9
-6
-7
-10
-10
-9
-6
-5
-2
-4
-6
-7
-8
-10
-10
-9
-12
-10
-8
-3
-3
-3
-4
-4
-4
-2
-2
-4
-6
-7
-4
-2
-1
-2
0
3
3
5
4
6
5
3
4
5
3
5
6
6
9
7
5
2
1
4
5
7
7
6
4
2
4
3
1
2
3
3
1
2
2
2
3
3
6
6
7
5
6
6
4
5
4
3
3
5
6
7
9
7
7
7
9
7
8
7
3
4
6
5
7
6
5
5
5
4
5
5
3
2
0
1
2
3
3
4
4
2
2
3
2
0
0
1
1
3
4
5
4
4
3
1
1
1
0
2
5
7
7
8
7
3
1
1
1
3
3
2
-1
-1
-1
0
0
0
-1
-3
-5
-3
-6
-7
-7
-7
-6
-9
-11
-12
-12
-11
-14
-15
-15
-13
-12
-11
-12
-15
-17
-15
-15
-14
-13
-10
-8
-8
-6
-8
-9
-9
-11
-9
-8
-5
-4
-3
-2
-2
-3
-4
-4
-4
-4
-2
-3
-3
-2
-2
0
1
4
3
1
1
-1
-2
-1
1
1
2
2
2
-1
-1
-3
-2
0
1
2
2
2
0
1
3
5
2
-1
-2
-2
-1
2
3
5
4
4
2
1
4
