SAMPLES:	22727
BITSPERSAMPLE:	16
CHANNELS:	1
SAMPLERATE:	16000
NORMALIZED:	FALSE
1
1
1
1
1
-1
0
-1
-1
-2
-2
-3
-3
-3
-3
-4
-4
-4
-5
-4
-6
-7
-7
-6
-6
-6
-6
-5
-4
-5
-6
-6
-6
-6
-7
-7
-6
-6
-7
-7
-7
-6
-7
-7
-7
-7
-6
-8
-7
-8
-8
-9
-10
-10
-8
-8
-10
-10
-9
-10
-9
-8
-9
-8
-9
-9
-10
-11
-12
-11
-10
-11
-11
-12
-11
-10
-10
-9
-7
-9
-7
-7
-8
-8
-7
-7
-4
-4
-3
-4
-2
0
-1
0
2
3
2
4
3
3
4
3
4
6
7
8
8
9
10
9
11
11
11
13
14
12
14
13
13
13
14
14
14
14
14
14
14
14
15
15
14
14
13
14
13
13
14
14
13
13
12
10
11
11
12
13
12
13
10
11
10
9
9
9
7
6
5
6
6
5
6
4
5
4
3
3
2
1
1
1
1
1
-1
0
-1
-2
-1
-3
-3
-2
-4
-4
-4
-4
-5
-4
-5
-5
-5
-6
-8
-8
-9
-8
-9
-9
-10
-10
-10
-9
-11
-12
-10
-11
-12
-12
-13
-13
-14
-14
-13
-13
-14
-13
-14
-15
-15
-16
-16
-16
-14
-14
-13
-13
-13
-15
-15
-14
-15
-14
-14
-14
-15
-13
-13
-13
-10
-10
-11
-10
-11
-10
-9
-9
-9
-8
-7
-7
-7
-6
-5
-4
-3
-2
-2
-2
-2
-3
-2
-1
0
2
3
4
4
5
5
6
6
8
9
9
10
10
9
9
11
11
12
14
13
15
16
16
16
17
18
18
18
18
18
18
17
17
19
18
20
19
17
16
16
16
15
16
17
17
16
16
17
16
14
13
12
9
10
10
9
10
11
10
11
10
9
8
7
7
6
5
5
5
5
5
4
3
3
2
3
3
3
2
1
-1
-2
-2
-2
-2
-4
-3
-3
-5
-5
-7
-8
-9
-9
-9
-10
-10
-11
-11
-12
-12
-13
-13
-14
-14
-14
-14
-17
-17
-16
-16
-18
-18
-19
-21
-20
-19
-18
-15
-16
-15
-16
-18
-19
-19
-18
-16
-15
-15
-14
-15
-17
-17
-17
-16
-15
-15
-13
-12
-13
-13
-12
-11
-11
-11
-9
-8
-8
-7
-7
-4
-3
-2
-1
-1
-2
-1
-1
-2
1
1
2
2
3
4
4
6
6
8
8
7
9
9
9
10
9
9
10
12
11
12
15
15
15
15
15
15
14
15
13
14
13
14
14
15
15
14
15
13
13
13
15
15
13
14
13
12
13
12
12
12
12
12
10
10
10
9
10
10
10
9
8
7
8
9
9
8
7
6
4
5
5
5
5
6
5
5
5
6
5
4
5
5
5
4
5
4
3
2
2
1
1
1
1
1
-2
-4
-3
-5
-5
-5
-6
-7
-8
-10
-13
-12
-12
-12
-11
-12
-14
-15
-15
-16
-17
-18
-19
-19
-19
-19
-20
-21
-20
-20
-20
-20
-20
-21
-21
-20
-20
-19
-18
-18
-18
-17
-16
-16
-15
-15
-13
-14
-14
-14
-15
-14
-15
-13
-10
-10
-8
-6
-7
-7
-4
-5
-3
-2
-1
-2
-1
0
-1
0
1
2
3
4
3
4
5
5
6
7
7
7
6
6
8
8
8
10
10
10
11
12
11
13
12
12
12
13
13
12
13
14
14
14
14
14
14
14
14
17
19
19
18
19
18
16
17
18
19
18
17
17
17
16
17
17
18
18
17
16
16
16
14
15
14
14
14
14
13
13
12
12
12
11
9
9
8
8
7
7
6
5
3
2
1
0
1
0
0
-1
-2
-3
-5
-6
-6
-7
-7
-8
-9
-10
-12
-14
-13
-13
-14
-14
-15
-17
-18
-18
-18
-21
-21
-21
-22
-22
-21
-22
-22
-21
-21
-22
-23
-24
-23
-23
-23
-24
-22
-24
-24
-25
-25
-24
-23
-22
-22
-19
-18
-19
-19
-19
-18
-18
-17
-15
-16
-14
-13
-13
-11
-11
-10
-9
-8
-7
-8
-7
-6
-6
-3
-4
-3
-1
-1
-2
0
2
3
5
6
6
6
6
8
7
9
11
9
10
9
10
11
12
14
16
17
17
18
18
18
19
20
19
20
20
21
20
21
22
22
22
23
22
22
22
21
22
22
21
21
21
21
22
21
22
21
20
21
20
18
17
16
16
15
16
16
15
14
14
13
12
11
10
10
8
6
6
5
6
6
5
4
3
2
0
0
-2
-3
-3
-4
-4
-4
-6
-6
-8
-8
-7
-7
-8
-9
-8
-9
-10
-9
-10
-12
-13
-12
-13
-14
-13
-13
-15
-14
-15
-15
-15
-15
-15
-15
-14
-17
-16
-16
-16
-17
-16
-16
-16
-16
-17
-19
-19
-18
-18
-17
-17
-19
-17
-19
-19
-18
-17
-16
-16
-17
-18
-18
-17
-16
-14
-13
-12
-12
-12
-13
-13
-13
-11
-10
-8
-7
-7
-8
-8
-7
-7
-6
-4
0
0
0
1
1
1
3
3
5
6
7
7
9
9
11
12
13
14
13
12
13
14
16
17
18
18
16
17
17
17
17
18
18
18
18
17
17
17
16
15
15
13
14
14
14
16
16
16
16
14
13
12
10
12
11
10
10
11
11
11
11
11
10
8
8
6
4
4
3
4
3
3
2
2
1
1
1
1
0
-1
-2
-2
-3
-5
-3
-4
-5
-6
-5
-6
-5
-7
-8
-8
-8
-7
-8
-8
-10
-9
-10
-7
-7
-6
-7
-8
-8
-9
-9
-9
-8
-8
-7
-6
-6
-5
-6
-7
-6
-6
-7
-6
-7
-8
-7
-7
-7
-5
-7
-6
-5
-5
-5
-6
-5
-5
-4
-4
-5
-5
-4
-4
-5
-2
-2
-3
-2
-2
-4
-2
-2
-2
-1
0
-1
-1
-1
-1
0
1
3
2
2
3
2
2
3
2
1
3
2
2
3
2
3
4
3
2
3
2
1
2
2
3
3
3
3
3
2
2
2
1
2
0
0
-1
-2
-1
-1
0
1
0
0
-2
-2
-3
-2
-2
-3
-2
-2
-2
-2
-2
-1
-2
-1
0
0
0
-1
-1
0
-1
1
2
3
3
2
4
2
2
3
3
3
2
1
3
3
3
4
4
4
5
5
4
4
3
2
4
3
3
3
3
3
3
4
4
4
4
4
4
3
2
2
2
2
1
2
2
3
3
3
1
1
-1
1
1
1
1
1
2
1
1
1
0
0
1
1
0
0
-2
-1
0
-1
0
0
-1
-1
-1
-1
-1
-2
-2
-2
-3
-3
-3
-3
-3
-3
-3
-3
-4
-4
-4
-4
-4
-4
-4
-3
-3
-3
-3
-4
-5
-4
-3
-3
-4
-4
-2
-2
-2
-1
-1
-1
-2
-3
-2
-3
-2
-4
-4
-3
-2
-3
0
1
1
1
1
0
0
-2
-2
-1
-2
-2
-2
-2
-3
-2
1
1
2
3
1
-2
-3
-3
-4
-3
-3
-1
-1
-1
-1
0
0
0
-1
-1
-2
-3
-2
-1
-2
0
0
1
1
1
1
1
1
2
0
1
1
0
0
-1
0
1
2
3
4
4
4
5
3
3
2
2
3
3
4
4
5
5
5
5
5
5
5
6
7
7
7
8
7
9
8
8
8
9
9
8
7
7
6
5
5
6
6
6
6
4
5
4
4
4
3
2
1
1
-1
-2
-2
-1
-2
-3
-4
-4
-6
-6
-5
-4
-4
-3
-4
-5
-6
-8
-9
-9
-8
-9
-10
-8
-10
-10
-8
-8
-8
-8
-9
-9
-9
-8
-8
-6
-6
-5
-4
-4
-4
-3
-3
-2
-2
-3
-2
-4
-2
-2
-1
0
1
0
1
1
1
2
1
2
2
0
-1
-1
-1
1
2
3
3
2
1
1
1
1
2
2
2
0
0
0
1
3
3
4
4
3
3
2
1
3
3
3
4
4
3
3
3
2
4
4
4
2
2
2
-1
0
1
1
2
2
2
3
2
1
2
2
1
1
-2
-1
-2
-1
0
-1
-1
0
-2
-2
-1
-2
-2
-2
-2
-2
-2
-1
-2
-2
-1
-4
-6
-5
-6
-5
-4
-5
-4
-5
-4
-2
-2
-2
-1
-1
-1
-2
-1
-3
-3
-2
-1
0
1
2
1
1
0
0
1
1
2
3
2
2
1
3
2
2
3
4
3
4
3
4
4
5
5
5
5
4
3
4
4
3
4
4
2
1
1
0
1
2
3
3
2
1
1
2
3
4
3
2
2
1
1
2
2
3
2
1
0
-1
-2
-1
1
3
3
2
2
2
1
0
1
2
3
3
2
4
2
1
2
2
2
1
0
-2
-4
-4
-4
-5
-2
-2
-2
-3
-2
-2
-2
-3
-3
-5
-5
-6
-7
-8
-9
-9
-9
-9
-8
-9
-10
-9
-9
-8
-6
-7
-7
-7
-8
-8
-7
-8
-6
-5
-5
-5
-4
-5
-5
-4
-4
-4
-4
-5
-4
-4
-3
-2
0
0
0
0
0
0
0
1
0
-1
0
1
1
1
1
3
3
4
5
4
3
3
3
2
4
4
3
5
5
5
7
6
7
7
6
5
5
5
5
5
6
5
5
6
6
8
8
9
9
9
8
6
5
4
5
6
7
8
8
9
7
6
6
6
6
6
6
5
6
6
6
8
6
6
5
3
2
2
3
3
2
3
1
0
-1
-1
1
1
1
1
1
-1
-3
-4
-4
-4
-2
-3
-3
-3
-4
-4
-5
-5
-4
-4
-4
-5
-6
-6
-5
-5
-4
-5
-4
-6
-6
-7
-6
-5
-4
-3
-2
-3
-4
-5
-5
-6
-4
-5
-5
-6
-6
-6
-7
-7
-7
-7
-6
-6
-5
-6
-6
-6
-6
-7
-5
-7
-6
-6
-7
-6
-6
-5
-5
-6
-7
-5
-5
-7
-6
-7
-7
-7
-6
-5
-3
-2
0
0
0
-1
0
0
-1
0
0
0
0
0
1
2
1
4
4
5
4
4
3
4
3
5
7
6
7
5
5
5
6
6
7
7
6
7
5
6
7
7
7
7
6
6
5
6
5
4
5
4
6
6
7
7
7
7
6
4
4
2
2
2
2
3
2
1
0
2
3
3
5
3
3
3
1
1
1
2
4
3
5
5
4
4
4
4
3
3
2
1
2
1
2
3
4
4
5
3
2
2
2
0
0
-1
1
0
0
-1
-2
-2
-1
-1
-1
-1
-3
-3
-3
-3
-3
-2
-4
-4
-4
-3
-5
-6
-4
-6
-6
-6
-7
-8
-7
-6
-6
-5
-4
-5
-7
-8
-7
-9
-9
-8
-8
-8
-5
-5
-6
-7
-7
-7
-6
-9
-9
-9
-10
-9
-7
-7
-8
-7
-8
-8
-8
-8
-8
-7
-7
-7
-6
-5
-5
-4
-3
-4
-4
-4
-3
-3
-2
-2
-2
-3
-2
-1
1
1
2
2
2
2
4
5
6
7
6
7
6
4
5
5
7
8
9
10
11
11
10
10
9
8
9
11
10
13
12
13
13
12
11
11
10
10
10
9
9
9
8
9
8
9
9
8
9
9
8
8
7
5
6
4
4
6
5
6
6
5
3
4
2
1
0
0
0
0
0
-2
-2
-1
0
-1
0
0
-1
-3
-4
-4
-4
-6
-7
-5
-5
-5
-4
-6
-6
-7
-7
-8
-9
-10
-9
-9
-8
-8
-8
-7
-7
-7
-8
-10
-11
-10
-10
-10
-9
-9
-10
-9
-8
-7
-8
-9
-8
-7
-9
-8
-8
-8
-8
-8
-8
-7
-7
-6
-4
-4
-4
-4
-4
-7
-7
-7
-6
-5
-5
-5
-5
-4
-4
-2
-2
-1
-1
0
0
-2
0
0
0
-1
0
1
1
2
2
2
2
2
2
4
3
4
5
6
7
7
7
7
6
8
9
10
9
9
8
10
10
8
9
10
10
10
10
11
11
12
12
11
12
12
12
11
12
10
11
11
10
9
10
9
7
8
9
10
11
12
11
10
9
8
7
7
8
8
7
6
6
5
5
3
2
2
2
2
2
2
-1
-1
-1
-1
-2
-1
-3
-5
-5
-6
-6
-7
-6
-7
-7
-7
-6
-6
-6
-8
-9
-9
-11
-11
-11
-11
-10
-12
-11
-12
-12
-12
-11
-11
-11
-12
-12
-14
-13
-14
-13
-11
-11
-10
-10
-11
-13
-12
-13
-12
-12
-12
-11
-12
-12
-14
-13
-12
-12
-10
-10
-9
-9
-9
-9
-9
-9
-10
-10
-10
-11
-10
-8
-7
-7
-6
-4
-5
-4
-4
-4
-2
0
0
0
1
1
1
3
3
5
5
6
5
6
6
7
7
9
10
10
9
11
9
12
12
12
13
15
14
15
15
15
15
15
16
17
17
16
16
16
16
16
17
17
16
17
16
15
14
15
14
15
15
15
15
13
14
12
11
11
10
9
9
10
8
9
8
8
7
6
5
5
5
3
4
3
2
3
1
1
1
1
1
1
-1
-3
-3
-4
-3
-4
-4
-4
-6
-6
-8
-10
-10
-11
-9
-9
-10
-11
-11
-11
-11
-11
-12
-12
-11
-12
-12
-13
-13
-13
-13
-12
-13
-13
-13
-15
-15
-13
-14
-13
-11
-11
-9
-9
-8
-11
-9
-9
-9
-10
-9
-9
-8
-6
-5
-5
-5
-5
-6
-6
-3
-5
-4
-4
-3
-4
-4
-3
-2
-2
-2
-2
-2
-2
-3
-3
-2
-2
-2
-1
-2
-3
-1
-1
-1
0
-1
0
-1
-2
-1
0
0
2
2
2
2
2
2
1
2
3
3
2
4
3
3
5
5
6
7
6
6
6
8
6
6
7
7
7
8
8
8
6
7
6
7
7
7
8
7
7
6
6
6
6
6
6
7
6
7
7
7
6
7
6
6
6
9
7
7
6
5
5
5
6
7
8
7
6
7
6
6
6
7
8
8
9
7
6
6
4
5
5
4
4
4
4
3
3
3
3
2
2
3
3
3
2
1
0
-1
-2
-3
-3
-4
-6
-5
-7
-7
-7
-9
-10
-10
-10
-11
-10
-11
-11
-9
-10
-11
-11
-12
-12
-14
-14
-13
-14
-14
-14
-13
-11
-11
-11
-11
-14
-12
-12
-12
-12
-11
-9
-9
-9
-10
-9
-9
-8
-9
-7
-6
-6
-6
-3
-4
-3
-3
-5
-4
-4
-3
-2
-1
-1
-2
-3
-2
0
0
1
2
2
3
3
3
4
3
4
4
5
4
3
3
2
2
4
4
6
5
6
6
7
6
9
9
9
9
8
9
8
8
9
9
10
10
11
12
11
11
11
11
11
10
10
10
10
10
11
12
13
13
11
10
10
8
8
7
7
7
7
6
7
7
6
7
7
5
5
4
3
3
2
1
0
0
-2
-2
-2
-1
-1
-2
-3
-4
-6
-7
-7
-7
-7
-5
-5
-7
-8
-9
-10
-10
-9
-7
-7
-9
-10
-12
-13
-12
-9
-10
-10
-9
-9
-10
-9
-9
-10
-9
-10
-9
-9
-8
-8
-7
-8
-7
-6
-6
-7
-7
-6
-5
-5
-5
-6
-7
-7
-6
-4
-3
-1
0
0
0
0
-1
1
2
2
4
3
4
3
2
2
3
3
3
2
2
2
2
2
3
4
4
3
2
2
3
3
5
6
6
5
3
3
2
3
3
3
4
6
6
6
6
6
5
5
6
4
4
4
2
3
3
3
3
4
5
5
4
4
4
4
5
4
5
6
6
4
5
5
5
5
6
7
6
7
5
6
6
5
4
4
4
3
3
4
3
3
2
2
2
1
1
1
-1
0
-1
-1
-2
-2
-1
0
0
0
0
-2
-3
-4
-6
-7
-5
-6
-5
-5
-5
-5
-5
-5
-4
-8
-8
-7
-8
-8
-6
-5
-5
-5
-6
-5
-6
-7
-7
-7
-6
-7
-7
-7
-7
-7
-6
-5
-4
-2
-3
-4
-3
-3
-3
-4
-4
-3
-3
-2
-3
-2
-1
1
2
2
2
1
1
0
-1
-1
-1
-2
-1
-2
1
1
1
3
2
0
-1
-2
-2
-1
-1
0
1
0
-1
-1
-1
-1
-1
-1
-1
-1
0
-1
0
0
-1
-1
0
0
1
2
2
2
2
2
2
2
3
2
1
2
3
4
4
3
4
3
3
4
5
6
6
7
7
8
7
6
5
6
6
6
8
6
6
7
7
5
6
7
6
5
5
4
3
3
3
4
5
6
4
4
3
2
1
0
0
0
1
2
2
1
2
0
0
0
0
1
0
0
-1
-2
-1
-3
-2
0
-2
-2
-2
-5
-5
-5
-4
-3
-2
-3
-3
-4
-4
-4
-3
-3
-4
-4
-6
-7
-7
-7
-5
-5
-3
-4
-4
-5
-5
-6
-6
-5
-5
-4
-6
-8
-8
-7
-6
-3
-1
-2
-1
-2
-2
-2
-3
-3
-2
-3
-2
-2
-3
-2
-1
0
0
0
-1
-1
-1
-1
-1
-1
-1
1
2
3
4
5
5
3
3
3
4
4
4
6
7
9
6
7
6
6
6
6
8
6
7
8
8
5
6
7
6
8
8
8
6
8
6
5
5
3
2
3
3
3
3
3
0
0
0
0
-1
0
-1
-1
0
-1
-3
-3
-4
-4
-3
-3
-4
-2
-3
-4
-4
-4
-4
-4
-3
-4
-4
-4
-5
-5
-6
-4
-5
-4
-4
-4
-5
-6
-6
-6
-6
-6
-6
-5
-5
-4
-4
-4
-2
-3
-3
-3
-4
-5
-3
-5
-5
-5
-5
-5
-4
-4
-2
-3
-2
-3
-4
-3
-5
-5
-5
-3
-4
-3
-2
-3
-3
-4
-5
-3
-2
-2
-1
-1
-1
-1
0
-2
-1
-1
-1
-2
-1
0
0
0
2
2
2
3
2
2
3
2
4
5
6
5
6
6
8
8
10
10
9
10
9
8
8
9
10
10
10
9
9
9
9
10
12
11
11
10
10
8
8
8
7
8
8
9
8
10
8
9
8
7
6
6
6
6
6
6
5
4
4
2
1
1
1
2
3
2
1
0
-1
-2
-3
-4
-4
-3
-4
-5
-5
-6
-6
-7
-7
-6
-7
-8
-9
-10
-11
-10
-12
-12
-12
-11
-12
-11
-10
-9
-7
-9
-9
-10
-11
-11
-9
-9
-9
-8
-8
-8
-8
-7
-8
-6
-6
-5
-6
-5
-4
-5
-4
-3
-3
-4
-3
-3
-4
-3
-1
-2
-1
0
-1
-1
-1
-2
-1
-1
0
0
1
0
-1
-1
0
-1
0
-1
0
0
0
-1
0
0
1
1
2
3
2
2
1
3
2
4
3
2
3
1
2
2
1
2
2
3
3
2
4
2
1
2
2
3
3
3
3
4
5
5
5
5
5
4
4
3
5
6
5
7
7
7
5
5
5
4
3
4
5
5
7
6
6
7
7
6
5
5
5
5
5
4
6
5
5
5
4
4
4
2
1
3
2
4
4
3
3
2
2
1
1
-1
-2
-2
-3
-4
-4
-4
-3
-2
-1
-1
-1
0
0
-1
-1
-3
-4
-4
-4
-4
-3
-3
-3
-2
-1
-1
0
-1
-3
-4
-4
-5
-4
-5
-4
-4
-5
-3
-4
-3
-2
-2
-3
-5
-5
-6
-5
-6
-6
-5
-4
-5
-4
-3
-4
-5
-3
-2
-3
-3
-4
-6
-5
-5
-5
-5
-4
-5
-5
-6
-5
-6
-6
-5
-6
-6
-6
-8
-7
-6
-5
-3
-1
-2
-2
-4
-4
-7
-5
-5
-2
-2
-2
-2
-3
-1
-2
-1
0
2
2
3
5
5
5
5
4
3
4
5
7
9
10
11
11
9
10
9
9
10
14
14
14
14
13
11
10
11
11
12
14
14
14
12
10
10
9
9
10
10
10
9
8
9
6
6
5
2
2
1
1
1
0
1
1
0
-1
-1
-2
-3
-4
-5
-4
-5
-4
-3
-4
-4
-5
-6
-5
-5
-6
-7
-8
-10
-9
-10
-7
-7
-7
-8
-10
-10
-10
-10
-11
-10
-9
-9
-9
-8
-9
-9
-9
-10
-9
-9
-8
-6
-8
-8
-7
-8
-6
-5
-4
-4
-4
-6
-5
-5
-4
-3
-4
-4
-4
-2
-3
-2
0
2
1
2
0
-1
-1
-1
-2
-1
0
0
1
0
0
-1
0
-2
-1
0
0
0
2
1
4
3
2
2
2
3
3
4
5
5
4
5
5
3
5
6
7
6
5
5
5
5
3
7
9
9
8
9
10
6
8
7
8
9
8
8
9
5
7
5
4
7
8
6
7
7
4
5
2
5
4
6
5
5
5
2
1
5
5
5
6
1
-2
-2
-3
-4
-2
0
2
0
3
-3
-1
-1
0
1
2
2
0
6
-2
2
5
1
-1
1
-2
0
-1
3
4
4
3
1
2
-3
-2
-2
0
2
1
-1
-2
-2
-7
-3
-1
-3
2
-1
-4
-3
-8
-5
-8
-6
-9
-7
-6
-8
-7
-10
-8
-8
-9
-14
-8
-13
-14
-7
-11
-10
-9
-14
-13
-14
-20
-12
-11
-11
-8
-10
-11
-9
-13
-7
-9
-12
-2
-11
-6
-8
-9
-3
-8
-7
-5
-12
-6
-6
-4
-2
-5
-2
0
-6
-2
3
-4
1
-3
-2
6
3
0
4
4
1
8
9
2
9
12
4
7
12
1
6
13
-1
14
8
6
17
19
9
16
18
4
20
9
12
17
5
18
15
12
16
14
8
9
18
10
10
11
9
5
8
11
5
19
8
6
16
-1
13
9
9
9
5
14
1
9
8
3
-4
5
2
-3
17
-7
8
6
-6
-3
3
2
-4
8
-2
7
-6
1
2
-8
-10
-4
-4
-3
5
-14
-7
-7
-16
-13
-9
-14
-9
-10
-1
-16
-12
-12
-23
-1
-28
2
-7
-11
-8
-10
-16
-17
-16
-21
-1
-11
0
-11
-10
-6
-15
-25
-2
-28
-3
-12
-4
-5
-12
4
-17
-10
-8
-8
-1
-6
-12
11
-7
-6
9
-1
-9
11
-16
4
5
1
-1
15
3
9
0
14
2
-2
24
-12
11
15
-24
11
13
-6
12
2
22
3
10
12
4
15
-4
14
-2
21
-9
8
17
-22
29
-20
16
2
10
20
-11
29
-12
0
9
6
16
-22
32
-16
-2
22
-24
21
8
7
-13
26
-8
-5
28
-24
21
3
-20
11
6
-4
8
10
-5
5
11
-16
21
8
-9
10
-5
5
1
-13
-2
7
-11
-1
11
-1
9
-14
17
-2
-4
11
-29
29
-18
6
-12
7
-9
-6
-5
-13
9
-28
15
-10
-3
4
-18
-11
20
-25
-7
10
-8
-12
17
-29
20
-5
-18
22
-14
4
-24
10
-16
-4
-10
-4
-2
-15
11
-24
8
9
-10
25
-32
18
-31
4
21
-39
42
2
-29
19
-1
-28
12
11
-21
27
5
-17
-1
-1
-12
-15
21
-19
8
25
-18
5
-4
-21
26
-37
37
-20
13
-9
6
-25
29
-35
-6
21
-23
32
-11
14
-9
-7
-8
11
-10
28
-23
26
12
14
-6
4
36
-44
25
1
-8
25
27
-31
46
-12
-12
22
15
-4
24
0
-13
12
-5
14
-16
44
-25
13
13
-15
40
-3
-9
51
-30
3
15
15
16
-4
17
-14
22
8
-20
32
12
-19
28
5
-5
7
-10
-7
3
-30
31
-3
-2
1
0
-5
-10
-21
15
1
-2
-26
28
-14
-7
3
2
-3
-23
-34
-8
5
-44
20
-2
-1
-16
-25
-23
4
-30
2
10
-43
-22
13
-2
-66
42
-29
-43
34
-33
-17
29
-27
2
7
-6
3
-17
6
-12
-28
21
-11
-38
45
-56
23
-7
-14
14
3
-14
-2
-10
36
-34
-26
66
-75
36
13
-4
6
15
-23
27
-12
-5
33
-31
43
-7
12
30
-64
13
17
-48
30
-5
40
5
24
12
-26
37
-18
2
9
-26
54
-33
14
22
10
3
-14
11
-10
20
-45
35
8
-23
7
3
-14
2
35
-41
34
6
-9
-6
26
-30
55
-5
0
55
-23
0
8
13
-38
34
-16
46
-30
47
2
-26
28
-23
12
27
-22
-4
14
-3
2
31
-19
26
8
-35
60
-67
64
-17
16
25
2
-25
80
-38
15
33
-46
70
-61
21
28
19
20
12
4
2
31
-81
93
-58
30
54
-68
120
-84
45
-27
-13
36
-28
23
4
46
-59
42
-39
-17
-8
-3
16
-21
-28
16
-55
-9
8
-82
89
-103
36
-1
-44
-20
8
-32
-88
70
-123
7
30
-122
71
-94
23
3
-58
22
-85
38
-92
35
-68
49
-53
-14
16
-55
51
-74
50
-23
-13
-4
-34
2
-14
-10
-4
42
-39
-15
61
-64
33
-17
25
1
3
3
-8
-3
44
-3
-7
5
-3
79
-110
130
-71
42
42
-62
99
-23
20
-15
34
-18
22
3
28
-5
22
0
38
-5
31
-16
-18
100
-142
126
-58
56
-21
-23
62
-91
70
-21
-3
39
-42
40
34
-20
50
-5
2
24
-17
42
-4
3
10
-2
23
13
53
1
32
35
-1
38
-24
-18
90
-52
62
57
-48
42
-14
15
50
-20
74
-28
-15
80
-103
10
41
-100
88
-35
9
4
3
-45
6
40
-52
68
-87
40
-44
-66
21
-63
39
-31
-48
89
-133
74
-69
-26
65
-121
69
-70
48
-91
73
-103
-42
20
-51
38
-26
20
-15
22
13
-69
31
-5
-101
81
-58
13
-14
-62
30
-79
58
-48
47
-36
28
20
-70
103
-108
7
69
-140
99
-37
3
29
-24
-2
4
8
-29
-1
64
-78
51
2
-28
22
10
-62
21
32
-110
175
-124
71
26
-26
42
-5
-14
-16
10
10
-45
65
-73
42
9
-31
46
-43
96
-47
2
97
-94
61
-46
30
6
-27
62
-56
82
-34
6
23
22
-29
32
-39
79
-50
51
-18
89
-59
-12
82
-29
1
36
-52
79
-26
3
37
21
-58
66
-3
-92
135
-113
133
-96
118
-80
44
-30
-20
86
-113
103
-29
2
-34
9
-100
87
-68
-43
108
-71
11
-40
58
-104
89
-74
-45
60
-94
40
-26
-36
78
-56
-53
64
-69
26
12
-25
-20
-12
14
-73
163
-132
77
-33
-72
65
-52
101
-41
64
17
-77
20
30
-64
33
13
-1
-13
33
-36
54
-42
3
34
-48
78
-71
41
28
-171
191
-112
-45
114
-78
-15
60
-120
61
20
-105
86
-47
5
34
-14
-13
57
-12
-36
58
-10
3
5
-15
34
21
-25
5
36
-49
53
1
27
22
-16
85
-18
32
3
32
14
22
44
16
49
14
-4
38
-6
27
8
2
6
40
1
5
6
19
19
-26
7
10
2
0
0
-7
7
-36
-11
-39
-8
16
-32
-3
18
-15
-31
28
-61
6
-22
-11
-8
-36
19
-31
-27
2
-29
10
-13
-2
10
-8
-11
-52
10
-7
-30
-22
-10
-19
-36
-14
-30
-36
-26
-27
-3
-48
-24
6
-29
-30
13
-7
-23
-27
-16
-4
-38
-28
-19
-17
-29
-2
-28
-9
-47
-11
-3
-25
-12
-19
5
-14
5
-2
-16
11
-2
-9
8
-3
20
4
13
19
1
26
5
21
28
11
34
4
27
25
-3
31
22
17
31
34
26
20
28
-1
11
24
10
28
13
36
22
27
19
7
51
-4
33
2
8
31
7
43
23
34
34
26
34
15
43
36
38
23
27
23
1
22
9
26
17
24
24
-1
20
-11
-3
-2
-22
10
-24
5
-8
-9
-10
-27
-4
-28
-33
-14
-21
-38
-29
-30
-39
-22
-34
-27
-34
-48
-44
-52
-30
-46
-32
-38
-34
-29
-36
-13
-26
-24
-32
-37
-27
-18
-29
-15
-15
-9
-2
-28
5
-5
-9
-24
-4
2
-3
22
1
19
15
6
21
20
0
38
15
21
30
16
14
7
19
25
15
36
15
14
23
19
19
6
19
6
16
17
5
29
20
1
26
8
3
28
-4
23
-10
15
6
-8
2
3
3
25
0
18
15
7
4
3
5
-39
45
-11
19
12
-16
15
2
-12
8
15
-22
28
9
-4
29
3
13
10
-5
25
-29
26
-5
7
21
-16
3
-2
-6
8
8
13
-4
-6
-9
-16
-12
-24
10
-4
-2
-5
-6
-28
-10
-14
-11
-7
-17
-21
-5
-16
-35
0
-13
6
-18
6
-10
-2
-8
-6
15
-29
4
-7
-36
22
-9
18
10
4
-10
28
166
16
-49
-108
-169
-115
8
-22
155
103
-146
-110
-296
-204
-133
-93
-13
23
-137
-102
-157
-59
-10
-106
0
153
104
22
-58
-9
147
39
-97
10
33
14
97
35
82
-14
-79
-135
11
14
105
144
-28
-3
3
-144
94
54
-5
232
58
155
148
99
244
32
-60
20
-12
210
137
6
131
-142
129
-118
-4
35
-60
131
54
81
84
33
-19
31
-103
154
-60
228
121
-46
111
-142
128
-72
144
-60
181
-123
83
-67
66
138
-43
39
-163
110
-87
200
-80
-35
6
-33
44
-8
3
83
-65
-32
-48
-82
-42
11
-74
-26
-169
66
-6
19
-60
7
-142
-133
-1
-71
109
-137
-49
-45
21
-101
-91
-129
-60
-22
2
-126
53
-193
-216
103
-339
181
-201
-89
-27
-210
-17
-65
-103
155
59
-29
-4
-283
55
-184
66
-48
-70
3
-114
161
56
261
-7
150
-134
27
-8
11
10
-56
7
-191
157
-301
122
-336
-2
-143
-136
115
-87
20
-93
-102
-102
-94
-46
124
-27
71
6
22
155
230
139
163
112
72
144
101
14
114
30
-12
13
45
136
-61
61
-175
45
-406
360
694
148
765
-134
-23
323
12
281
550
-261
426
-263
-278
259
-304
250
-51
-198
184
-386
93
14
-242
44
-356
-190
-17
-150
241
-44
-107
83
-8
305
220
27
125
116
198
105
24
-165
-93
-205
-46
-108
-21
246
-2
92
-59
-46
72
3
-7
-58
72
86
65
113
-81
-46
-105
-155
-85
-228
26
118
-62
59
-56
-45
38
-13
14
-92
-69
-71
-102
-114
-44
-114
-129
-89
-30
63
-113
-61
-169
-57
-22
-102
-64
-102
-77
-56
40
-10
12
-1
-53
-48
61
-29
-2
-20
-96
-52
-28
-85
-40
-15
-90
-3
26
40
-9
-89
-67
-34
31
73
36
-49
-12
104
8
80
-72
-11
54
-53
57
-44
-65
-46
-157
-71
-123
-137
7
-116
-165
-108
-132
-83
-146
-116
-74
-110
-80
-122
-179
-230
-180
-117
-105
-153
-120
-139
-108
-70
-152
-9
-26
119
166
147
267
334
330
412
439
481
468
477
571
551
695
657
660
681
687
657
701
557
470
446
353
323
173
86
63
-30
-85
-190
-311
-305
-417
-567
-698
-855
-857
-914
-947
-1028
-928
-901
-822
-920
-998
-706
-687
-644
-524
-476
-293
-212
-255
-129
30
209
379
451
711
778
838
912
884
921
1002
1034
1122
1191
1256
1359
1232
1282
1200
1142
1150
974
911
751
626
466
226
-100
-343
-563
-776
-966
-1084
-1226
-1403
-1474
-1692
-1740
-1705
-1768
-1695
-1613
-1596
-1446
-1433
-1431
-1438
-1336
-1226
-1048
-909
-846
-667
-515
-336
-198
41
177
479
951
1202
1341
1476
1562
1592
1714
1836
1929
2099
2182
2227
2395
2320
2137
2099
1915
1664
1478
1250
877
554
203
-340
-684
-1009
-1235
-1607
-1784
-1872
-2107
-2238
-2286
-2374
-2422
-2267
-2385
-2252
-2094
-1984
-1886
-1859
-1672
-1539
-1421
-1278
-1070
-877
-722
-713
-754
-636
-576
-390
-161
260
744
1150
1565
2062
2253
2219
2270
2312
2538
2800
2973
3347
3630
3687
3683
3528
3201
3191
3119
2771
2433
2229
1761
1188
683
-233
-892
-1323
-1828
-2293
-2584
-2740
-2933
-3223
-3388
-3572
-3633
-3259
-3293
-3308
-2941
-2753
-2671
-2456
-2427
-2360
-1992
-1597
-1427
-1211
-809
-867
-902
-987
-1007
-753
-629
-209
397
709
1221
1906
2184
2105
1889
2220
2507
2714
3194
3617
3985
4318
4447
4348
4285
4141
4141
3826
3441
3207
2950
2307
1595
667
-165
-795
-1567
-2098
-2678
-3005
-3212
-3452
-3718
-4021
-4129
-4003
-3928
-3913
-3534
-3207
-2989
-2732
-2634
-2622
-2310
-2272
-2027
-1759
-1405
-1128
-1177
-1325
-1469
-1532
-1527
-1389
-1223
-686
130
600
996
1770
1819
1705
1736
2116
2533
2900
3524
4086
4570
4858
4861
4580
4227
4170
4121
3786
3433
3276
2551
1760
903
-136
-1060
-1723
-2263
-2897
-3161
-3136
-3523
-3771
-3914
-4059
-3957
-3792
-3697
-3425
-3036
-2743
-2578
-2471
-2381
-2198
-2114
-1696
-1371
-1065
-741
-543
-786
-916
-879
-1171
-1117
-796
-354
718
1282
1576
2525
2748
2382
2256
2537
3181
3496
4057
4852
5287
5570
5540
5157
4742
4520
4473
4023
3472
3312
2919
2048
997
-45
-1147
-1909
-2540
-3383
-3935
-3962
-4227
-4485
-4563
-4714
-4501
-4167
-3951
-3760
-3397
-2946
-2677
-2605
-2614
-2341
-2157
-1545
-1337
-1179
-680
-641
-809
-934
-1095
-1270
-1212
-1049
-938
-264
934
1354
1513
2343
2617
2034
1944
2625
3193
3702
4300
5064
5437
5547
5600
5133
4406
4072
3967
3515
2858
2766
2294
1079
75
-1148
-2391
-3212
-3788
-4581
-4891
-4652
-4738
-5201
-5140
-4960
-4646
-3946
-3573
-3462
-2826
-2144
-2108
-2191
-2078
-1826
-1418
-929
-729
-486
-146
-70
-482
-775
-744
-902
-1182
-1088
-1059
-466
919
1408
1347
2026
2822
2442
1978
2465
3172
3775
4479
5143
5477
5619
5639
5209
4334
4031
4001
3584
2989
2664
2171
1089
26
-1174
-2671
-3510
-3867
-4613
-4926
-4700
-4754
-4957
-4807
-4649
-4500
-3886
-3249
-2964
-2385
-1749
-1623
-1630
-1467
-1379
-979
-477
-127
178
650
791
340
-123
-421
-837
-1115
-1069
-979
-653
388
1578
1461
1617
2696
2811
2232
2228
3039
3862
4632
5130
5432
5734
5788
5474
4642
3936
3739
3674
3132
2490
1919
1097
-10
-1126
-2554
-3847
-4317
-4660
-5201
-5250
-4990
-5127
-5069
-4699
-4527
-4188
-3333
-2720
-2366
-1791
-1469
-1367
-1247
-1179
-1022
-645
-24
243
589
1059
736
127
-434
-898
-1301
-1343
-1174
-1190
-617
767
1597
1393
1659
2768
2714
1923
1974
2915
3789
4477
4864
5127
5455
5396
4953
3991
3081
2984
3089
2413
1454
876
198
-909
-2152
-3559
-4706
-4859
-5056
-5544
-5440
-5205
-5190
-5011
-4723
-4596
-3868
-2829
-2171
-1625
-897
-584
-561
-421
-355
-180
437
1065
1409
1502
1467
943
153
-378
-993
-1464
-1474
-1240
-1126
-1014
-207
932
1314
979
1523
2650
2683
1989
2458
3924
4830
5053
5223
5418
5307
5113
4588
3568
2656
2775
2667
1571
332
-220
-906
-2067
-3347
-4541
-5179
-5276
-5098
-5429
-5164
-4521
-3918
-3472
-3355
-2850
-1917
-681
-63
156
671
987
1148
1107
810
739
1087
1329
1088
811
485
-201
-1078
-1973
-2798
-2866
-2431
-2166
-2126
-1531
452
2813
3485
3422
4931
6014
5187
4093
4290
5312
5761
5496
4973
4253
3221
2328
794
-1266
-2291
-1860
-1754
-2707
-3212
-3213
-3870
-5007
-6112
-6608
-5999
-4561
-3552
-2577
-1349
-261
590
1288
1355
1828
3144
3746
3413
2922
1967
368
-789
-2668
-3828
-4259
-3912
-3472
-3066
-2684
-2437
-2645
-3097
-2797
-2639
-1968
-652
481
693
1119
1455
2166
4687
7289
8130
8592
9543
8168
4842
2409
1467
1014
202
-633
-1448
-2628
-4447
-6074
-7278
-7631
-6052
-3494
-1529
192
1911
2652
1927
785
-195
-285
963
1905
2077
2267
2161
997
-457
-1536
-2146
-1633
-249
475
138
-563
-1641
-3377
-4807
-5290
-4414
-2532
-313
1019
1367
1186
140
-1145
-1753
-1248
-282
860
1869
2165
1491
447
-1122
-2296
-416
4065
6743
7269
8520
7934
3693
-797
-2604
-2128
-1089
-297
666
416
-1988
-4391
-5667
-6491
-5427
-1387
2371
4293
5714
5631
3254
348
-2184
-3608
-2659
-702
-43
37
189
-618
-1879
-1844
-680
969
3462
5190
4243
1992
-421
-3397
-6273
-7456
-7023
-5535
-3342
-1705
-985
-551
-122
-126
-227
807
2150
2745
3303
3331
1686
-215
-1813
-3525
-2197
3536
7148
6538
6444
5430
613
-4414
-5619
-3418
-376
1324
2055
1150
-1870
-4409
-4986
-4608
-2247
2840
6913
8274
8162
6000
2134
-1329
-4103
-5682
-4603
-2023
-1034
-1527
-1532
-1619
-1674
-188
2218
4271
6766
8113
5653
1253
-2673
-6313
-9035
-9456
-7854
-5157
-1843
757
1836
2200
2673
2635
1865
1913
2110
1128
231
-518
-2563
-4869
-5974
-6883
-6935
-2638
4370
7871
8492
9424
8007
3676
251
-80
1604
2664
1944
398
-2181
-5954
-8027
-6917
-4234
-74
5275
8532
8771
7518
4683
691
-2616
-4613
-5003
-3212
-1433
-1617
-2119
-1478
-996
-297
2032
4512
5781
6136
4950
1446
-2765
-6314
-8852
-9758
-8607
-6318
-3733
-868
1346
1855
1924
2085
1136
301
643
303
-902
-1253
-1932
-3935
-5434
-5942
-6256
-5711
-2304
4446
10550
12700
12618
10990
6835
1592
-1580
-1503
-218
-509
-1304
-2147
-4876
-7391
-6394
-3166
811
6107
10226
10815
9355
6488
1515
-3488
-6352
-7132
-6279
-4103
-2454
-2019
-1413
-462
298
1600
3771
5572
6289
5158
1884
-2275
-5875
-8696
-10482
-10134
-7868
-5273
-2504
219
2042
3022
3309
2927
1997
1388
1162
398
-648
-1349
-2538
-4368
-5193
-5066
-4657
-3522
329
7161
13124
14560
12908
9816
4973
-613
-3823
-3272
-1835
-1624
-1653
-2396
-5317
-7165
-5024
-1102
2899
7498
10644
10066
7314
3445
-2138
-7110
-8602
-7976
-6752
-4360
-1801
-939
-803
166
1419
2817
4773
6290
6052
3939
431
-3807
-7823
-10547
-11386
-10191
-7387
-4161
-1142
1935
4159
4929
4857
4002
2744
2122
1557
106
-1319
-2131
-3153
-4611
-5307
-4818
-3692
-2454
704
6916
13321
15433
13261
9086
3968
-1355
-5191
-5612
-3703
-2530
-2432
-2825
-4966
-6984
-5332
-1206
2904
7432
10920
10553
7218
2979
-2115
-7099
-9287
-8569
-6511
-3826
-1378
-514
-688
-219
970
2336
3768
5346
6196
4918
1345
-3016
-7264
-10417
-11585
-10613
-7559
-3552
117
3536
5928
6206
5786
5117
3587
2470
1869
155
-1744
-2856
-3768
-4793
-5148
-4457
-2971
-1461
238
4338
10805
15178
14076
10096
5646
542
-4609
-6763
-5166
-3218
-2924
-2727
-3319
-5683
-5989
-2385
2001
6000
9923
10855
7477
3060
-870
-5619
-9372
-9526
-7513
-5033
-2514
-1009
-1022
-1251
-236
1518
3034
4545
5656
5175
2469
-1887
-6451
-9633
-11035
-10621
-8022
-4026
-423
2809
5941
7722
8012
7612
6074
3954
2498
808
-1545
-3061
-3409
-3814
-4565
-4748
-4073
-3018
-1572
205
3332
9251
14932
14611
9828
5212
537
-4812
-7319
-5427
-2518
-1769
-1785
-2107
-4440
-5872
-2981
1314
4729
8273
9503
6047
1179
-2293
-5947
-9441
-9986
-7828
-5313
-3125
-1563
-1392
-1592
-293
2091
4307
6029
7226
7118
4869
883
-3646
-7467
-9711
-9537
-7090
-3750
-417
2843
5917
7810
7376
6065
4524
1914
-87
-491
-1857
-3573
-3273
-3010
-3947
-4345
-3802
-3055
-1647
133
1810
5468
11636
14993
12025
6947
2589
-2471
-7512
-8446
-5639
-3547
-3536
-3511
-4394
-6990
-7330
-3359
1614
5749
9139
9253
5827
2088
-928
-4665
-7629
-7666
-5897
-4015
-2275
-1302
-1216
-680
1218
3700
5845
7337
7181
6154
4432
480
-4642
-7698
-8866
-8688
-6252
-2713
493
3305
5717
6902
6242
4717
3658
2352
923
66
-1363
-3311
-3916
-3698
-4330
-4813
-4260
-3354
-2646
-1515
-329
2017
7456
13332
13712
9428
4901
6
-5631
-8682
-7037
-3555
-2137
-2595
-3385
-5501
-7384
-4911
791
5540
9196
11369
9489
4806
567
-2868
-5507
-6062
-4965
-3308
-1564
-314
-205
-630
-192
1687
4268
6702
7837
7467
6349
3283
-2119
-6582
-8394
-9065
-8209
-5648
-2488
744
3581
5163
5721
5333
4115
2377
583
-222
-697
-2123
-3279
-3406
-4640
-6279
-6405
-5898
-5404
-3637
-1259
604
4327
10639
14553
12329
7605
3180
-1857
-6646
-7341
-4078
-1639
-2555
-4243
-5245
-6716
-6091
-956
5451
9397
11272
10552
6157
698
-2807
-4524
-5207
-4691
-3423
-2515
-2267
-2134
-1985
-1552
271
3690
6954
8592
8228
6524
3531
-1073
-5737
-8123
-9045
-9219
-7671
-5117
-2757
-431
1756
3491
4744
5105
4845
4038
2889
1667
-283
-3041
-4742
-5464
-6725
-7327
-6463
-5416
-4241
-2050
227
2216
6052
12021
15215
12654
7983
3573
-1526
-6119
-6826
-3846
-1757
-2704
-3902
-4565
-6068
-5341
-4
5431
7605
8434
7649
3818
-11
-1247
-1922
-3325
-3966
-3703
-3662
-3522
-2590
-1511
-183
2251
5103
6926
6881
5571
3835
1039
-2948
-5818
-6865
-7853
-8723
-7844
-5139
-2198
528
3762
6625
7454
7158
6416
4409
1981
84
-2099
-4169
-4769
-5093
-6105
-6114
-4776
-3574
-2406
-555
1332
2906
6200
11474
14018
11170
6640
2588
-1957
-5862
-5971
-2520
-363
-1827
-3743
-4836
-6598
-5942
-875
4261
6391
7153
6256
2793
-390
-1214
-1528
-2729
-3491
-3627
-3441
-2577
-926
420
1286
2376
3570
4168
3630
2376
1397
130
-2155
-3811
-4663
-5888
-6453
-5319
-3277
-1225
868
3468
5446
4984
3786
2796
963
-224
-265
-1617
-3486
-3813
-4225
-5337
-5487
-4902
-4501
-3614
-1885
-330
930
4623
10641
13186
10168
6211
3091
-373
-3139
-2691
302
1000
-2155
-5076
-6823
-8933
-7759
-1766
3643
5514
5791
4417
1277
-541
544
2072
2078
1327
540
-135
-402
-378
-701
-938
-661
-98
500
694
306
371
856
-158
-1997
-2853
-3374
-3508
-2524
-1112
15
386
354
296
-399
-985
-388
296
899
1409
292
-1748
-2631
-2938
-3877
-4224
-4122
-4438
-3781
-1579
277
1228
3671
8664
12362
11048
7700
5305
2650
-392
-1074
1096
1651
-1835
-5491
-6965
-8296
-7589
-2306
3364
5239
4978
4142
2301
1315
2813
5066
5348
3420
707
-1642
-3123
-3483
-3158
-2862
-2305
-1345
-457
25
214
331
881
1322
519
-1083
-2071
-2682
-3043
-2656
-2261
-2039
-2077
-2453
-2273
-1761
-1323
164
2055
2753
2191
595
-1113
-2053
-2749
-3134
-2689
-2607
-2864
-2231
-947
-161
1455
5872
10670
11232
8285
5866
3923
1044
-960
284
1769
-876
-5023
-6333
-6791
-7324
-4125
1217
3405
2805
2193
1187
306
1289
3259
3486
1239
-1793
-3529
-3696
-3023
-1586
-576
-597
-665
-560
-905
-1147
-773
-562
-848
-1331
-1899
-2205
-2414
-2745
-2496
-2105
-2344
-2279
-1600
-976
158
1650
2442
3005
3486
2711
1103
247
92
-357
-1280
-2076
-2805
-3300
-2863
-1854
-1380
-118
4265
9594
10726
7854
5509
4012
1742
330
2252
4678
2511
-2756
-5492
-6577
-8081
-6103
-762
1800
620
-154
-648
-1612
-672
2174
3353
1894
-189
-1003
-229
871
1465
1336
254
-1304
-1849
-1620
-1412
-817
-230
-585
-1170
-1535
-1846
-1705
-1477
-739
381
489
159
564
656
764
1799
2255
2050
2249
2134
1151
562
442
-273
-1550
-2495
-3079
-3408
-3159
-2392
-1775
-1031
2315
7661
9772
7153
4831
4051
2441
1046
2529
4644
2231
-3554
-6781
-7533
-8702
-7024
-1764
746
-1262
-2392
-2145
-2511
-1144
2482
4294
3027
1189
127
304
1150
1542
972
-213
-1714
-2042
-1062
-486
-556
-462
-725
-1474
-1860
-1633
-1180
-920
-70
684
-88
-1163
-954
-430
56
1154
1942
1687
1432
1650
1236
393
97
-172
-1336
-2407
-3023
-3832
-4401
-4199
-3882
-3631
-1287
4118
8512
7990
5932
5126
3843
2191
2972
5339
4345
-880
-4972
-5824
-6921
-6934
-3247
-605
-2567
-4070
-2972
-2334
-1038
2557
4829
3686
1785
1111
1818
3089
3932
3640
2423
787
-29
242
480
111
-641
-1701
-2540
-2451
-2033
-1794
-1976
-1964
-1537
-1319
-1346
-502
763
1276
1714
2104
1642
951
1230
1190
423
-4
-251
-1421
-2766
-3609
-4353
-5048
-5468
-5263
-4472
-1446
4387
8624
7359
4930
4472
3819
3168
5016
7604
6488
1303
-3198
-4615
-5877
-6052
-2741
-234
-2235
-3765
-2769
-2478
-1680
1536
3689
2860
1809
2131
3630
5189
5615
4516
2568
569
138
1035
1107
-84
-1200
-2242
-3277
-3377
-3163
-3153
-3339
-3258
-2560
-2027
-2020
-1148
-6
85
415
971
461
217
1152
1148
140
-434
-1063
-2271
-3095
-3602
-4274
-4791
-4993
-4827
-4300
-1561
4029
7542
5675
3726
4343
4290
4088
6430
8563
6411
1321
-1785
-2366
-3635
-3864
-1051
-214
-3582
-4871
-3197
-2709
-1801
1430
2984
1542
397
908
2562
4361
5101
4492
3213
1735
1480
2139
1762
-40
-1798
-3040
-3706
-3862
-3665
-3732
-4728
-5275
-4549
-3916
-3482
-1923
-624
-463
-151
210
95
571
1612
1635
1099
843
332
-654
-1285
-1557
-2025
-2933
-3608
-3782
-3948
-1860
3228
5699
3516
2886
4205
4336
5259
8085
9176
6530
2342
342
390
-741
-1319
529
234
-3337
-4363
-3279
-3605
-2963
-652
-172
-1321
-1631
-552
1798
3745
4240
4103
3215
1792
2022
3210
2715
882
-738
-2109
-3089
-3397
-3655
-4436
-5523
-5704
-4837
-4162
-3531
-2428
-1811
-1762
-1148
-155
507
1409
2469
2373
1732
1579
1486
1093
1010
754
-368
-1976
-3099
-3655
-3559
-910
3338
4351
2224
1866
2594
2547
3500
5979
7215
5569
2792
1925
1969
486
227
1760
319
-3091
-3450
-3037
-4094
-3767
-2539
-2969
-4097
-4143
-2697
-326
1546
2479
2763
1961
1151
2117
3603
3671
2336
999
125
-856
-1836
-2450
-3489
-5072
-5464
-4843
-4518
-4221
-3682
-3304
-2928
-2174
-1094
44
1012
1643
1805
1778
2031
2334
2370
2446
2474
1573
113
-755
-1472
-869
2181
3763
1498
-140
232
438
1257
3348
5026
5156
3489
2242
2786
1948
603
1952
2399
-492
-1841
-1423
-2502
-3161
-2457
-2924
-4208
-4723
-4079
-1990
-59
632
1055
999
212
824
2733
3808
3490
2531
1587
530
-694
-1295
-1533
-2582
-3551
-3605
-3600
-3655
-3413
-3553
-3756
-3406
-2699
-1605
9
1117
1016
859
1156
1343
1557
2328
2985
2913
1985
817
-373
-405
1853
3821
2388
272
138
422
1063
2732
4147
4188
2759
1069
1200
1186
-136
412
1842
466
-1163
-1002
-1737
-2746
-2282
-2001
-2732
-3569
-3972
-2734
-720
130
544
910
286
-79
1056
2191
2286
1716
1208
838
57
-640
-581
-970
-2010
-2495
-2928
-3441
-3174
-2884
-3221
-3070
-2580
-2322
-1215
368
507
95
570
1273
1586
2295
3126
3155
2029
768
-199
-616
1046
3864
3800
1264
594
1058
1249
2182
3575
3857
2839
1052
739
1234
68
-568
753
302
-1683
-1776
-1848
-3070
-3299
-2742
-2845
-3127
-3238
-2352
-490
366
188
162
-204
-704
-36
1300
2227
2198
1897
1745
842
-451
-593
-507
-1017
-1231
-1504
-2100
-2234
-2062
-2094
-2248
-2641
-2528
-1601
-285
608
594
300
827
1372
1440
1985
2403
1518
583
422
175
1548
4326
4488
1905
812
956
934
1630
2973
3487
2329
202
-357
250
-769
-1565
-401
-508
-2304
-2561
-2322
-2926
-2909
-2175
-1819
-1944
-2447
-2307
-1018
-320
-585
-658
-655
-645
259
1804
2836
2653
2083
2010
1710
1199
1326
1221
229
-346
-673
-1388
-1896
-1780
-1553
-1662
-2272
-2550
-2156
-1395
-242
368
-11
11
490
410
818
1651
1172
161
11
211
1975
4850
4822
2216
983
744
624
1420
2605
2958
1701
-470
-892
-627
-1917
-2275
-763
-922
-2417
-2389
-1963
-2142
-1928
-1409
-1489
-1996
-2274
-1588
-325
240
50
-205
-424
-89
1283
2727
3359
3208
2886
2481
1962
1379
1149
644
-353
-856
-804
-1276
-1908
-1781
-1653
-1806
-1771
-1830
-2015
-1346
-426
-386
-789
-1041
-1421
-1446
-677
259
452
197
-149
761
3694
5998
4716
2483
1846
1516
1149
1840
2697
2019
2
-1526
-1475
-1716
-2336
-1353
201
-452
-1720
-1694
-1430
-1408
-791
-346
-974
-1816
-1956
-1120
-104
12
-572
-686
-327
433
1917
3244
3181
2548
2476
2357
1715
1224
1198
713
-373
-1085
-1364
-2071
-2363
-1886
-1805
-2142
-1983
-1979
-2399
-2271
-2114
-2593
-2640
-2221
-2095
-1632
-495
59
15
-79
125
1933
4952
6036
4349
3037
2610
1953
1323
1724
1915
796
-865
-855
-303
-1100
-1383
73
434
-884
-1348
-1148
-1238
-805
51
-140
-1090
-1868
-1799
-927
-65
-151
-550
-511
176
1273
2284
2635
2380
2000
2209
2660
2137
1188
710
75
-799
-1152
-1867
-2444
-1952
-1574
-1973
-1983
-2106
-2489
-2059
-1651
-2320
-2805
-2565
-2224
-1745
-1051
-833
-710
-492
-217
1651
4670
5616
4436
4156
4495
4194
3654
3677
3483
2350
756
476
837
-86
-1074
-407
33
-955
-1574
-1237
-984
-865
-593
-738
-1529
-2489
-2559
-1608
-884
-1073
-1156
-748
-342
438
1579
2000
1656
1699
2062
2434
2468
1728
338
-691
-1292
-1685
-2259
-2933
-2869
-2375
-2532
-2670
-2394
-2669
-2582
-1506
-1346
-2285
-2408
-1914
-1528
-748
-378
-1023
-1659
-1055
1273
4240
4836
3334
2996
4070
5010
5570
5750
4746
2774
1103
1150
1450
492
-338
59
-364
-1445
-1450
-1237
-1469
-985
-643
-1550
-2833
-3670
-3602
-2529
-1679
-1944
-2454
-2422
-1608
-319
721
1212
1613
2181
2837
3090
2636
1736
779
115
-118
-745
-1872
-2489
-2623
-2803
-2828
-2965
-3540
-3452
-2461
-1682
-1196
-850
-1048
-1276
-673
-155
-351
-668
-179
1556
3820
4569
3832
3261
3421
4168
5509
6668
6439
4506
2355
1859
2047
1235
406
380
-368
-1332
-1383
-1242
-1433
-1271
-1172
-1796
-2869
-3763
-3801
-3027
-2600
-3037
-3471
-3231
-2624
-1582
-199
566
498
711
1614
2603
3075
2853
2064
1228
797
625
279
-542
-1591
-2331
-2758
-3082
-3110
-3007
-2755
-2160
-1617
-1357
-843
-305
-233
2
297
656
1911
3215
2927
2703
3444
4000
4109
4783
5435
5413
4497
3493
3522
3566
2540
1513
1076
-227
-1873
-2387
-2166
-2239
-2486
-2840
-3209
-3801
-4254
-3787
-2931
-2886
-3421
-3579
-3253
-2619
-2148
-1780
-1325
-968
-701
-226
424
1015
1298
1379
1842
2173
1640
885
668
414
68
-222
-1058
-2250
-2793
-2532
-2181
-1947
-1836
-1770
-1513
-937
-431
506
1971
2694
2228
2019
2703
3452
3831
4206
4822
5191
4497
3660
3691
3768
3160
2815
2882
2166
842
-538
-1668
-2397
-2871
-3425
-3942
-4634
-5317
-5183
-4115
-3451
-3593
-3604
-2998
-2245
-1447
-597
-501
-1160
-1493
-995
-194
427
497
273
285
598
918
1242
1653
2052
1888
1270
650
-117
-569
-208
32
-685
-1480
-1800
-1714
-1273
-785
-346
696
1723
1657
1607
2486
3245
3324
3633
4274
4516
3914
3250
3495
3906
3532
2979
2751
2285
1523
965
657
261
-603
-1891
-2893
-3630
-4561
-5125
-4761
-4335
-4698
-5079
-4513
-3344
-2588
-2182
-1727
-1441
-1352
-947
-304
61
-139
-473
-236
377
743
901
975
859
697
644
695
665
526
275
-55
-405
-517
-468
-495
-753
-803
-195
749
1118
950
1029
1723
2472
2813
3170
3740
3754
3037
2866
3270
3320
2949
2677
2260
1679
1108
705
571
442
-187
-1144
-1974
-2687
-3360
-3679
-3696
-4022
-4796
-5314
-4954
-4173
-3585
-3245
-3012
-2747
-2110
-1267
-568
-291
-424
-631
-222
514
769
542
551
886
1133
1270
1251
886
357
257
646
995
1013
849
501
-62
-379
256
1335
1529
971
871
1250
1621
2214
2843
3227
3234
2806
2526
3010
3495
3318
3036
2726
2251
1680
1068
598
322
-149
-825
-1492
-2164
-2714
-3029
-3351
-3692
-3950
-4119
-4098
-3627
-3117
-2999
-3151
-3155
-2679
-1835
-1191
-1055
-983
-730
-487
-402
-228
45
241
367
698
986
907
682
892
1386
1632
1495
1159
823
671
807
1172
1774
2218
1851
1139
998
1370
1710
1922
2143
2407
2248
1889
2001
2451
2705
2688
2478
2057
1764
1676
1427
1126
836
143
-766
-1438
-1931
-2353
-2634
-3016
-3646
-4133
-4114
-3805
-3568
-3400
-3296
-3222
-2937
-2405
-1925
-1747
-1824
-1837
-1449
-905
-669
-633
-590
-452
-289
-215
-119
64
272
616
1144
1402
1295
1485
1943
2094
1740
1467
1582
1828
1950
2102
2181
1968
1776
1746
1832
1947
1970
1830
1702
1767
1858
1685
1390
1056
758
610
595
390
101
-28
-242
-722
-1196
-1510
-1693
-1861
-2120
-2519
-2889
-3043
-3015
-2848
-2642
-2661
-2769
-2565
-2027
-1477
-1192
-1216
-1310
-1243
-1046
-701
-347
-283
-362
-395
-358
-280
-173
171
617
904
1136
1514
1845
1965
1902
1767
1699
1748
1809
1971
2099
1698
953
633
847
1188
1448
1495
1279
933
669
568
696
839
865
743
369
-133
-479
-449
-220
-118
-177
-273
-423
-508
-343
-89
-1
-80
-347
-749
-1042
-1066
-1071
-1094
-1102
-1172
-1166
-980
-705
-468
-479
-687
-736
-562
-343
-203
-228
-452
-629
-557
-289
-73
-3
244
666
888
803
774
831
821
812
818
804
683
448
410
460
203
-176
-264
39
410
574
445
150
-84
-289
-394
-305
-220
-313
-396
-332
-335
-338
-222
-66
131
414
652
774
769
795
896
880
711
561
430
147
-168
-469
-710
-749
-679
-642
-649
-684
-795
-836
-788
-808
-805
-789
-838
-847
-754
-700
-663
-590
-501
-520
-512
-194
35
-72
-291
-318
-233
-169
-70
-20
-197
-402
-375
-252
-140
-138
-237
-216
3
277
532
591
308
-172
-554
-666
-542
-243
54
123
66
37
95
354
868
1304
1399
1384
1472
1610
1793
1907
1769
1500
1288
1189
1070
907
652
489
477
436
297
108
-132
-315
-342
-424
-557
-641
-643
-549
-447
-476
-528
-463
-320
-141
50
148
144
58
-179
-462
-548
-452
-486
-616
-764
-945
-1176
-1230
-988
-650
-433
-278
-193
-152
59
260
143
-195
-491
-722
-751
-550
-340
-242
-182
-143
-158
-104
125
484
882
1125
1111
977
895
1021
1247
1345
1341
1270
1055
866
796
646
441
290
146
75
107
74
-161
-416
-524
-506
-502
-522
-554
-514
-358
-138
64
116
75
91
131
158
120
-137
-448
-579
-651
-851
-1086
-1250
-1414
-1483
-1269
-956
-788
-718
-629
-523
-408
-276
-319
-597
-857
-864
-614
-376
-281
-295
-332
-237
64
392
531
499
449
567
689
653
490
415
431
526
685
694
591
541
566
558
621
660
564
488
549
575
406
174
-6
-147
-265
-328
-308
-323
-330
-184
105
283
344
483
671
681
590
557
396
132
31
31
-152
-405
-661
-909
-986
-822
-625
-514
-468
-557
-580
-387
-135
-85
-176
-271
-265
-71
235
433
383
354
477
670
790
813
760
678
655
632
564
446
390
393
391
404
441
442
366
377
474
442
355
323
276
123
-3
-143
-352
-537
-717
-821
-789
-692
-599
-506
-353
-227
-128
73
238
270
139
19
17
-33
-223
-416
-564
-728
-815
-862
-951
-982
-863
-675
-504
-389
-448
-502
-406
-191
67
258
325
355
403
485
577
606
692
823
871
855
778
577
429
429
483
395
251
159
110
102
160
173
61
-59
-97
-94
-146
-172
-169
-271
-428
-454
-442
-503
-683
-823
-865
-904
-852
-642
-478
-391
-393
-473
-524
-457
-385
-430
-434
-409
-354
-293
-331
-439
-517
-548
-531
-435
-363
-380
-370
-242
-50
134
279
376
444
608
846
963
967
956
1043
1171
1320
1461
1459
1287
1201
1209
1083
845
647
508
470
510
521
371
92
-40
20
167
272
245
57
-43
64
162
123
81
72
-30
-110
-113
-166
-301
-378
-414
-457
-528
-633
-689
-667
-611
-606
-645
-685
-697
-567
-343
-247
-331
-458
-558
-553
-422
-340
-400
-454
-475
-441
-317
-210
-167
-118
10
200
330
288
237
347
558
704
749
651
475
351
382
414
236
-33
-211
-249
-228
-172
-180
-317
-419
-362
-128
150
233
61
-32
46
105
154
240
276
259
272
308
295
247
153
61
57
75
82
15
-158
-313
-313
-282
-289
-230
-157
-99
-3
74
21
-68
-75
-89
-133
-214
-335
-449
-489
-453
-392
-431
-557
-546
-317
-83
25
58
5
32
161
229
146
-38
-282
-421
-386
-379
-591
-834
-869
-762
-625
-498
-325
-174
-32
188
495
700
684
576
553
596
662
814
945
952
925
916
953
936
953
983
925
832
741
720
673
630
561
394
267
309
396
461
544
591
484
334
270
271
204
57
-132
-359
-689
-961
-1007
-966
-984
-969
-867
-842
-823
-748
-669
-646
-687
-755
-833
-920
-1003
-1093
-1202
-1361
-1495
-1554
-1461
-1282
-1102
-948
-731
-408
-125
114
246
335
405
457
606
772
803
821
866
861
923
1089
1239
1269
1247
1192
1096
1074
1111
1069
999
919
791
675
670
706
715
724
771
917
1018
961
838
692
504
311
154
-44
-328
-631
-847
-978
-997
-936
-911
-902
-930
-999
-937
-821
-827
-858
-843
-891
-981
-1036
-1053
-1051
-1080
-1165
-1190
-1123
-1019
-880
-710
-535
-407
-315
-263
-162
-19
103
176
231
267
373
545
638
690
789
904
978
1018
997
860
696
630
666
726
686
568
424
324
324
362
443
545
606
618
634
661
591
499
430
271
63
-119
-323
-474
-551
-577
-629
-715
-799
-823
-735
-606
-502
-501
-561
-552
-464
-450
-485
-518
-511
-475
-385
-316
-324
-329
-338
-326
-285
-225
-173
-142
-184
-145
-36
32
87
183
344
452
524
586
657
745
813
840
781
643
485
403
446
465
399
265
147
110
123
169
228
284
356
479
531
469
311
349
176
-241
-389
-267
-264
-558
-628
-325
30
-219
-523
-381
-211
-285
-287
-121
27
-68
-134
-43
34
16
-23
114
277
343
325
283
203
165
105
85
19
-106
-234
-327
-276
-275
-292
-277
-139
-30
65
201
373
536
468
361
241
7
-255
-349
-401
-298
-192
-214
-287
-388
-444
-509
-549
-434
-244
-228
-226
-77
95
74
-41
-119
-144
-101
-84
-132
-186
-137
-86
15
160
125
-50
-147
-86
22
10
-63
-195
-120
20
14
11
163
188
75
-24
92
84
-132
-398
-444
-312
-382
-513
-381
-448
-327
-152
-304
-275
-148
366
159
265
229
560
416
143
239
177
-2
-229
68
54
-119
-275
-31
-139
127
-230
11
493
414
-47
154
802
215
138
235
712
990
264
23
523
704
305
326
792
660
631
336
522
593
674
150
411
1004
514
132
166
403
340
236
90
153
277
112
-153
-318
-208
-238
-495
-337
-547
-464
-483
-633
-497
-281
-325
-156
-266
-329
-199
-45
-402
-510
-469
-938
-783
-529
-667
-1206
-684
-548
-667
-660
-958
-307
-102
-511
-575
464
-133
122
291
-83
247
309
308
-48
723
542
551
581
385
1049
702
794
-37
1655
587
-40
743
415
644
-166
203
336
502
-119
-103
595
16
-156
-134
110
-674
-1106
212
-818
-922
-738
-696
-881
-394
-1320
-782
-94
-388
-349
-449
-453
66
196
-1021
-690
-30
77
-1111
-531
-544
14
-127
-519
-730
100
1085
-534
78
376
1950
712
-10
697
1626
1085
192
513
2180
1150
136
1418
1141
1094
837
382
1040
1376
-287
570
363
279
-95
381
-147
63
208
-592
-253
-107
178
-1187
-537
392
-885
-1293
-964
-679
-744
-1756
-985
-591
-1454
-820
-1170
-216
-703
-961
-865
660
-57
-1639
1027
-500
-676
165
-305
-1160
590
-814
32
-194
501
-349
928
-61
435
490
866
1264
-283
877
801
2355
-629
533
1486
1750
153
510
388
1648
745
46
316
1052
-101
303
-236
-551
531
-230
-452
-1504
1235
-861
-1048
-1027
378
-482
-1224
-673
141
-771
-1521
-559
-283
-572
-1212
-1861
1376
-822
-1618
103
-53
98
-825
72
688
186
-1082
648
204
700
-795
199
1051
442
-506
-397
1897
610
77
-311
2218
772
-826
1771
446
767
856
965
112
1260
406
961
806
976
-500
2240
-296
14
827
538
-35
-99
55
-259
-161
-917
-232
-708
454
-1268
-590
-378
34
-1629
-250
-723
269
-1624
-954
-345
152
-1834
-408
-492
-187
-798
-313
-646
-298
-539
-72
-127
19
-148
-584
353
112
59
-1051
723
51
-254
-599
695
268
692
-478
300
1538
-181
-614
44
1475
-90
-474
875
367
179
823
73
150
-129
739
625
-169
-186
1150
167
-633
697
-215
222
-1153
244
84
-470
-745
549
-106
-1561
-251
233
-434
-1338
-29
545
-272
-1571
454
-342
-123
-721
649
-1040
1055
-744
-178
244
724
-716
-455
967
68
475
-1061
639
1108
-390
-499
621
1519
-1570
-52
2318
585
-1069
-498
2924
-992
17
-439
899
1417
-1158
-921
2764
-485
-1152
1292
1692
-1842
809
-311
987
170
-1377
1800
96
337
-2609
2500
-423
187
-1839
669
-281
720
-3092
1164
121
142
-2319
983
229
-1185
235
-1747
3157
-2546
1774
-2091
2452
-1750
1668
153
-126
-397
1330
1497
-2498
2071
609
983
-2645
2907
-1387
1532
-1346
1333
-516
811
-130
-941
1251
-360
53
-929
788
141
-1451
98
445
-318
-216
-662
-366
823
-197
-1872
228
1597
-430
-2646
1041
790
-582
-2451
292
1107
-1137
-1018
-715
1053
-384
-2865
1528
-1252
527
-1089
-1371
1715
-965
-478
-1092
1690
-835
398
-495
-548
2373
-305
-724
1162
2053
-1081
159
1250
1177
-254
47
522
655
901
-1330
1355
-996
661
-43
-167
-1171
130
836
-1532
182
-515
202
-6
-942
-1037
1097
-18
-1257
641
353
-1582
1912
-1683
521
-614
999
286
-1336
925
-458
9
260
-79
-140
736
-758
697
1224
-870
-213
1458
-289
210
658
-1189
1786
870
-1662
2256
-1122
2967
-1987
879
1707
1777
-1051
-663
2645
1389
-1089
-1127
3482
-65
-552
-617
766
265
785
-2520
36
1601
-954
-2478
337
352
490
-2590
-383
277
-422
194
-3398
2713
468
-789
-2988
2937
724
-1931
-197
386
1594
-647
-1056
-628
2252
-103
-2257
-171
1394
327
-2196
528
-1104
2355
-1443
-2490
1413
1413
-2164
-1344
1657
-173
728
-1971
59
1717
-425
-2377
1838
1308
-600
-1324
1500
650
-170
-1330
389
1478
-662
-716
-538
1955
-2167
650
-515
872
-857
-1625
592
-1206
990
-1439
-462
-104
199
-3
-1810
957
-1093
2344
-837
-1028
866
1489
243
-1276
2103
976
-540
-3
1397
-330
487
-378
1826
-1108
27
-384
1111
734
-2531
1926
746
-556
-1646
2046
211
-1242
689
-328
1903
-1764
-467
2952
-1506
322
-87
2281
-1639
418
-790
977
837
-2119
1071
712
-432
-2182
1510
284
-1882
151
652
-1298
463
-1686
100
20
812
-3944
2774
965
-3109
-672
2823
-128
-1739
16
805
2478
-2263
75
2568
744
-1340
697
852
1965
-1173
-1605
2486
1872
-2096
-97
1184
137
1088
-873
-1399
2212
1880
-3677
190
3199
-1217
-784
-677
1606
538
-1574
-1109
1401
1697
-1745
-2123
1321
2373
-2614
-736
820
879
-216
-1965
-900
1986
-1188
-1754
-147
1338
-1180
-739
-1076
862
-383
-1415
410
165
-932
-1182
1804
-1736
-654
1313
-571
373
-1005
1152
290
-876
680
645
433
-1180
1753
-171
-286
220
1044
-1267
440
1257
-1167
-582
-848
1738
-526
109
-2123
1965
421
-801
-1172
287
1882
-2317
704
-723
225
38
723
-2172
1365
-63
-224
-394
477
-20
439
-917
-1063
2037
-1071
-834
588
1140
-706
-1259
127
1429
-574
379
-1194
1746
-568
217
-600
82
1613
-1149
849
-941
1148
-274
1320
-837
276
256
1969
-1279
17
1262
1732
-300
-1856
1556
1267
-861
-1067
1230
1008
-811
-767
-70
1379
1237
-3813
2270
1239
-145
-1443
-650
2486
-714
-623
-328
1122
-1123
687
-1096
1336
-635
59
26
698
-598
-802
617
626
652
-1406
-89
1792
-714
-894
1530
55
-483
1269
-905
819
-192
1184
-983
1600
-1318
-930
2312
-1054
-664
-248
988
-215
-78
-1165
732
858
-1518
-1123
2562
-2250
-920
1498
-505
-709
-2057
2067
-208
-1497
-721
-61
32
-752
-675
-754
1009
-1674
-685
1751
-2318
-2188
2111
568
-1966
-629
-437
73
1419
-2284
-385
2044
-280
-1954
1443
-300
1
649
1051
-1648
1214
513
194
-504
1460
802
-63
-38
543
779
130
309
999
1671
-1000
266
68
2134
-835
175
-724
1858
-53
-1243
-181
895
67
-957
1121
-781
-1299
406
351
-87
-355
-472
-482
225
-736
-685
159
-578
-328
-59
-427
-1128
-640
702
-485
-1030
28
-175
46
-424
-406
496
397
-117
-378
-630
1867
140
-1313
1395
826
494
-296
-324
1561
835
-510
241
2391
-1060
-28
1552
-325
1426
226
-404
2107
-221
-704
828
1217
249
-326
676
-647
674
-1535
966
-801
-102
241
-990
-430
7
-543
-631
-240
431
527
-2334
79
-476
168
-523
-1034
-700
1299
-1559
-659
-24
-86
171
-623
182
-612
-271
-804
-91
1175
-1194
503
363
268
-541
59
564
796
68
872
1073
-1411
392
2662
-348
-1195
1670
583
1553
-1874
46
1978
355
-898
888
2166
-2271
181
895
412
33
-1519
734
1249
-891
-2628
820
626
-1019
-92
-1145
754
-924
-1263
-768
1120
-959
-838
132
-452
-539
-397
-1064
211
544
-547
-1291
847
-958
-610
1029
-879
566
-690
-14
-1157
1112
-216
-28
-354
480
871
64
-763
237
2577
-980
475
146
1146
62
517
265
738
1049
-1549
1951
-29
769
48
-203
891
30
-214
-172
32
199
1302
-1857
-934
1817
-955
-507
-572
57
1001
-1297
-1169
458
219
-1091
227
-701
200
-311
-1360
128
571
-646
-663
562
276
297
-1529
1114
249
790
-298
-951
1109
191
-7
-538
1416
-156
531
-42
21
608
135
670
655
390
1188
-625
187
797
607
608
26
638
772
-113
-248
736
634
-288
-713
1476
-233
-554
-954
496
8
-725
-218
-617
320
-1834
-133
771
-1030
-862
-696
333
-404
-722
-766
-667
1054
-787
-1164
-771
324
-501
-306
99
0
607
-1881
192
684
45
-486
-1634
2758
-320
-696
-1411
1709
1004
-801
-263
188
1344
-700
-662
1132
841
-247
-209
-242
1740
-966
-454
699
937
299
-1616
1192
1285
-1102
-239
167
1921
-1065
-1431
683
937
-226
-1782
361
437
290
-1552
-605
1456
-482
-1141
100
-413
497
-578
-886
-154
925
400
-867
-888
987
279
-701
-1218
1101
1136
-514
-858
274
1223
-98
-1202
-252
2436
-141
-122
-1442
1357
876
612
-1411
90
1509
39
64
-1172
541
944
607
-1564
1408
201
-71
-901
710
79
1123
-1028
-1061
1660
486
-654
-707
713
1420
-218
-1974
1136
-51
311
-721
-947
1270
239
-402
-1061
886
-280
487
-141
-536
959
-349
806
-566
-760
1009
830
284
-1298
207
1293
-685
-679
576
949
310
-937
-511
946
-490
-312
402
503
-604
345
-470
-502
-483
250
1521
-981
-1369
433
350
-865
-1142
854
1247
-773
-1668
55
861
-460
-1464
-228
1728
136
-1503
-1459
517
1014
621
-664
-812
942
263
-473
-1466
477
1072
886
-681
-1358
1006
265
-193
-708
1492
753
-362
-843
106
1074
-194
187
-622
1488
-344
-562
-49
590
56
581
-289
-411
-30
101
105
-660
-827
977
832
-620
-1353
-192
859
-487
-575
-684
559
41
-172
-1172
224
-39
-267
-1
-408
-466
1583
-1008
-1266
277
1233
-138
-800
-695
1358
975
-1521
-247
844
1550
-607
-109
111
1186
53
-57
592
-57
1402
-359
78
-30
594
300
-116
481
513
424
-40
-257
813
-274
27
34
254
-539
419
259
-921
289
-263
313
78
-536
-482
813
-243
-623
55
-528
-441
217
-316
-238
-164
-779
352
-51
-337
-484
-204
388
155
-279
-528
-365
276
366
-125
-449
-104
333
205
369
-2
-206
561
476
129
109
263
153
734
160
236
105
133
-190
607
-7
-226
394
-123
567
-285
-154
31
119
-190
106
-32
-186
-468
-297
-248
-82
-164
-697
-444
197
224
-614
-1045
-1
304
-556
-861
-533
287
56
-637
-351
33
-281
-559
268
646
-92
-434
-216
758
287
-732
-327
846
816
-39
183
-217
175
652
-73
514
932
471
483
295
28
1
695
340
384
355
-162
399
-202
-37
168
573
180
-137
-193
-456
-86
-252
335
-25
-294
-522
-377
-421
-579
-572
15
135
-15
-411
-794
-424
-649
-103
230
-4
-594
-40
-255
-533
-289
-176
-85
469
143
-117
-361
-14
460
207
555
168
149
423
179
-8
333
731
763
529
90
175
236
-164
8
984
791
199
-55
38
254
38
-90
-42
627
500
10
-480
-209
-236
-251
-117
-10
178
11
-499
-487
-149
-325
-684
-337
158
-53
-304
-872
-370
-263
-362
-638
-303
-187
-96
-125
-586
-466
-30
257
88
-282
47
266
-44
-209
-12
516
493
-163
-109
517
107
-258
120
776
560
242
84
226
386
-17
61
363
439
318
492
-70
-27
116
-123
19
127
72
137
-96
-187
-237
-4
45
-589
-171
93
93
-402
-343
-271
-101
-2
-225
-237
-8
-36
-378
-185
134
1
-232
-315
87
113
-122
90
-179
147
136
388
91
-128
76
416
278
82
-10
192
608
440
291
452
185
174
329
331
529
165
57
95
271
232
138
-367
-14
241
135
-248
-191
219
-265
-207
-216
-77
-46
-565
-227
-130
-378
-135
-416
-329
-357
-165
-134
-209
-442
-339
-68
-134
-230
-291
95
-83
153
-220
-28
169
-115
-12
427
457
28
-233
130
342
84
-89
7
268
156
44
-40
35
61
-80
118
177
-60
-54
20
28
125
133
-121
-252
-33
-151
-239
-181
-191
-45
-248
-221
-201
-364
-246
-189
-159
95
-181
-286
-118
-71
-220
-64
73
29
145
215
170
-21
241
358
457
382
288
422
281
332
235
427
214
261
295
246
-4
-73
7
206
49
-139
-325
-58
-239
-404
-583
-404
-217
-531
-320
-528
-636
-665
-141
-224
-433
-432
-362
-231
-286
-456
-136
149
209
-41
49
525
410
368
566
983
949
1202
1173
1374
1200
1335
1264
1125
1389
1274
1198
900
983
878
415
34
50
25
-339
-726
-724
-750
-892
-1225
-1426
-1170
-1388
-1684
-1903
-1524
-1429
-1502
-1813
-1668
-1303
-1508
-1309
-1364
-972
-916
-899
-717
-828
-680
-671
-454
-239
-288
-74
174
320
400
764
1836
2318
2392
2512
2479
2542
2394
2539
2607
2937
2920
2725
2529
1871
1082
774
603
661
728
383
-221
-367
-752
-1387
-1709
-1935
-1702
-1463
-1446
-1664
-1853
-2094
-2430
-2215
-1914
-1232
-1064
-959
-848
-1015
-1260
-1555
-1446
-1569
-1179
-1158
-1007
-1231
-1564
-1607
-1487
-1428
-1099
-618
-534
-305
42
818
1743
2477
2764
3295
3559
3607
3184
3233
3288
3420
3602
3540
3459
2764
2098
1462
1200
799
403
78
-231
-619
-945
-1573
-2277
-2791
-3041
-2783
-2496
-2135
-2174
-2144
-2006
-2043
-2066
-1618
-1133
-773
-212
102
5
-374
-714
-1057
-994
-862
-742
-689
-779
-744
-1190
-1606
-1575
-1689
-1647
-1236
-660
-116
-356
-84
646
1439
2307
2603
3331
3878
4054
3993
3911
4192
4163
4010
3929
3884
3531
2463
1671
1321
769
191
-376
-471
-833
-1297
-1961
-2364
-2777
-3164
-3278
-3241
-2681
-2328
-2026
-1952
-1704
-1445
-1161
-908
-533
-36
428
425
242
18
-523
-1106
-1239
-1260
-1295
-1272
-1388
-1610
-1859
-2198
-2758
-2677
-2056
-1671
-1462
-817
-285
-171
441
1492
2514
2725
3408
3856
4176
4317
4205
4349
4238
4186
3845
3480
2959
1877
1050
624
282
-222
-734
-1132
-1717
-1903
-2207
-2706
-3099
-3276
-3087
-2904
-2648
-2319
-2137
-1643
-1184
-919
-462
-297
-52
257
531
544
376
35
-280
-608
-987
-1407
-1375
-1449
-1562
-1474
-1612
-1969
-2260
-2224
-1973
-1599
-1249
-756
-159
301
716
1537
2612
3171
3468
3868
4406
4820
4688
4414
4561
4728
4088
3584
3314
2504
1467
877
334
15
-630
-1313
-1556
-1609
-1990
-2515
-2822
-3061
-3156
-2961
-2738
-2353
-1982
-1657
-1288
-756
-319
-184
20
373
779
841
577
304
20
-228
-657
-1039
-1280
-1331
-1425
-1632
-1528
-1724
-2142
-2165
-2159
-1854
-1609
-1333
-731
-164
225
668
1707
2674
2766
3173
3917
4247
4097
4010
3973
3859
3804
3294
2804
2239
1455
600
84
-468
-962
-1391
-1967
-1979
-2085
-2262
-2749
-2972
-3033
-3227
-3042
-2997
-2407
-2009
-1564
-981
-567
-15
179
409
606
830
972
966
625
263
-86
-183
-806
-1276
-1280
-1447
-1383
-1635
-1744
-1786
-1865
-1931
-1895
-1636
-1303
-737
-308
104
781
1501
2272
2772
3299
3728
4145
4313
4119
4030
3903
3914
3283
2932
2461
1650
681
68
-333
-928
-1346
-1705
-1713
-1800
-2095
-2391
-2674
-2761
-2929
-2868
-2502
-2002
-1590
-1299
-789
-363
235
583
519
713
1139
1131
1079
991
588
212
-245
-452
-1001
-1191
-1335
-1394
-1491
-1513
-1468
-1690
-1888
-1869
-1568
-1431
-1030
-493
-10
452
987
1505
2338
2831
3160
3666
4125
4168
3910
3867
3637
3311
2764
2391
1947
1078
423
143
-471
-1110
-1395
-1703
-1689
-1871
-1997
-2243
-2431
-2558
-2813
-2578
-2309
-1929
-1618
-1157
-414
194
504
794
851
902
1060
990
911
679
505
12
-366
-623
-1130
-1608
-1846
-1751
-1613
-1585
-1664
-1680
-1716
-1740
-1641
-1642
-1106
-613
-263
112
597
1075
1872
2384
2742
3546
3851
3790
3549
3425
3252
2850
2386
1933
1720
1233
324
-125
-356
-914
-1435
-1523
-1444
-1587
-1889
-2062
-1976
-2067
-2395
-2521
-2159
-1986
-1713
-1447
-785
2
400
642
904
1156
1052
857
547
495
132
-397
-395
-587
-990
-1388
-1587
-1638
-1888
-1971
-1957
-2067
-1986
-1839
-1736
-1607
-1299
-1004
-627
-154
174
620
1284
2255
2804
3319
3822
4189
4179
3925
3769
3512
3201
2644
2216
1993
1497
641
198
-138
-568
-1027
-1345
-1429
-1509
-1497
-1615
-1614
-1770
-1919
-2054
-1796
-1657
-1379
-1025
-440
154
565
905
1102
1163
948
881
805
618
221
-113
-359
-625
-1211
-1714
-1829
-1922
-2019
-2207
-2030
-1898
-1817
-1664
-1444
-1072
-792
-401
-137
320
714
927
1232
1925
2808
3366
3771
4240
4366
4074
3712
3177
2746
2356
1867
1498
1253
777
297
-65
-625
-1112
-1458
-1708
-1890
-1924
-1985
-1867
-1846
-1968
-2103
-2063
-1894
-2013
-1891
-1361
-868
-426
-50
303
580
547
237
109
-114
-530
-927
-1063
-1107
-1392
-1774
-1858
-1829
-2005
-2215
-2130
-1832
-1807
-1637
-1301
-880
-627
-268
54
397
864
1020
1157
1590
2131
2667
3180
3695
3975
4012
3925
3530
3084
2481
2130
1639
1401
1182
658
359
226
-175
-686
-972
-1358
-1671
-1635
-1596
-1739
-1743
-1840
-1755
-1706
-1892
-1932
-1742
-1327
-991
-693
-258
102
156
143
235
145
-44
-370
-590
-661
-939
-1250
-1368
-1193
-1075
-1121
-1034
-917
-1032
-1050
-862
-590
-500
-304
181
529
819
1061
1208
1412
1565
2132
2743
3088
3582
3900
4032
3975
3671
3193
2695
2265
1665
1344
1214
812
481
252
-4
-458
-846
-1104
-1461
-1767
-1927
-2209
-2361
-2390
-2500
-2328
-2276
-2283
-2233
-1955
-1705
-1279
-801
-516
-106
191
244
200
-42
-180
-291
-517
-676
-832
-901
-918
-829
-771
-747
-694
-717
-793
-636
-708
-729
-528
-200
48
303
746
884
955
1066
1232
1755
2182
2522
2901
3503
3684
3439
3216
2933
2429
1909
1372
1027
709
246
-68
-203
-537
-1053
-1517
-1954
-2215
-2595
-2773
-2852
-2925
-2860
-2766
-2532
-2333
-2246
-2182
-1762
-1401
-1119
-596
-36
482
832
1195
1336
1158
835
543
325
22
-245
-402
-345
-160
-146
-189
-162
-282
-453
-603
-614
-653
-711
-483
-50
293
440
645
888
1074
1270
1566
2112
2352
2621
3142
3412
3366
3154
2845
2424
1881
1315
889
344
-162
-460
-446
-717
-1227
-1404
-1655
-1966
-2199
-2298
-2451
-2486
-2457
-2362
-1991
-1770
-1728
-1322
-855
-491
-43
359
746
1090
1436
1640
1624
1574
1416
1122
772
440
2
-368
-564
-706
-750
-859
-850
-930
-1071
-1036
-1083
-1215
-1197
-1152
-977
-724
-528
-368
-172
125
252
637
1087
1546
1774
2209
2639
2740
2638
2397
2087
1821
1447
890
572
139
-256
-498
-607
-834
-1017
-1108
-1250
-1462
-1552
-1633
-1735
-1763
-1750
-1639
-1420
-1199
-1124
-844
-441
-172
152
533
943
1179
1377
1455
1434
1359
1023
645
378
148
-259
-636
-736
-778
-995
-1032
-1023
-1057
-1084
-1104
-1133
-1165
-1137
-1062
-779
-555
-358
-90
177
320
430
627
1054
1417
1677
2067
2625
2857
2793
2636
2405
1991
1416
901
495
240
-77
-312
-428
-454
-676
-888
-977
-1166
-1288
-1439
-1578
-1699
-1734
-1730
-1571
-1382
-1118
-887
-623
-424
-210
141
432
634
913
1233
1327
1275
1097
943
693
344
-203
-443
-450
-658
-856
-775
-692
-779
-872
-918
-821
-898
-1019
-815
-490
-420
-374
-136
87
104
76
138
402
688
991
1410
1991
2386
2583
2510
2513
2179
1625
1168
688
423
80
-198
-187
-73
-170
-362
-377
-412
-682
-905
-1013
-1081
-1283
-1469
-1406
-1228
-1192
-1165
-899
-589
-466
-285
79
430
773
972
1151
1315
1182
1003
756
397
-62
-367
-709
-872
-1007
-1147
-1090
-1110
-1212
-1200
-1134
-1259
-1333
-1285
-1187
-1172
-1227
-1152
-957
-789
-739
-551
-225
171
622
1179
1598
2137
2605
2764
2701
2579
2374
2106
1760
1444
1306
1073
816
704
829
714
433
308
215
-52
-357
-685
-1019
-1305
-1538
-1712
-1825
-1761
-1687
-1511
-1281
-965
-497
-109
203
492
733
850
770
596
516
342
34
-236
-390
-564
-809
-920
-1048
-1155
-1229
-1304
-1347
-1359
-1323
-1326
-1250
-1102
-1015
-889
-699
-467
-270
-95
213
462
646
926
1335
1794
2169
2511
2883
3114
3133
3009
2923
2702
2341
1905
1590
1347
991
745
617
415
111
-147
-456
-873
-1255
-1621
-1971
-2235
-2378
-2403
-2244
-2060
-1886
-1602
-1227
-895
-618
-298
108
380
518
635
787
746
606
479
301
34
-282
-633
-855
-1049
-1223
-1340
-1339
-1298
-1359
-1280
-1337
-1392
-1312
-1181
-1000
-849
-588
-419
-219
-29
117
281
478
748
1033
1461
1879
2167
2496
2807
3001
2904
2748
2537
2194
1746
1319
969
680
304
117
-13
-201
-412
-547
-675
-867
-1057
-1241
-1372
-1496
-1564
-1494
-1341
-1155
-864
-566
-169
83
278
565
803
882
892
978
909
701
477
235
-69
-279
-610
-904
-1011
-1170
-1362
-1480
-1523
-1562
-1606
-1516
-1419
-1317
-1211
-1082
-995
-836
-671
-539
-323
-107
111
342
581
714
924
1317
1636
1805
2051
2337
2480
2341
2172
1975
1699
1379
1053
766
535
307
177
148
48
-69
-107
-74
-172
-351
-478
-659
-868
-1018
-1086
-1098
-1057
-1039
-795
-492
-351
-276
-41
170
132
112
124
103
-21
-165
-216
-345
-604
-871
-1065
-1152
-1305
-1405
-1377
-1260
-1152
-1080
-1002
-926
-835
-823
-688
-564
-412
-164
95
252
378
516
547
605
693
781
1013
1328
1539
1840
2222
2403
2378
2357
2323
2081
1695
1424
1161
853
596
437
449
333
129
55
48
-98
-349
-575
-805
-996
-1248
-1412
-1493
-1557
-1607
-1532
-1388
-1239
-1079
-821
-507
-325
-76
119
192
147
76
-15
-196
-361
-475
-538
-610
-662
-709
-684
-609
-602
-564
-458
-414
-425
-441
-366
-273
-273
-248
-182
-137
-77
-77
-47
15
84
176
371
720
1042
1266
1536
1848
2008
1971
1903
1866
1736
1500
1334
1181
980
737
565
506
325
119
49
2
-204
-416
-591
-803
-1067
-1368
-1504
-1581
-1697
-1783
-1605
-1278
-1043
-796
-441
9
277
434
593
733
716
567
487
386
213
-8
-211
-243
-369
-522
-607
-627
-705
-841
-799
-809
-912
-961
-912
-887
-925
-875
-795
-754
-759
-696
-546
-411
-298
-151
116
524
915
1172
1577
1982
2253
2385
2516
2490
2333
2127
1917
1704
1442
1173
993
895
797
626
448
331
88
-133
-321
-526
-818
-1085
-1269
-1399
-1492
-1480
-1339
-1112
-867
-581
-312
-80
116
276
366
404
405
279
117
-54
-347
-613
-837
-1123
-1323
-1490
-1591
-1646
-1633
-1711
-1741
-1689
-1750
-1780
-1680
-1605
-1535
-1457
-1282
-1104
-948
-771
-524
-182
72
343
658
1054
1445
1788
2109
2503
2831
3030
3150
3206
3133
2950
2717
2468
2261
1974
1647
1439
1296
1037
722
549
334
12
-218
-418
-669
-923
-1104
-1225
-1328
-1390
-1334
-1216
-1043
-935
-805
-609
-432
-307
-252
-113
-14
-116
-244
-341
-566
-878
-1174
-1387
-1557
-1695
-1815
-1830
-1817
-1786
-1697
-1552
-1437
-1370
-1244
-1128
-1033
-938
-724
-476
-313
-97
283
604
818
1121
1420
1629
1799
2044
2385
2581
2787
2996
3135
3095
3004
2874
2641
2350
2028
1774
1467
1112
786
575
242
-87
-340
-482
-711
-1015
-1185
-1327
-1518
-1722
-1827
-1868
-1944
-1999
-1932
-1790
-1687
-1559
-1290
-1018
-736
-571
-445
-294
-260
-363
-483
-624
-792
-963
-1117
-1228
-1326
-1366
-1346
-1275
-1149
-1071
-942
-787
-630
-485
-296
-166
-62
124
251
459
640
794
977
1192
1377
1545
1694
1807
1990
2152
2235
2249
2366
2401
2382
2268
2139
2017
1807
1497
1230
958
577
267
44
-212
-521
-732
-894
-1022
-1233
-1343
-1426
-1541
-1658
-1727
-1725
-1743
-1767
-1678
-1488
-1334
-1213
-946
-649
-459
-238
-10
170
197
193
209
110
-71
-246
-406
-537
-652
-732
-722
-669
-570
-477
-342
-189
-101
-7
118
239
298
327
430
537
630
697
811
941
1043
1161
1253
1304
1357
1475
1611
1712
1752
1827
1863
1774
1644
1499
1295
1083
850
581
322
106
-128
-305
-494
-691
-840
-937
-1076
-1183
-1222
-1281
-1362
-1444
-1455
-1558
-1581
-1559
-1516
-1410
-1244
-1078
-866
-626
-388
-191
-1
125
172
175
118
-37
-257
-421
-589
-758
-839
-828
-814
-812
-792
-648
-489
-409
-347
-205
-40
25
64
162
236
282
308
400
499
568
598
690
768
832
890
896
952
1052
1070
1025
1061
1072
1052
964
918
913
859
755
654
541
442
333
253
132
-2
-85
-124
-237
-332
-356
-404
-456
-524
-581
-622
-660
-732
-712
-649
-589
-510
-423
-267
-170
-82
14
75
112
128
105
30
-69
-229
-422
-630
-765
-824
-835
-790
-708
-523
-380
-249
-155
-105
-13
1
-82
-172
-193
-247
-308
-272
-181
-112
-50
40
152
274
385
493
623
813
980
1036
1148
1345
1391
1360
1434
1498
1489
1443
1440
1426
1269
1075
903
697
415
136
8
-127
-310
-389
-458
-565
-694
-827
-937
-1043
-1191
-1269
-1224
-1207
-1190
-1071
-916
-820
-716
-558
-419
-381
-377
-344
-366
-473
-613
-734
-856
-953
-1028
-1087
-1068
-974
-847
-710
-550
-398
-340
-296
-263
-325
-377
-363
-325
-262
-132
32
253
415
615
822
1007
1183
1325
1413
1516
1642
1669
1741
1884
1936
1868
1814
1803
1712
1566
1391
1250
1072
828
547
239
-6
-311
-589
-775
-898
-1030
-1134
-1194
-1235
-1285
-1375
-1414
-1430
-1456
-1448
-1360
-1275
-1185
-1039
-909
-742
-597
-487
-427
-393
-378
-421
-467
-543
-589
-679
-685
-638
-605
-547
-474
-364
-223
-98
53
192
327
468
559
577
621
705
731
778
807
871
963
1034
1045
1105
1190
1199
1163
1141
1170
1167
1133
1134
1209
1257
1239
1194
1199
1148
1011
833
636
460
224
-10
-195
-402
-590
-714
-785
-877
-957
-961
-960
-1002
-1049
-1071
-1146
-1232
-1333
-1389
-1390
-1381
-1340
-1204
-1043
-869
-698
-484
-272
-87
2
50
126
151
127
74
57
109
177
222
293
394
482
514
545
581
556
519
491
414
387
331
267
232
220
229
233
264
328
395
435
492
548
551
550
559
569
553
502
487
460
381
292
218
141
15
-84
-162
-284
-452
-611
-690
-802
-964
-1038
-1019
-1053
-1064
-1033
-998
-1023
-1037
-1040
-1037
-1022
-984
-895
-786
-649
-517
-392
-200
-3
157
336
532
690
755
805
841
821
748
681
616
484
392
322
279
254
233
227
245
248
197
157
110
12
-79
-117
-159
-202
-236
-230
-176
-130
-66
-10
25
66
89
70
52
-9
-31
-12
-28
-32
-12
46
88
139
216
292
337
364
368
385
379
305
251
211
109
66
81
56
34
47
64
67
36
49
61
97
103
127
182
229
231
289
381
445
504
571
623
666
680
644
608
515
395
279
119
-55
-144
-248
-369
-436
-465
-487
-537
-573
-604
-613
-641
-667
-634
-628
-662
-634
-611
-574
-503
-454
-440
-441
-374
-376
-350
-317
-273
-198
-171
-107
-47
31
120
239
373
503
578
664
695
671
615
564
465
324
206
72
-48
-153
-245
-305
-342
-363
-406
-439
-386
-400
-445
-448
-427
-407
-362
-281
-160
-42
59
150
259
364
391
408
427
417
328
212
123
1
-162
-287
-365
-447
-486
-452
-425
-372
-292
-200
-153
-118
-110
-126
-140
-195
-230
-268
-281
-306
-324
-256
-208
-162
-89
1
68
116
178
224
226
214
211
214
214
218
253
308
339
368
436
461
433
384
341
270
192
116
59
-1
-57
-42
-21
23
76
154
254
358
426
515
630
686
723
769
788
788
805
812
819
825
823
804
774
738
689
629
555
441
319
194
39
-127
-255
-328
-407
-467
-482
-523
-590
-652
-709
-797
-870
-929
-1001
-1027
-1042
-1085
-1081
-1062
-1068
-1033
-971
-939
-901
-852
-823
-767
-723
-660
-581
-488
-398
-308
-195
-82
36
120
208
272
321
373
397
400
414
440
438
458
512
530
575
638
707
790
882
949
1009
1071
1115
1107
1100
1092
1056
996
903
824
741
669
564
484
405
301
174
44
-99
-266
-412
-568
-702
-831
-946
-1026
-1129
-1202
-1265
-1314
-1323
-1345
-1347
-1372
-1378
-1393
-1397
-1411
-1411
-1364
-1312
-1264
-1199
-1074
-969
-875
-766
-634
-473
-368
-229
-57
81
201
322
420
504
614
697
788
885
955
1036
1094
1133
1157
1198
1217
1236
1287
1310
1322
1332
1379
1422
1464
1463
1485
1492
1444
1389
1305
1217
1128
1009
874
754
638
535
448
335
215
94
-70
-249
-414
-590
-723
-851
-997
-1104
-1184
-1244
-1311
-1346
-1343
-1331
-1316
-1273
-1194
-1159
-1119
-1062
-1031
-997
-940
-883
-838
-771
-692
-624
-556
-488
-415
-335
-262
-210
-163
-93
-44
-23
-5
42
84
104
110
170
272
348
447
556
661
737
777
803
852
874
896
909
942
954
951
945
932
919
882
864
798
733
649
534
417
327
231
109
45
-20
-110
-224
-270
-332
-408
-431
-447
-477
-510
-530
-563
-572
-587
-629
-626
-626
-641
-629
-592
-575
-550
-547
-573
-597
-636
-696
-748
-804
-851
-851
-851
-841
-809
-767
-733
-677
-606
-549
-470
-388
-328
-259
-165
-88
6
130
233
358
456
541
628
678
723
771
814
867
910
913
909
908
891
871
876
877
880
906
966
997
1019
1064
1071
1064
1037
1014
985
949
895
848
829
773
707
672
606
534
448
357
247
123
-9
-146
-256
-408
-561
-692
-808
-918
-1027
-1100
-1157
-1215
-1264
-1294
-1331
-1392
-1424
-1430
-1441
-1443
-1415
-1367
-1309
-1251
-1175
-1090
-992
-894
-807
-722
-628
-575
-532
-467
-394
-304
-242
-163
-64
31
112
220
331
436
490
558
649
708
763
840
898
971
1062
1121
1184
1258
1310
1356
1355
1349
1324
1289
1231
1161
1104
1049
972
900
838
755
651
545
437
306
185
48
-96
-224
-381
-510
-626
-751
-828
-889
-912
-945
-969
-976
-994
-1021
-1023
-1046
-1089
-1097
-1109
-1113
-1110
-1106
-1099
-1073
-1047
-984
-882
-795
-667
-567
-482
-373
-308
-244
-157
-79
-6
84
178
250
321
384
453
522
569
638
717
800
885
968
1032
1091
1135
1182
1235
1256
1278
1264
1238
1211
1144
1110
1076
1023
942
851
776
678
572
480
389
305
198
71
-34
-143
-241
-310
-351
-381
-417
-459
-505
-548
-570
-575
-598
-583
-567
-563
-589
-628
-669
-729
-804
-835
-863
-896
-909
-915
-909
-910
-900
-865
-800
-766
-725
-683
-646
-598
-553
-504
-464
-443
-432
-427
-399
-366
-310
-234
-132
-36
48
134
176
207
246
263
293
315
336
384
429
435
460
497
515
542
562
597
617
608
621
599
600
576
549
527
496
489
501
522
536
546
548
540
511
494
447
417
414
391
375
340
296
232
155
93
45
-12
-75
-123
-169
-232
-321
-395
-444
-496
-521
-529
-517
-500
-505
-496
-514
-541
-579
-641
-696
-740
-758
-772
-749
-678
-623
-568
-495
-400
-354
-295
-227
-170
-108
-71
-20
49
137
185
244
327
376
450
525
591
627
664
700
697
698
697
690
662
650
642
635
654
659
669
685
701
702
673
663
657
625
589
548
496
429
343
261
197
127
89
33
19
-9
-62
-123
-224
-311
-438
-540
-632
-737
-820
-897
-959
-1046
-1117
-1161
-1214
-1240
-1247
-1260
-1260
-1228
-1187
-1156
-1089
-1013
-952
-867
-769
-659
-547
-457
-367
-294
-195
-94
-20
63
138
208
272
349
392
429
496
535
566
606
629
648
668
672
670
660
639
663
689
729
771
806
820
833
854
840
831
796
754
712
639
564
504
472
422
372
313
262
209
154
95
35
-32
-131
-199
-276
-373
-467
-545
-624
-692
-719
-696
-681
-670
-622
-588
-576
-554
-540
-541
-531
-491
-466
-420
-373
-329
-282
-241
-179
-144
-88
-63
-49
-27
-32
-50
-61
-73
-68
-45
-29
14
54
52
59
74
86
102
139
196
240
290
347
409
439
473
503
526
517
518
508
476
458
441
423
431
409
381
379
352
326
310
303
297
292
273
252
202
155
122
75
38
-16
-67
-129
-178
-241
-258
-268
-297
-319
-359
-399
-438
-458
-480
-480
-494
-524
-542
-538
-542
-540
-522
-504
-489
-473
-439
-426
-440
-435
-439
-450
-416
-388
-341
-268
-224
-184
-127
-68
-30
36
95
114
131
164
186
192
232
292
339
373
411
432
451
475
464
448
443
416
389
403
404
405
427
423
426
420
427
426
407
398
376
340
273
207
160
98
38
-25
-79
-98
-147
-199
-249
-291
-324
-363
-379
-391
-398
-398
-427
-451
-451
-459
-475
-480
-485
-498
-495
-481
-470
-438
-419
-428
-387
-343
-317
-259
-195
-146
-110
-69
-22
11
51
106
151
203
252
279
284
306
353
372
395
400
393
415
411
399
401
407
384
399
428
430
425
420
399
367
356
342
331
339
322
286
251
218
172
138
117
74
42
10
-10
-21
-52
-73
-73
-87
-111
-131
-158
-165
-213
-269
-296
-326
-356
-374
-339
-302
-279
-247
-229
-215
-220
-225
-217
-182
-150
-92
-42
0
40
55
58
73
106
133
165
151
142
109
80
59
27
4
-20
-19
-58
-88
-98
-126
-167
-207
-248
-299
-317
-312
-290
-255
-233
-194
-174
-165
-144
-133
-121
-107
-110
-119
-114
-119
-141
-126
-117
-129
-109
-98
-82
-75
-83
-108
-135
-174
-199
-200
-203
-182
-150
-113
-67
-18
43
75
108
153
190
230
296
354
400
419
443
458
459
459
460
471
463
462
453
430
399
359
319
276
199
150
104
42
-1
-25
-57
-93
-118
-133
-126
-131
-113
-98
-90
-83
-91
-88
-76
-80
-123
-142
-128
-133
-141
-116
-110
-110
-117
-111
-95
-91
-90
-92
-73
-61
-49
-8
33
65
97
120
142
164
161
170
178
193
235
263
293
335
369
375
395
421
443
436
438
445
413
392
352
327
271
197
130
63
-29
-109
-157
-204
-258
-311
-376
-436
-499
-549
-599
-622
-652
-678
-686
-702
-683
-667
-639
-601
-565
-563
-547
-539
-539
-539
-520
-494
-490
-471
-445
-418
-405
-367
-336
-315
-267
-209
-142
-78
-28
35
88
131
189
222
255
283
298
323
358
396
439
491
523
566
610
618
616
624
603
573
558
530
494
471
454
434
425
419
388
337
294
231
187
154
114
80
40
-24
-80
-122
-160
-178
-175
-157
-136
-144
-156
-163
-178
-162
-173
-159
-148
-144
-123
-120
-119
-111
-122
-156
-167
-161
-168
-161
-142
-133
-111
-83
-55
-24
9
50
75
86
115
148
171
195
209
232
252
267
271
263
275
270
259
272
253
243
236
221
174
153
133
102
93
76
71
57
55
34
30
12
-3
-24
-73
-109
-171
-223
-263
-278
-302
-317
-310
-325
-322
-311
-297
-295
-288
-282
-283
-281
-274
-285
-270
-264
-253
-223
-206
-193
-182
-184
-198
-181
-177
-154
-147
-150
-149
-167
-176
-155
-132
-92
-45
-15
18
42
55
61
91
114
104
99
88
70
59
73
79
87
98
89
87
97
108
109
122
131
121
93
83
73
58
70
91
112
133
149
135
119
104
88
80
62
67
70
59
56
33
20
8
1
13
30
21
33
19
-2
8
22
32
18
12
-1
-24
-32
-36
-46
-63
-71
-97
-107
-118
-149
-169
-156
-137
-115
-84
-47
-25
-3
40
62
84
118
127
126
125
121
111
124
133
137
154
141
155
157
147
154
160
136
132
134
115
122
130
144
160
177
184
201
191
178
170
144
131
110
106
104
103
75
52
24
-30
-68
-93
-121
-133
-151
-187
-217
-241
-228
-244
-229
-211
-204
-188
-177
-184
-195
-182
-173
-170
-172
-145
-130
-120
-89
-50
1
40
64
97
135
148
133
124
116
82
70
55
50
47
46
62
49
56
48
22
5
-2
-22
-26
-13
-2
14
37
54
53
53
58
38
34
48
52
62
44
15
-5
-38
-52
-67
-86
-104
-139
-177
-216
-248
-285
-296
-303
-308
-301
-297
-292
-289
-281
-260
-237
-231
-212
-192
-171
-137
-121
-92
-76
-54
-38
-19
-24
1
36
54
88
116
126
113
117
123
119
150
174
192
187
186
171
149
139
132
144
156
172
186
187
201
201
189
196
199
212
213
196
191
181
171
171
148
134
139
131
121
117
101
86
61
46
25
3
-14
-48
-77
-87
-94
-104
-123
-108
-97
-96
-69
-33
-16
11
26
23
28
2
-8
-29
-62
-62
-41
-29
-21
-7
4
-1
-5
7
9
8
2
-15
-34
-47
-54
-72
-76
-54
-48
-21
12
24
47
63
75
69
64
54
30
25
23
14
8
3
-19
-36
-24
-44
-68
-84
-118
-113
-129
-138
-122
-109
-103
-109
-116
-128
-140
-142
-129
-131
-133
-125
-127
-125
-107
-101
-110
-105
-106
-104
-107
-127
-142
-151
-176
-190
-187
-171
-162
-149
-136
-123
-118
-98
-97
-75
-68
-57
-26
-9
22
40
66
68
61
65
75
116
154
179
200
221
226
219
243
243
240
231
199
193
187
190
189
203
216
200
192
188
168
168
155
134
114
101
88
84
86
88
85
64
76
73
75
79
62
47
29
22
31
41
49
66
76
80
84
78
81
61
52
49
23
3
-6
-22
-43
-40
-77
-81
-43
-30
-9
6
1
-38
-61
-90
-120
-127
-111
-98
-93
-61
-45
-34
-18
-8
-2
9
-7
-30
-37
-52
-55
-67
-71
-84
-88
-85
-97
-105
-111
-115
-138
-150
-143
-145
-168
-163
-160
-171
-165
-153
-142
-130
-131
-141
-125
-108
-89
-67
-53
-48
-45
-53
-45
-46
-54
-57
-66
-76
-87
-85
-82
-71
-56
-42
-23
-10
-7
-1
5
0
-13
-3
-9
-4
13
22
48
59
84
80
84
97
81
75
83
79
96
109
117
110
108
110
95
101
107
115
99
94
78
50
27
16
2
0
-34
-57
-65
-85
-123
-139
-149
-164
-169
-161
-138
-116
-107
-103
-79
-51
-20
11
41
62
79
89
114
140
172
207
224
230
240
229
221
228
228
245
268
273
273
277
287
278
275
279
279
283
275
270
263
264
250
241
230
221
193
155
116
60
48
31
8
-29
-55
-86
-131
-170
-186
-203
-221
-234
-244
-260
-282
-321
-356
-360
-374
-375
-363
-359
-357
-343
-339
-329
-299
-285
-257
-235
-204
-188
-176
-135
-118
-96
-48
-15
10
42
53
57
84
111
124
130
138
140
142
136
143
144
141
134
137
152
143
141
136
132
127
121
90
85
63
31
6
-17
-24
-37
-44
-61
-95
-146
-190
-218
-235
-234
-233
-240
-267
-276
-296
-321
-310
-304
-298
-299
-288
-287
-278
-256
-239
-214
-186
-172
-145
-115
-91
-74
-67
-34
-3
24
52
80
105
127
159
170
190
205
207
223
229
237
264
272
286
292
286
281
267
267
269
286
303
326
325
307
291
276
262
274
267
260
255
239
220
197
174
135
114
100
78
74
72
61
34
11
-4
-20
-28
-42
-38
-37
-36
-30
-21
-5
-13
-6
-17
-42
-61
-90
-110
-119
-111
-111
-108
-101
-100
-105
-97
-102
-108
-110
-117
-120
-120
-129
-133
-145
-153
-152
-141
-121
-115
-99
-85
-85
-73
-64
-75
-73
-71
-56
-42
-43
-46
-40
-36
-35
-22
-20
-28
-34
-37
-39
-30
-23
-15
-19
-24
-28
-25
-27
-36
-35
-24
-16
-13
2
6
-1
-10
-8
-9
-16
-18
-31
-51
-49
-40
-45
-34
-25
-36
-54
-65
-72
-70
-66
-51
-35
-34
-14
-8
-9
8
18
11
24
31
19
22
26
30
47
55
69
79
83
85
76
86
75
59
67
67
71
70
81
80
87
99
91
83
78
52
38
36
27
28
38
44
55
62
58
49
38
23
32
36
38
57
66
50
41
34
33
44
36
52
47
43
30
14
6
8
10
-2
-3
3
3
3
-1
4
0
-4
-12
-16
-14
-20
-26
-33
-39
-56
-57
-67
-76
-77
-81
-82
-83
-78
-75
-76
-80
-90
-96
-93
-91
-92
-82
-83
-76
-67
-61
-63
-53
-48
-55
-43
-36
-27
-26
-13
-6
-8
-4
-5
-11
-13
-9
-4
4
5
10
21
23
17
32
34
35
24
20
5
-9
-11
-12
-2
3
9
15
11
5
-2
-9
-4
-4
-4
-4
-4
-1
3
5
5
-1
-13
-18
-17
-26
-38
-35
-34
-25
-4
12
31
41
59
81
93
95
100
97
101
102
106
106
99
97
82
87
87
91
86
77
69
51
36
23
17
6
9
1
-5
2
-5
-9
-14
-11
-13
-19
-28
-44
-55
-67
-67
-64
-64
-59
-61
-61
-55
-43
-40
-24
-17
-17
-13
-16
-12
5
23
33
52
49
47
44
35
26
26
27
25
37
35
39
34
42
42
41
50
44
39
41
36
31
38
34
22
12
0
-24
-33
-36
-35
-28
-36
-50
-68
-79
-80
-96
-95
-92
-103
-105
-98
-103
-97
-85
-78
-69
-63
-55
-58
-68
-79
-85
-89
-87
-73
-49
-39
-37
-43
-47
-46
-44
-32
-12
-3
5
10
4
8
23
28
25
20
16
16
15
23
27
21
25
20
24
35
40
53
72
74
68
72
61
52
47
54
60
57
63
71
72
62
62
54
45
38
30
29
23
23
23
26
35
45
51
56
55
51
48
44
40
35
24
14
2
-7
-13
-11
-7
-11
-18
-28
-31
-30
-30
-21
-15
-11
-11
-22
-18
-8
-8
-5
4
-3
-1
4
-3
2
5
11
20
25
18
10
5
-5
-13
-6
4
9
26
36
36
27
27
10
-4
-2
-10
-11
-12
-15
-20
-22
-36
-43
-47
-46
-60
-70
-69
-80
-80
-69
-65
-57
-51
-59
-60
-56
-59
-57
-53
-57
-54
-61
-54
-49
-57
-56
-59
-57
-54
-57
-51
-53
-43
-37
-28
-17
-8
-3
8
16
19
29
20
20
23
36
46
53
54
49
44
35
30
22
27
27
29
55
70
71
70
57
47
38
25
27
30
31
38
40
41
40
38
28
25
17
14
23
24
32
42
47
48
48
50
53
62
81
81
78
69
54
38
32
30
25
22
20
23
23
21
17
6
0
-1
-6
-10
-10
-17
-21
-21
-28
-23
-21
-19
-17
-16
-25
-31
-19
-17
-17
-20
-33
-40
-41
-38
-35
-26
-24
-20
-16
-14
-15
-15
-17
-19
-19
-22
-19
-25
-22
-19
-22
-23
-22
-25
-22
-20
-23
-25
-20
-14
-11
-2
-6
-5
-6
-2
-2
4
10
3
-4
-21
-42
-46
-39
-42
-36
-29
-33
-39
-46
-55
-52
-54
-61
-58
-62
-68
-71
-72
-65
-54
-48
-41
-33
-31
-37
-44
-47
-44
-34
-30
-17
-11
-13
-13
-8
0
9
28
34
38
32
31
32
33
42
55
59
63
62
50
47
42
38
40
47
51
53
55
51
58
63
65
73
70
67
55
47
44
40
38
47
41
37
39
28
23
22
15
11
6
5
-2
-3
0
3
2
11
13
2
10
8
-2
2
11
12
25
32
40
44
41
39
35
33
24
20
20
16
12
13
12
15
16
21
26
24
18
14
8
9
13
15
19
11
5
-5
-16
-27
-29
-27
-26
-25
-23
-23
-24
-24
-25
-26
-29
-31
-36
-32
-34
-42
-37
-47
-47
-47
-57
-58
-71
-73
-70
-69
-62
-58
-61
-60
-57
-60
-55
-46
-38
-27
-11
-5
-3
7
9
14
16
17
16
19
19
20
15
22
23
18
25
29
35
35
32
34
35
39
43
42
39
32
27
26
22
16
11
1
-5
-12
-17
-22
-32
-36
-42
-50
-50
-50
-55
-57
-58
-62
-63
-67
-72
-74
-73
-74
-78
-83
-84
-88
-89
-81
-72
-68
-59
-53
-53
-47
-41
-38
-34
-21
-5
7
24
29
36
46
48
50
53
56
50
55
65
68
78
83
79
85
90
88
88
90
92
88
85
83
83
86
87
81
79
80
72
69
71
62
51
45
38
29
28
27
25
33
34
28
23
21
13
5
3
3
-1
-1
2
1
0
0
-1
-1
-1
-1
-13
-17
-21
-26
-25
-21
-17
-11
-5
-5
-6
-6
-7
-12
-13
-10
-10
-4
3
1
3
1
-3
-6
-10
-11
-12
-6
-8
-8
-14
-17
-23
-22
-22
-25
-24
-24
-28
-29
-27
-28
-21
-17
-19
-16
-18
-20
-21
-21
-18
-19
-17
-17
-25
-27
-29
-35
-40
-42
-41
-40
-36
-36
-38
-35
-34
-37
-38
-36
-38
-44
-42
-51
-57
-54
-50
-47
-41
-36
-38
-35
-32
-31
-31
-28
-27
-27
-26
-28
-28
-23
-23
-17
-6
-1
-1
2
4
5
9
9
6
5
5
5
8
11
14
15
20
23
27
30
38
36
34
34
30
32
36
38
35
38
40
47
54
56
59
62
58
51
46
44
41
39
40
40
36
35
32
32
36
35
38
39
40
34
29
30
26
27
27
25
21
19
18
13
14
14
14
14
12
10
6
-2
-3
-6
-4
-5
-7
-9
-6
-6
-3
0
-3
3
3
2
3
-1
-6
-9
-5
-3
-2
3
9
13
12
16
16
15
14
14
12
9
10
7
9
8
8
14
15
13
8
1
-10
-16
-18
-22
-20
-20
-18
-15
-18
-19
-26
-32
-37
-46
-49
-51
-48
-44
-44
-37
-36
-42
-41
-43
-46
-44
-48
-51
-49
-47
-51
-56
-58
-55
-58
-52
-47
-44
-46
-49
-51
-51
-48
-47
-45
-44
-45
-45
-46
-48
-45
-45
-38
-37
-36
-30
-30
-30
-25
-22
-16
-12
-10
-5
0
-1
-1
3
9
14
21
28
32
34
33
38
41
46
50
50
52
52
54
63
71
75
78
76
74
70
68
71
74
78
84
82
87
88
83
87
91
91
91
91
81
72
68
67
65
63
63
58
50
44
37
33
30
24
26
25
19
15
7
8
1
-1
1
-3
-7
-11
-14
-13
-13
-16
-12
-15
-15
-18
-18
-20
-26
-27
-29
-33
-35
-37
-42
-43
-45
-48
-52
-55
-59
-61
-59
-59
-54
-51
-51
-50
-48
-49
-50
-53
-50
-50
-49
-47
-49
-51
-51
-52
-50
-47
-47
-45
-44
-45
-42
-39
-40
-41
-38
-39
-32
-30
-25
-21
-18
-19
-23
-21
-19
-20
-20
-16
-15
-14
-13
-14
-13
-14
-13
-16
-17
-12
-10
-5
-1
1
0
-1
-1
4
10
11
14
12
13
6
3
11
15
16
21
20
18
22
23
20
23
23
23
25
27
28
28
32
38
43
46
49
43
40
38
33
36
34
34
35
35
34
35
36
35
36
36
36
33
28
30
34
36
37
38
38
35
30
32
32
34
34
31
30
24
19
19
21
23
29
29
22
15
11
10
9
9
12
13
13
12
8
10
6
5
2
-3
-4
-4
-6
-5
-2
-3
-7
-9
-12
-17
-19
-17
-16
-18
-17
-18
-25
-33
-33
-37
-36
-31
-24
-23
-26
-27
-34
-37
-39
-32
-31
-25
-22
-21
-23
-23
-24
-25
-22
-23
-27
-25
-25
-30
-23
-22
-22
-17
-17
-14
-17
-21
-18
-24
-21
-18
-16
-12
-10
-9
-10
-12
-14
-21
-26
-29
-34
-39
-35
-32
-33
-25
-20
-18
-12
-9
-13
-11
-12
-16
-15
-18
-22
-20
-22
-19
-12
-10
-7
-4
-8
-9
-13
-16
-15
-13
-10
-5
-1
1
3
4
5
9
12
18
21
24
25
26
28
29
22
24
23
22
29
32
36
39
39
37
41
40
39
42
45
44
44
45
42
42
42
42
42
36
34
30
26
24
26
23
23
21
21
22
20
23
25
20
22
23
19
21
23
22
20
18
16
13
10
9
9
12
14
14
13
11
9
7
4
6
6
5
6
1
2
8
7
5
7
3
1
-1
-3
-6
-8
-12
-13
-12
-12
-11
-13
-15
-19
-20
-23
-27
-33
-32
-33
-34
-33
-30
-32
-36
-42
-47
-49
-50
-53
-50
-47
-50
-49
-49
-52
-53
-51
-50
-50
-47
-42
-40
-37
-35
-32
-31
-29
-24
-25
-23
-22
-22
-17
-14
-8
-4
0
4
4
3
5
4
5
7
6
7
7
8
13
14
18
24
24
26
21
19
17
15
14
15
15
18
18
19
24
30
33
30
30
27
27
23
25
22
18
19
15
13
13
13
7
9
12
13
13
14
14
12
10
8
9
10
13
16
14
14
13
10
10
10
11
14
15
16
20
20
20
19
18
13
13
14
14
14
13
10
9
6
4
5
4
4
0
-1
-1
0
-3
-3
-4
-4
-7
-6
-7
-7
-8
-8
-8
-8
-12
-13
-11
-13
-9
-10
-11
-13
-17
-21
-23
-23
-24
-20
-15
-14
-11
-9
-13
-15
-20
-21
-19
-19
-15
-14
-12
-9
-7
-3
0
2
4
5
1
-1
-3
-5
-5
-6
-9
-8
-7
-8
-7
-4
-3
-3
-4
-5
-8
-13
-16
-16
-13
-10
-4
-5
-8
-9
-13
-11
-4
-2
0
4
4
0
-6
-8
-6
-6
-3
1
1
1
3
4
4
5
5
9
9
9
10
14
15
14
16
14
15
14
11
11
14
14
15
14
16
17
15
16
18
13
13
15
15
17
17
17
17
13
11
8
5
5
4
3
1
3
4
5
2
2
4
0
-1
1
1
0
2
3
2
0
0
2
0
-1
-2
-5
-6
-9
-9
-7
-6
-5
-3
-3
-3
-4
-5
-8
-10
-11
-12
-12
-13
-13
-12
-11
-13
-16
-18
-21
-19
-18
-12
-9
-6
-5
-4
-6
-9
-6
-3
-3
-1
-3
-4
1
0
4
9
7
6
4
3
3
6
9
11
15
15
13
13
10
10
9
7
5
9
5
3
3
2
0
-1
2
5
4
4
3
2
0
-1
-4
-3
0
-2
-3
-3
-4
-8
-7
-6
-5
-4
-7
-7
-7
-10
-9
-12
-13
-17
-20
-20
-20
-19
-15
-12
-8
-5
-2
0
1
2
3
6
6
6
4
2
2
-2
0
-1
1
1
1
4
2
3
5
7
8
6
8
7
7
5
4
4
3
2
1
-1
-1
-4
-6
-6
-5
-3
2
3
4
6
5
5
5
2
-1
0
-1
1
6
6
8
11
11
12
12
10
6
5
6
4
4
6
7
5
7
7
7
11
10
11
14
14
14
13
11
7
4
4
5
3
2
0
-4
-5
-7
-8
-6
-7
-6
-4
-6
-7
-7
-11
-9
-7
-7
-7
-7
-10
-10
-10
-13
-14
-15
-18
-18
-17
-16
-11
-11
-10
-8
-9
-10
-8
-7
-7
-7
-9
-9
-8
-9
-8
-7
-11
-10
-12
-12
-11
-10
-7
-5
-2
0
1
2
1
-1
-3
-6
-7
-7
-4
-1
-1
3
8
13
17
20
20
20
19
19
18
19
22
22
23
24
24
25
26
26
25
25
27
30
27
24
21
18
16
13
12
12
13
10
10
11
10
8
5
2
0
-4
-6
-6
-7
-7
-6
-7
-9
-11
-15
-16
-17
-17
-19
-17
-16
-15
-15
-13
-15
-15
-14
-13
-11
-11
-9
-12
-12
-12
-13
-13
-10
-8
-6
-6
-6
-4
-6
-6
-3
-1
0
4
5
1
3
1
-2
-3
-5
-1
3
4
2
0
-5
-9
-10
-14
-13
-12
-16
-15
-13
-16
-12
-12
-12
-11
-12
-12
-11
-11
-10
-10
-11
-9
-8
-8
-6
-6
-4
-5
-7
-9
-9
-8
-9
-8
-4
-1
-2
0
0
1
0
3
2
2
5
6
5
4
3
4
3
4
5
6
7
8
7
10
13
14
17
18
20
21
23
20
17
19
19
20
23
26
28
27
28
26
23
23
21
20
20
17
19
20
18
17
16
17
16
17
16
17
16
15
16
15
14
12
8
4
2
-1
-2
0
-3
-6
-7
-12
-17
-14
-14
-16
-16
-15
-13
-11
-12
-10
-12
-14
-17
-21
-21
-20
-19
-17
-16
-15
-16
-16
-16
-16
-15
-16
-15
-14
-12
-14
-14
-15
-18
-17
-14
-16
-14
-13
-12
-12
-10
-12
-13
-15
-16
-15
-10
-9
-9
-9
-9
-13
-14
-12
-12
-11
-8
-4
-1
1
2
1
3
5
4
4
5
6
6
7
6
5
3
2
0
1
2
4
8
11
12
11
8
5
1
-2
-2
-1
2
3
4
3
4
3
0
2
4
0
2
2
-2
-2
-2
-2
-1
2
6
6
7
10
9
8
8
7
9
8
10
12
15
18
21
24
25
22
20
18
19
18
18
20
20
19
18
17
17
15
15
15
15
13
11
9
6
5
6
5
4
5
3
1
1
0
0
-2
-3
-4
-5
-6
-5
-5
-5
-3
-3
-3
-6
-9
-10
-10
-10
-7
-3
-2
1
0
0
-1
-2
-5
-6
-4
-6
-7
-9
-8
-7
-4
-5
-3
-4
-6
-6
-7
-7
-9
-9
-10
-12
-12
-9
-8
-6
-8
-8
-10
-10
-9
-9
-10
-11
-9
-11
-7
-6
-5
-5
-6
-7
-10
-10
-11
-9
-9
-9
-7
-6
-6
-8
-7
-8
-7
-6
-7
-8
-9
-14
-14
-14
-14
-10
-10
-8
-7
-10
-13
-14
-13
-16
-14
-13
-15
-16
-14
-12
-6
-3
-3
-3
-5
-7
-7
-6
-7
-4
-2
0
1
5
8
9
11
11
12
11
14
15
14
14
16
14
16
17
17
16
16
14
15
17
17
18
21
19
19
18
19
22
22
24
24
24
21
19
19
19
18
19
20
21
21
21
21
20
22
22
22
22
20
19
20
18
18
19
18
17
16
17
15
14
13
16
12
11
10
7
6
2
-2
-3
-4
-8
-9
-12
-14
-14
-16
-16
-17
-19
-20
-21
-23
-21
-21
-21
-21
-24
-25
-26
-28
-30
-31
-32
-32
-30
-28
-25
-21
-16
-14
-15
-17
-18
-20
-22
-24
-23
-25
-26
-24
-23
-21
-18
-18
-18
-15
-15
-15
-15
-16
-15
-15
-17
-17
-19
-20
-20
-18
-15
-12
-6
-3
-4
-6
-7
-10
-11
-8
-8
-4
-3
-2
0
2
3
3
4
5
6
6
8
14
16
19
21
21
21
21
22
24
24
24
24
23
24
23
23
21
18
18
21
22
22
23
24
25
24
23
24
22
19
17
15
17
19
19
20
20
20
19
19
18
19
20
20
19
19
18
16
14
13
13
13
11
13
13
14
14
14
13
10
7
6
5
3
1
1
-3
-4
-5
-7
-8
-9
-9
-9
-7
-10
-12
-14
-17
-16
-18
-18
-17
-15
-13
-15
-17
-19
-20
-22
-21
-20
-20
-19
-19
-18
-18
-17
-19
-18
-16
-17
-15
-13
-14
-13
-13
-15
-13
-12
-11
-13
-13
-13
-14
-12
-11
-12
-11
-11
-12
-12
-10
-9
-9
-7
-7
-7
-7
-7
-9
-8
-9
-11
-10
-8
-8
-6
-5
-4
-5
-2
-2
-4
-5
-4
-2
-3
-3
-2
-5
-8
-7
-5
-2
-1
1
1
1
-2
-3
-2
0
-1
0
1
2
2
3
5
4
6
7
7
8
11
10
12
12
11
13
12
8
10
10
11
13
14
13
13
12
11
11
11
14
18
20
21
20
18
17
15
14
14
15
15
17
19
21
23
19
19
19
17
17
16
15
16
15
16
13
13
14
14
11
15
14
13
13
10
9
8
8
5
7
7
7
7
3
3
-1
-3
-6
-6
-9
-9
-9
-9
-9
-7
-8
-9
-10
-13
-14
-17
-17
-19
-20
-16
-16
-15
-13
-15
-14
-16
-21
-20
-20
-20
-20
-18
-18
-16
-15
-14
-13
-12
-15
-15
-17
-16
-15
-15
-14
-12
-11
-11
-11
-10
-7
-7
-6
-7
-10
-11
-12
-13
-11
-10
-7
-5
-5
-2
0
-1
-1
-2
0
0
0
2
3
2
3
2
2
2
2
3
4
3
2
2
1
0
-2
-1
1
4
2
4
1
-2
-4
-4
-4
-5
-2
-2
-2
-2
-2
-1
-1
-2
-1
0
-2
-2
-1
0
0
1
3
4
3
5
4
5
7
9
12
17
18
17
17
15
15
15
17
19
21
20
25
25
25
26
26
24
24
23
23
22
22
23
22
21
20
19
15
14
10
11
9
8
8
6
3
2
0
2
2
3
2
3
1
-3
-5
-9
-10
-12
-12
-10
-10
-9
-9
-8
-10
-12
-11
-12
-11
-10
-8
-9
-10
-10
-14
-14
-14
-12
-12
-11
-11
-11
-10
-10
-8
-7
-7
-8
-10
-11
-12
-15
-17
-17
-17
-18
-19
-17
-16
-13
-11
-11
-9
-9
-10
-11
-13
-12
-14
-11
-10
-10
-8
-7
-7
-5
-4
-5
-6
-5
-5
-5
-3
0
1
1
3
1
4
1
1
2
3
3
4
7
3
2
0
-1
-1
0
1
1
1
0
-1
-3
-3
-2
-1
-2
0
1
0
1
1
1
4
1
2
2
1
5
9
9
10
11
11
11
11
12
12
14
16
17
17
17
20
20
18
19
18
19
18
17
17
18
18
19
20
17
17
15
12
11
12
11
11
11
9
7
8
8
9
8
7
7
4
4
4
2
4
5
4
5
5
2
0
-2
-4
-3
-2
-3
-3
-3
-4
-5
-5
-4
-6
-4
-5
-6
-8
-10
-13
-14
-14
-14
-15
-15
-17
-18
-19
-19
-20
-22
-22
-24
-23
-23
-23
-23
-23
-23
-21
-22
-23
-22
-23
-20
-20
-19
-17
-16
-15
-13
-13
-13
-10
-10
-7
-7
-6
-6
-8
-5
-2
-2
1
3
3
4
5
5
5
5
6
8
8
8
10
9
8
7
6
5
3
1
1
3
3
5
7
9
10
11
10
10
8
6
6
5
7
7
6
6
8
8
8
8
9
9
9
11
11
10
10
8
8
8
11
13
13
14
15
14
13
10
8
6
6
6
6
8
6
6
7
7
7
5
6
5
5
5
4
6
7
5
4
4
1
2
4
6
5
5
2
-1
-1
-1
-1
-1
0
0
0
-1
-2
-3
-3
-2
-2
-3
-3
-5
-5
-5
-4
-3
-4
-5
-7
-6
-6
-6
-4
-2
-2
-3
-4
-5
-6
-5
-5
-4
-4
-3
-5
-6
-7
-5
-5
-3
-3
-4
-4
-4
-5
-4
-2
-2
-1
-2
-5
-7
-9
-10
-11
-12
-8
-7
-5
-3
-5
-7
-10
-11
-10
-11
-12
-12
-13
-12
-11
-9
-7
-5
-4
-5
-6
-5
-7
-8
-8
-9
-9
-8
-8
-5
-3
0
3
4
5
7
6
6
6
6
8
8
6
7
7
8
9
10
11
10
9
9
9
9
10
10
9
10
9
8
8
8
7
8
7
3
4
3
2
4
4
4
4
2
2
1
2
3
5
6
5
3
2
1
0
2
2
2
2
2
2
4
6
5
5
5
5
6
7
6
8
7
5
4
2
2
2
3
3
4
5
4
2
1
-1
-2
-3
-3
-1
-2
-1
0
0
-2
-1
-3
-1
-2
-4
-5
-5
-6
-8
-7
-6
-6
-5
-3
-3
-5
-4
-3
-3
-5
-5
-5
-6
-6
-7
-6
-5
-5
-6
-5
-5
-6
-7
-9
-11
-11
-12
-13
-11
-9
-10
-11
-9
-10
-9
-8
-9
-10
-8
-7
-6
-5
-4
-4
-5
-6
-5
-6
-4
-3
-2
0
0
1
1
3
6
6
7
7
7
6
8
6
7
8
7
7
7
8
8
9
8
9
8
9
10
9
8
9
8
7
6
7
6
5
4
4
2
5
4
2
1
1
1
1
1
0
1
0
1
2
3
3
3
2
1
0
-1
0
0
2
3
6
7
8
8
9
8
5
4
4
4
4
5
6
7
7
7
5
4
2
2
3
3
4
4
4
3
0
1
-1
-1
-1
-2
-2
-4
-3
-3
-4
-3
-2
-4
-6
-6
-9
-9
-11
-10
-11
-13
-15
-15
-16
-13
-11
-11
-10
-11
-12
-14
-15
-14
-14
-14
-13
-13
-10
-9
-11
-11
-12
-15
-14
-12
-11
-10
-7
-7
-7
-7
-5
-2
-3
-3
-2
-3
-3
-3
-2
-2
-2
-1
-1
3
3
4
5
7
6
8
7
7
9
8
11
11
10
11
10
10
11
11
12
10
12
11
12
14
15
18
19
20
20
18
18
18
17
15
16
16
14
15
15
16
14
15
15
14
14
11
11
10
6
5
5
3
3
3
5
3
3
2
0
-1
-2
-2
-2
-2
-2
-2
0
-1
-2
-3
-5
-7
-7
-4
-4
-5
-7
-8
-10
-9
-9
-10
-10
-11
-12
-12
-14
-14
-14
-15
-15
-14
-14
-14
-12
-13
-12
-13
-14
-14
-15
-16
-15
-13
-14
-13
-11
-12
-11
-10
-11
-9
-10
-8
-9
-10
-9
-9
-9
-8
-7
-5
-3
-3
-3
-2
-1
-3
-2
-1
0
0
3
6
6
5
5
2
1
1
2
3
4
4
6
5
5
6
5
3
4
3
1
1
0
1
2
2
3
0
0
1
1
4
8
8
8
7
6
3
3
4
4
5
7
7
8
9
7
8
10
8
10
10
9
10
10
10
10
11
12
13
12
12
12
10
9
11
7
6
6
5
5
5
7
8
9
11
10
8
8
5
3
3
1
1
2
4
4
6
5
4
3
3
2
1
1
0
-1
-1
-1
-1
-1
-2
-2
-3
-6
-6
-8
-9
-10
-11
-12
-15
-17
-17
-15
-15
-16
-14
-14
-15
-17
-17
-20
-20
-19
-20
-19
-19
-17
-17
-15
-14
-14
-14
-12
-13
-11
-11
-9
-10
-8
-8
-7
-7
-4
-2
-1
1
2
2
2
1
0
-3
-3
-1
0
2
2
2
2
3
4
3
4
4
4
3
2
1
3
2
2
3
5
4
8
10
10
10
9
8
8
8
9
8
10
13
12
16
16
16
16
14
15
14
15
17
16
18
18
18
18
16
14
14
14
11
13
13
12
9
7
7
6
4
5
3
2
2
-1
-2
-3
-4
-5
-5
-3
-4
-6
-4
-4
-4
-4
-7
-7
-8
-8
-8
-7
-8
-7
-5
-5
-4
-4
-4
-4
-5
-4
-3
-2
-1
-2
-1
-1
-2
-4
-2
-2
-2
-2
-1
0
-1
-1
0
0
0
0
0
-1
-2
-4
-7
-6
-6
-4
-4
-4
-5
-7
-6
-7
-8
-7
-9
-10
-12
-13
-14
-12
-9
-8
-8
-7
-9
-10
-9
-10
-9
-8
-9
-9
-8
-8
-8
-6
-6
-5
-6
-5
-6
-9
-7
-7
-7
-6
-5
-3
-2
-2
-2
-2
-3
-5
-4
-5
-6
-5
-5
-5
-4
-2
-2
-1
1
0
1
2
2
1
2
2
2
2
3
3
2
3
5
5
4
3
5
4
4
3
5
5
6
5
5
6
5
6
8
10
10
12
10
10
9
11
10
10
10
10
10
11
13
14
15
16
15
16
14
14
16
18
17
19
19
19
19
20
20
19
18
17
17
15
15
14
15
13
13
13
13
11
10
10
9
8
8
7
7
7
5
2
1
1
-2
-3
-3
-4
-4
-4
-4
-3
-3
-4
-6
-8
-8
-9
-9
-7
-8
-9
-10
-10
-10
-12
-11
-12
-12
-13
-13
-13
-15
-16
-16
-17
-19
-17
-18
-17
-15
-16
-16
-18
-19
-20
-23
-24
-25
-25
-25
-26
-25
-26
-26
-27
-27
-26
-26
-27
-27
-26
-27
-26
-26
-23
-20
-18
-15
-14
-15
-14
-16
-16
-14
-14
-13
-13
-12
-9
-6
-3
1
3
5
7
8
9
9
10
10
14
14
16
18
18
19
19
22
21
23
25
25
27
27
26
25
26
25
25
25
25
25
26
26
26
25
24
23
22
22
20
21
23
24
23
24
22
22
21
20
19
18
17
16
15
14
12
13
14
13
12
12
11
9
8
6
6
6
5
5
6
5
4
3
3
2
3
0
0
-2
-2
-3
-6
-7
-8
-7
-9
-8
-8
-11
-10
-11
-13
-13
-15
-16
-17
-19
-20
-20
-19
-17
-16
-15
-16
-18
-18
-18
-18
-19
-20
-19
-19
-18
-19
-18
-16
-15
-14
-12
-12
-13
-15
-15
-16
-17
-16
-16
-16
-15
-14
-13
-12
-9
-10
-8
-7
-9
-10
-8
-8
-10
-9
-9
-10
-11
-11
-12
-10
-8
-5
-4
-1
-1
-1
-2
-2
-3
-3
-3
-6
-6
-6
-5
-3
-1
2
4
5
4
3
2
2
2
2
4
4
6
7
8
8
10
11
10
13
14
12
12
12
10
11
13
14
15
17
18
16
15
15
15
15
17
17
17
16
17
16
17
15
15
16
14
15
17
17
17
16
16
14
14
14
14
13
14
14
13
11
11
9
7
8
8
8
8
8
7
8
9
10
9
8
7
5
4
2
1
1
-1
-1
0
0
-1
-2
-3
-5
-6
-6
-7
-7
-8
-9
-9
-9
-9
-9
-8
-9
-10
-10
-11
-11
-13
-12
-13
-14
-14
-13
-14
-14
-14
-14
-14
-16
-15
-15
-14
-14
-14
-12
-12
-12
-13
-14
-15
-15
-14
-13
-12
-11
-12
-12
-12
-12
-11
-11
-13
-14
-15
-16
-15
-15
-15
-12
-13
-11
-9
-8
-7
-6
-6
-7
-6
-9
-8
-9
-8
-6
-3
-1
2
3
3
2
3
4
3
3
4
4
3
5
3
5
6
8
11
13
14
11
11
9
7
7
8
11
10
11
11
11
11
12
13
14
16
17
16
16
14
14
15
16
16
16
17
16
14
14
12
11
12
11
11
11
12
12
12
12
10
10
7
6
5
4
4
4
2
1
0
0
1
1
0
-1
-1
-2
-4
-6
-6
-6
-6
-4
-1
2
1
1
0
-1
-1
-3
-3
-3
-4
-5
-2
0
0
1
5
4
5
6
5
2
4
5
2
1
0
-2
-2
-3
-2
1
2
0
1
-1
-2
-2
-5
-5
-6
-7
-8
-9
-11
-10
-11
-11
-9
-8
-7
-8
-10
-10
-15
-16
-16
-16
-16
-17
-16
-16
-16
-15
-14
-15
-15
-15
-14
-13
-13
-12
-12
-11
-11
-13
-12
-13
-13
-10
-9
-9
-7
-6
-7
-6
-8
-6
-6
-5
-4
-4
-4
-3
-2
1
2
3
4
5
5
5
3
3
4
3
4
4
2
2
4
5
7
8
11
12
14
15
16
15
15
16
15
15
14
14
14
14
14
13
13
12
12
13
13
12
12
12
12
8
9
7
5
6
6
6
7
8
8
9
10
9
9
9
9
9
6
6
5
3
4
4
6
7
7
7
7
8
5
3
4
4
3
3
3
2
2
2
3
1
4
5
5
4
6
5
3
2
0
-2
-3
-4
-4
-4
-2
-2
-3
-3
-4
-5
-6
-7
-7
-7
-7
-7
-8
-8
-8
-10
-11
-9
-9
-10
-9
-10
-11
-12
-13
-13
-14
-15
-16
-17
-18
-18
-19
-20
-19
-16
-15
-14
-13
-12
-14
-15
-14
-16
-16
-15
-16
-16
-13
-13
-12
-11
-9
-7
-5
-5
-5
-6
-4
-5
-5
-5
-2
-2
-1
2
3
4
5
6
6
8
6
7
7
5
8
9
9
10
12
11
11
11
12
12
12
12
13
13
12
11
11
12
11
11
12
13
11
11
11
10
11
12
10
11
9
8
5
5
6
5
6
7
6
5
5
3
2
3
3
1
1
2
1
2
2
1
2
3
2
2
1
0
-1
-2
-1
-1
2
3
3
5
5
2
0
0
0
-1
0
1
0
1
1
-1
-1
-2
-2
-2
0
0
0
0
0
0
0
0
1
2
3
2
2
-1
-2
-2
-3
-2
-1
-1
-3
-4
-5
-3
-4
-5
-6
-6
-7
-8
-7
-9
-9
-9
-9
-9
-10
-10
-9
-9
-10
-8
-8
-9
-8
-7
-7
-6
-5
-5
-6
-5
-5
-5
-5
-4
-3
-2
-1
0
1
2
3
1
1
1
1
1
0
0
-1
-1
0
1
1
1
1
1
0
1
1
1
1
1
2
1
2
2
2
3
3
3
4
3
3
2
3
3
4
6
5
6
5
6
6
5
6
7
7
7
8
7
7
7
7
8
8
8
9
8
6
4
4
3
2
2
1
2
2
2
3
2
1
2
1
-1
-1
-3
-1
-2
-4
-4
-4
-5
-3
-2
-1
-1
-2
-1
-4
-4
-5
-4
-6
-5
-4
-3
-4
-5
-5
-7
-6
-5
-4
-4
-5
-5
-6
-5
-5
-5
-6
-6
-6
-9
-9
-10
-10
-11
-9
-8
-8
-7
-6
-6
-8
-9
-10
-11
-11
-13
-10
-10
-8
-7
-7
-5
-5
-4
-3
-4
-5
-5
-3
-3
-1
-2
-1
-1
-1
1
3
5
6
4
5
5
5
5
6
7
8
8
9
9
10
10
10
10
11
11
11
11
11
11
14
14
13
13
12
11
11
10
9
10
11
11
11
12
10
10
11
11
10
10
9
6
4
4
2
2
3
5
5
7
6
7
7
5
3
2
2
0
4
3
2
4
3
3
4
5
3
3
3
2
2
1
-1
-2
-2
-2
-1
-1
-1
-2
-4
-4
-5
-5
-3
-3
-2
-4
-5
-4
-5
-6
-7
-10
-10
-11
-11
-10
-10
-11
-10
-9
-8
-8
-9
-9
-11
-11
-12
-13
-13
-13
-13
-14
-15
-16
-14
-14
-12
-10
-9
-9
-8
-8
-9
-9
-10
-10
-9
-8
-6
-6
-5
-6
-4
-4
-2
-1
0
1
1
-1
-1
-1
-4
-3
-1
0
0
4
4
3
4
5
4
2
4
3
3
4
3
4
4
3
3
4
5
6
5
8
5
5
7
6
6
7
8
8
8
8
9
8
6
7
5
6
5
5
4
5
6
6
6
5
4
4
5
4
6
4
5
4
4
3
3
2
1
2
3
2
1
0
-1
-2
-1
-1
0
0
0
0
0
0
0
2
1
1
