SAMPLES:	23032
BITSPERSAMPLE:	16
CHANNELS:	1
SAMPLERATE:	16000
NORMALIZED:	FALSE
15
13
11
12
11
10
8
7
8
6
6
5
5
3
1
1
-1
-2
-3
-5
-6
-7
-9
-9
-11
-11
-12
-12
-14
-16
-17
-18
-20
-22
-22
-22
-23
-22
-22
-21
-22
-23
-24
-25
-26
-26
-27
-28
-28
-29
-28
-27
-27
-26
-27
-27
-27
-26
-25
-24
-23
-23
-22
-20
-19
-18
-17
-17
-16
-15
-15
-14
-13
-11
-9
-8
-7
-6
-4
-3
-3
-1
-1
0
1
2
3
3
5
6
6
9
10
10
12
11
12
12
11
11
11
11
12
13
15
15
16
17
16
16
17
16
15
14
15
14
15
17
19
19
18
20
18
16
16
15
15
15
15
16
16
15
16
15
14
13
12
12
11
10
10
12
12
11
11
12
11
11
10
7
7
8
7
7
7
6
6
8
7
7
7
6
3
1
1
0
0
-1
1
0
-2
-1
-1
-1
-2
-2
-2
-2
-4
-4
-6
-6
-6
-7
-7
-8
-8
-9
-9
-9
-11
-10
-11
-10
-10
-12
-11
-12
-11
-13
-13
-13
-14
-14
-14
-14
-14
-11
-12
-13
-14
-12
-11
-11
-9
-7
-8
-7
-6
-7
-7
-7
-7
-7
-6
-5
-6
-5
-6
-5
-6
-5
-6
-7
-6
-6
-7
-5
-5
-5
-6
-5
-6
-7
-7
-7
-8
-7
-7
-7
-7
-8
-7
-8
-6
-7
-6
-4
-5
-6
-5
-5
-7
-5
-5
-5
-2
-1
-2
-2
-2
0
-1
1
2
3
4
4
4
5
5
4
6
6
8
10
11
11
10
10
11
11
12
14
12
12
13
13
13
13
14
13
14
14
14
14
14
14
13
14
16
15
15
15
14
14
13
11
12
13
12
13
12
12
13
13
13
12
11
11
9
9
9
8
9
10
9
8
7
7
6
6
8
6
4
4
1
0
0
-1
-1
-3
-3
-4
-6
-9
-11
-9
-11
-12
-12
-14
-16
-16
-15
-15
-15
-13
-15
-16
-19
-19
-20
-20
-20
-20
-20
-20
-21
-21
-21
-22
-20
-19
-19
-19
-21
-19
-19
-17
-16
-14
-14
-14
-13
-14
-14
-14
-12
-11
-11
-10
-7
-7
-7
-6
-3
-4
-4
-2
-2
0
2
2
2
2
2
5
6
6
9
10
11
11
12
12
13
13
14
15
15
17
18
18
19
20
20
19
20
20
18
19
19
19
21
20
21
22
23
22
21
21
19
19
19
17
18
17
15
15
14
14
14
12
10
10
9
8
8
8
6
5
3
1
1
-1
-1
0
-1
-2
-2
-4
-4
-4
-5
-6
-6
-7
-6
-8
-8
-8
-9
-11
-10
-10
-11
-12
-13
-15
-16
-16
-14
-14
-15
-15
-14
-15
-16
-16
-16
-16
-17
-16
-17
-19
-20
-18
-19
-18
-18
-18
-18
-20
-20
-19
-18
-17
-17
-16
-16
-18
-17
-18
-16
-16
-14
-15
-15
-14
-12
-12
-11
-10
-9
-8
-8
-6
-6
-4
-3
-2
-1
-1
0
-1
1
2
2
5
7
7
7
7
7
7
8
8
10
11
11
13
12
13
13
13
13
14
14
15
16
17
17
20
19
18
20
19
19
20
20
20
21
21
21
20
20
20
19
20
21
22
21
22
20
20
21
19
18
19
19
19
20
19
19
18
17
15
14
13
13
12
11
10
10
8
8
6
5
3
1
0
-2
-3
-2
-2
-4
-4
-5
-6
-6
-7
-7
-8
-9
-10
-11
-12
-11
-12
-12
-13
-14
-15
-15
-15
-16
-17
-18
-18
-17
-20
-19
-20
-21
-21
-21
-20
-21
-21
-22
-23
-23
-24
-22
-22
-23
-21
-23
-22
-22
-23
-22
-22
-23
-20
-20
-19
-18
-19
-19
-19
-19
-17
-16
-15
-14
-14
-12
-11
-10
-9
-7
-7
-8
-7
-6
-4
-2
1
2
2
2
2
2
4
5
5
7
7
8
8
7
7
7
9
10
10
12
12
13
12
12
14
14
14
13
15
15
14
16
16
15
17
17
18
18
19
20
19
21
21
20
21
22
23
22
22
23
23
24
23
24
24
26
24
25
24
22
22
22
21
20
18
18
18
16
16
15
13
13
11
10
8
6
6
5
3
1
2
-1
-2
-3
-5
-7
-8
-8
-11
-11
-13
-14
-15
-16
-16
-17
-17
-18
-20
-20
-20
-21
-22
-21
-21
-22
-23
-23
-23
-23
-23
-22
-21
-21
-22
-21
-22
-22
-21
-20
-20
-19
-18
-18
-17
-16
-14
-13
-13
-13
-14
-13
-12
-11
-11
-10
-10
-10
-10
-9
-10
-9
-9
-9
-10
-10
-10
-9
-8
-7
-8
-8
-7
-6
-6
-6
-5
-6
-3
-2
-3
1
0
1
2
3
4
5
6
5
6
7
8
8
11
13
15
15
16
16
16
15
15
18
19
19
21
19
19
20
20
20
21
21
21
20
19
20
19
19
19
19
18
17
16
14
15
15
14
15
16
14
14
13
12
12
13
12
11
12
10
11
10
9
8
8
7
5
6
7
5
3
5
5
3
3
1
1
1
2
2
1
1
-1
-2
-4
-5
-6
-5
-6
-8
-8
-10
-11
-11
-12
-13
-12
-13
-13
-13
-13
-13
-14
-15
-15
-16
-18
-16
-16
-16
-15
-16
-15
-15
-15
-15
-14
-14
-13
-13
-12
-13
-13
-12
-11
-10
-10
-9
-10
-9
-9
-8
-9
-8
-8
-6
-6
-8
-7
-8
-8
-8
-8
-7
-7
-7
-6
-7
-6
-7
-6
-5
-5
-6
-5
-6
-6
-6
-4
-3
-3
-2
-2
-2
-2
-2
-3
-1
0
0
0
2
1
1
2
2
2
3
4
2
3
3
3
3
3
3
4
4
4
6
8
8
9
9
9
7
7
7
8
8
10
9
9
10
9
10
8
8
9
10
12
12
11
13
13
14
15
16
15
15
15
15
13
15
15
15
17
17
16
14
13
12
13
13
14
15
14
14
12
11
13
12
11
12
12
10
11
8
8
6
7
6
3
2
2
0
-2
-1
-2
-3
-3
-4
-5
-7
-9
-9
-10
-10
-11
-11
-11
-12
-12
-14
-14
-15
-15
-17
-17
-18
-19
-18
-20
-19
-19
-19
-18
-18
-18
-18
-19
-19
-19
-19
-18
-17
-20
-16
-18
-18
-15
-16
-17
-15
-17
-20
-14
-17
-14
-11
-13
-11
-11
-11
-9
-8
-5
-4
-4
-3
-3
-4
-1
-2
0
2
5
5
7
6
6
6
6
6
7
9
9
10
11
12
12
12
13
12
13
13
11
10
11
10
11
10
11
11
10
11
10
9
9
8
7
7
7
5
6
4
5
4
4
5
4
3
2
3
1
1
3
1
3
5
5
5
6
5
3
4
5
5
5
8
7
7
10
10
10
11
10
11
10
8
9
10
10
10
9
8
8
8
7
8
9
7
8
7
5
4
5
5
5
4
6
4
2
1
0
1
0
2
-1
-2
-3
-6
-6
-5
-7
-5
-5
-5
-6
-7
-8
-9
-8
-6
-6
-5
-5
-6
-6
-5
-5
-4
-4
-5
-7
-7
-8
-9
-9
-8
-6
-6
-4
-4
-6
-7
-8
-10
-11
-11
-12
-12
-11
-11
-12
-11
-10
-10
-9
-10
-13
-12
-14
-14
-13
-13
-13
-12
-12
-11
-9
-9
-9
-8
-10
-11
-12
-11
-11
-10
-9
-9
-8
-8
-6
-6
-7
-7
-6
-5
-5
-4
-4
-3
-2
-3
-3
-2
0
0
0
1
1
1
1
3
3
5
4
6
6
8
7
9
9
9
10
10
12
12
12
12
12
14
14
15
14
15
15
16
17
17
19
20
20
21
21
20
21
21
21
19
20
19
18
19
18
18
19
18
18
18
16
16
17
16
17
13
11
10
8
7
8
8
7
7
7
5
4
2
1
1
1
0
0
-2
-3
-6
-7
-7
-7
-8
-10
-11
-11
-11
-13
-13
-14
-14
-15
-17
-17
-18
-17
-16
-17
-17
-16
-18
-19
-21
-20
-21
-20
-20
-20
-17
-18
-18
-19
-18
-17
-18
-16
-15
-15
-16
-17
-17
-15
-15
-15
-14
-13
-13
-13
-11
-11
-11
-9
-9
-9
-9
-9
-9
-9
-8
-7
-5
-4
-5
-4
-4
-3
-2
1
0
1
0
-1
0
0
1
3
3
4
5
7
6
6
7
6
7
8
7
8
9
9
9
10
11
11
12
11
12
12
12
12
12
11
12
13
12
12
13
13
12
14
14
14
14
14
14
13
14
15
15
14
14
13
14
13
14
14
14
16
15
16
15
13
13
13
11
12
12
13
12
12
13
11
10
10
9
8
8
8
7
6
6
5
3
3
3
3
4
2
2
1
0
-2
-4
-6
-5
-5
-6
-7
-8
-7
-7
-7
-7
-7
-8
-9
-11
-11
-13
-13
-14
-14
-13
-13
-14
-12
-12
-14
-13
-16
-14
-16
-16
-17
-17
-19
-20
-19
-17
-18
-17
-17
-18
-17
-17
-19
-18
-16
-18
-18
-17
-16
-16
-15
-15
-15
-15
-13
-12
-13
-12
-10
-12
-12
-11
-11
-10
-9
-8
-9
-6
-5
-6
-3
-2
-2
-3
-2
-1
-1
0
0
2
3
5
5
7
7
7
7
7
9
7
8
9
8
8
10
10
14
15
16
15
15
14
13
14
16
14
15
14
16
16
18
20
19
19
19
19
18
17
17
17
17
17
17
18
19
18
17
17
16
15
14
13
12
11
10
11
12
12
11
11
10
9
8
7
6
5
4
2
2
1
2
2
1
1
-1
-1
-2
-2
-1
-3
-4
-5
-5
-7
-6
-6
-6
-7
-8
-9
-9
-9
-9
-11
-11
-11
-11
-10
-11
-11
-12
-12
-13
-13
-13
-12
-13
-12
-12
-12
-12
-13
-11
-11
-11
-12
-12
-12
-14
-13
-13
-12
-13
-11
-11
-8
-10
-7
-7
-8
-6
-7
-7
-7
-7
-8
-7
-5
-5
-4
-3
-4
-4
-4
-4
-3
-2
-1
-1
-3
-4
-3
-3
-2
-2
-1
-1
0
1
1
1
0
1
2
3
3
2
1
2
3
2
3
3
3
2
4
4
5
7
6
5
5
5
6
6
7
7
8
9
8
7
8
8
10
11
11
11
11
10
10
9
9
10
10
10
11
11
11
10
9
8
8
7
6
5
7
6
5
6
6
5
5
6
5
6
5
4
3
2
3
2
3
3
2
2
2
2
2
0
0
-2
-3
-3
-3
-3
-2
-1
-2
-1
-2
-4
-4
-5
-6
-6
-6
-7
-8
-8
-8
-7
-6
-6
-6
-7
-8
-8
-10
-9
-7
-9
-9
-8
-10
-9
-9
-8
-7
-6
-8
-8
-9
-9
-8
-8
-7
-8
-8
-8
-6
-7
-7
-5
-5
-4
-6
-4
-4
-3
-3
-3
-2
-3
-3
-3
-2
-2
-3
-3
-2
-1
-1
-1
-2
-1
-1
-1
0
1
2
3
3
3
4
4
3
6
6
6
7
7
6
7
7
7
6
7
7
8
10
10
10
11
10
8
9
9
9
10
10
9
9
10
10
9
8
10
10
10
10
8
7
6
5
6
7
7
8
9
7
6
6
4
5
6
5
6
5
4
5
2
1
2
1
1
2
2
1
-1
-2
-3
-4
-5
-6
-6
-7
-6
-6
-6
-6
-7
-9
-9
-12
-13
-13
-13
-12
-12
-11
-10
-10
-11
-9
-10
-11
-10
-11
-11
-10
-10
-11
-10
-11
-11
-10
-8
-7
-7
-7
-7
-6
-7
-5
-5
-5
-5
-3
-4
-4
-3
-3
-3
-2
-1
0
0
1
1
1
-1
0
1
2
2
3
3
3
3
3
5
4
6
5
4
4
5
4
4
5
5
5
4
6
6
5
5
5
5
6
6
6
5
5
5
6
5
7
7
7
8
7
6
5
5
6
8
6
7
6
5
5
4
4
6
4
4
6
5
3
4
3
2
2
3
1
2
3
2
3
3
3
2
3
2
2
2
1
3
2
2
1
0
0
-1
-2
-2
-2
-3
-3
-2
-3
-3
-3
-4
-5
-5
-6
-8
-8
-7
-8
-7
-7
-6
-4
-6
-4
-6
-7
-7
-7
-7
-8
-9
-9
-9
-9
-9
-6
-7
-8
-7
-7
-8
-8
-7
-8
-7
-7
-7
-7
-5
-5
-5
-2
-3
-2
-1
-3
-4
-4
-4
-4
-3
-1
-2
-1
-3
-2
-2
-2
-1
0
1
1
1
0
1
1
2
4
4
6
6
5
7
8
9
9
10
8
7
8
7
10
10
11
10
9
9
9
8
9
7
8
9
8
7
8
6
7
8
6
6
6
6
5
6
6
6
6
5
6
6
5
5
5
4
4
5
3
4
3
2
2
3
2
1
1
1
1
0
1
1
1
2
2
0
1
-1
-4
-3
-4
-5
-3
-4
-5
-4
-4
-6
-5
-8
-7
-6
-7
-5
-5
-6
-6
-7
-6
-5
-5
-5
-4
-5
-7
-7
-8
-8
-6
-6
-6
-5
-3
-4
-4
-4
-4
-4
-3
-3
-3
-4
-3
-4
-4
-4
-2
-2
-2
-1
-2
-2
-3
-5
-5
-4
-4
-4
-4
-5
-6
-9
-7
-9
-8
-7
-7
-7
-7
-7
-8
-6
-7
-8
-9
-9
-9
-9
-7
-7
-6
-6
-6
-6
-7
-5
-6
-6
-3
-2
-2
-1
1
0
3
4
4
4
5
5
6
6
6
7
7
8
9
10
12
12
13
14
15
15
16
15
14
15
15
16
16
19
18
17
18
17
18
17
16
17
16
16
14
14
14
14
14
14
14
13
14
13
11
9
9
8
8
7
5
3
3
1
2
1
2
2
1
-1
-3
-3
-3
-4
-5
-4
-5
-6
-7
-7
-9
-10
-11
-12
-11
-11
-10
-9
-9
-10
-9
-10
-10
-12
-11
-11
-11
-9
-9
-8
-7
-6
-8
-9
-9
-9
-10
-8
-8
-9
-8
-7
-9
-8
-9
-9
-10
-10
-10
-10
-9
-9
-8
-9
-9
-11
-10
-11
-12
-11
-10
-12
-11
-12
-12
-11
-11
-11
-10
-10
-11
-12
-11
-11
-11
-11
-10
-11
-8
-8
-9
-8
-6
-6
-7
-4
-5
-4
-3
-3
-2
-1
1
1
2
3
4
5
7
8
9
11
10
10
12
12
14
15
15
14
15
17
16
16
18
20
20
19
19
19
18
18
19
18
19
20
20
21
19
20
20
20
21
20
20
18
16
15
13
14
14
15
14
14
13
12
11
10
9
8
7
6
6
4
4
4
4
4
2
1
0
0
0
0
-1
-1
-1
-1
-3
-2
-1
-1
-2
-3
-3
-4
-6
-7
-7
-9
-7
-7
-9
-9
-9
-9
-9
-10
-10
-12
-13
-14
-14
-14
-14
-13
-14
-13
-14
-16
-15
-15
-16
-17
-17
-17
-19
-20
-22
-21
-21
-20
-18
-19
-19
-18
-19
-20
-19
-20
-20
-20
-19
-19
-18
-18
-17
-17
-16
-16
-15
-16
-15
-13
-13
-10
-11
-10
-10
-11
-11
-9
-8
-8
-5
-5
-4
-4
-3
-2
1
1
3
3
4
3
4
5
8
8
10
11
11
12
13
15
16
17
19
19
17
18
19
19
21
21
23
25
26
25
26
26
26
25
26
26
25
26
25
26
26
26
26
25
26
26
24
24
23
22
21
22
20
19
18
18
17
16
16
15
15
15
15
11
11
9
7
7
7
5
5
6
5
4
3
2
0
-2
-3
-4
-4
-4
-6
-6
-8
-9
-8
-9
-10
-11
-11
-12
-12
-13
-14
-14
-15
-14
-15
-16
-16
-18
-20
-20
-20
-19
-20
-21
-22
-22
-22
-22
-23
-21
-21
-23
-24
-25
-27
-25
-25
-25
-23
-23
-22
-22
-22
-23
-23
-24
-24
-24
-21
-21
-21
-19
-20
-20
-18
-20
-17
-16
-16
-15
-16
-16
-16
-14
-14
-11
-9
-7
-5
-6
-4
-5
-5
-2
-1
1
2
4
3
3
4
6
7
9
11
11
12
11
11
11
12
14
14
14
17
16
17
19
20
22
24
24
22
24
23
23
25
26
25
27
28
27
27
25
26
28
29
31
30
29
28
27
26
25
26
26
28
26
27
25
26
26
25
23
20
21
17
19
14
15
16
13
12
10
9
8
7
5
6
4
4
2
2
0
-2
-4
-5
-4
-4
-3
-5
-5
-10
-10
-11
-14
-12
-12
-13
-13
-13
-15
-17
-18
-17
-16
-16
-13
-14
-14
-16
-18
-20
-20
-20
-21
-22
-20
-21
-21
-20
-22
-21
-22
-22
-20
-20
-20
-19
-23
-25
-26
-28
-24
-23
-21
-22
-21
-26
-27
-27
-27
-26
-24
-25
-23
-21
-26
-25
-24
-20
-23
-23
-22
-22
-21
-20
-19
-19
-19
-18
-17
-13
-12
-9
-8
-9
-5
-4
-2
-3
-3
-2
0
0
-1
3
5
4
5
6
9
11
12
12
19
17
18
21
21
23
26
25
28
32
28
29
33
32
34
36
33
34
32
34
33
34
37
38
40
41
36
35
36
32
35
38
41
40
40
37
39
29
30
31
27
28
29
26
31
27
16
23
18
11
17
14
14
16
9
8
3
1
1
-1
3
-3
1
-3
-4
-8
-7
-15
-14
-13
-15
-9
-21
-16
-21
-26
-25
-27
-23
-22
-26
-22
-20
-25
-25
-25
-24
-31
-27
-31
-31
-30
-29
-31
-24
-24
-31
-19
-24
-28
-23
-24
-25
-24
-23
-26
-18
-25
-19
-19
-22
-20
-24
-22
-24
-25
-19
-21
-23
-24
-24
-18
-26
-22
-15
-22
-19
-17
-16
-15
-18
-14
-7
-10
-9
-6
-15
-7
-22
-11
-3
-12
-3
-4
-6
-3
-8
1
1
4
9
3
14
10
12
12
16
12
17
15
17
19
25
20
29
27
21
27
22
24
26
27
21
26
20
22
30
19
35
29
27
32
27
22
29
29
21
27
25
20
22
16
17
22
17
18
22
23
19
23
19
16
12
9
11
14
11
12
19
15
13
19
9
12
19
1
10
8
-4
8
-1
-3
4
-2
-3
4
3
-4
3
-11
-10
5
-9
-2
5
-1
-5
-4
-8
-7
-8
-8
-6
-13
-9
-8
-9
-22
-11
-22
-17
-22
-25
-20
-25
-18
-24
-22
-18
-25
-23
-22
-26
-12
-23
-20
-20
-29
-31
-18
-34
-16
-19
-29
-19
-29
-26
-19
-26
-24
-19
-29
-16
-26
-19
-21
-25
-14
-19
-18
-7
1
-10
-6
-5
-7
-13
-12
-5
-11
0
-19
9
-8
0
-6
0
1
8
6
6
13
16
13
2
30
-7
18
-3
9
17
24
-9
31
11
-5
24
0
21
14
10
14
23
2
31
5
27
27
25
25
30
21
21
18
4
31
6
25
22
24
9
22
19
2
24
2
17
11
21
12
31
21
19
23
16
17
29
6
25
24
-5
29
-11
21
7
10
7
9
5
5
3
-13
15
2
0
10
-2
13
2
-6
0
-1
1
-2
-9
4
1
-14
-13
-15
-18
-3
-14
-7
-9
-11
-30
-11
-14
-30
1
-13
-5
-19
-15
-22
-19
-19
-23
-3
-13
-20
-18
-11
-29
-33
-23
-35
-19
-24
-29
-21
-32
-16
-25
-28
-19
-13
-41
-1
-38
-5
-39
-10
-41
-18
-31
-28
0
-29
9
-16
-15
-19
-18
-41
9
-26
-8
3
-14
6
-20
1
-15
29
-24
26
3
3
9
11
17
-4
39
-20
27
3
21
18
32
12
38
8
21
14
17
41
1
55
15
45
7
43
-11
52
7
43
25
30
48
-3
52
7
33
24
42
18
24
30
29
31
12
23
45
-5
34
-4
37
10
5
41
0
28
0
28
1
14
5
2
21
-22
8
2
9
-5
3
8
-14
4
-10
-1
19
-29
5
-14
-12
-18
9
-3
-13
3
-17
-22
-13
-35
-7
-20
-18
-15
-10
-17
-19
-8
-41
-17
-17
-22
-16
-25
-18
-15
-38
-34
-7
-39
-5
-51
2
-46
0
-60
10
-39
-23
-22
-28
-21
-24
-18
-25
-6
-48
16
-41
-5
-31
-3
-35
6
-25
-7
-20
-2
-28
-2
-17
-18
9
-6
-24
20
-7
-32
40
-49
36
-17
8
-1
15
4
4
20
-32
44
-3
2
34
-8
31
-21
1
25
7
4
38
13
11
29
-19
25
4
4
48
5
29
39
-8
67
-9
37
24
11
29
21
20
32
26
12
39
20
13
46
0
31
29
10
35
4
35
15
35
24
11
54
-8
32
27
8
18
30
14
12
20
-11
34
20
-22
41
-6
2
1
-2
24
4
-6
12
-10
-1
5
-10
22
-26
26
-13
8
-21
6
-33
-6
-18
-32
15
-27
-19
-6
-23
-20
-9
-29
-5
-31
-24
-20
-36
-14
-33
-17
-27
-21
-41
-20
-26
-47
-24
-33
-26
-27
-11
-31
-30
-19
-56
-9
-35
-37
-6
-36
-23
-15
-30
-22
-25
-32
-3
-38
-28
-12
-35
-14
-18
-27
-17
-23
-15
-11
-11
-2
-13
-8
-12
-19
-2
-6
-2
-1
9
7
6
4
-2
9
-1
2
18
7
19
6
16
26
7
27
15
32
28
27
27
36
22
34
30
32
41
22
41
35
35
31
38
28
42
28
28
38
20
36
19
41
29
30
29
11
39
20
13
22
26
17
16
16
13
10
5
7
12
2
5
-5
15
-2
-5
5
5
1
3
-1
4
-2
-1
-1
-5
-2
-1
-15
-9
-1
-20
-6
-4
-13
-5
-5
-15
-17
-12
-16
-20
-11
-13
-5
-14
-11
-8
-20
-13
-23
-16
-11
-10
-18
-16
-17
-20
-16
-17
-21
-17
-13
-23
-22
-14
-22
-12
-20
-21
-13
-22
-25
-12
-22
-14
-21
-13
-8
-23
-10
-12
-17
-12
-15
-9
-11
-16
-16
-14
-13
-15
-9
-9
-6
-6
-4
-1
-11
-1
-3
0
1
4
3
4
-3
9
2
-3
13
3
10
5
6
2
8
-3
14
19
19
19
18
14
15
17
16
26
19
21
19
23
19
26
22
28
19
21
24
16
24
18
22
18
23
22
26
24
19
19
23
22
21
23
22
11
15
10
9
11
15
13
11
14
6
5
4
1
0
1
-6
-2
-2
-8
-6
-4
-10
-13
-3
-12
-12
-8
-18
-15
-17
-21
-8
-21
-17
-16
-21
-20
-17
-16
-20
-17
-16
-18
-19
-16
-19
-21
-19
-18
-17
-17
-12
-20
-16
-18
-17
-17
-16
-16
-12
-18
-14
-11
-15
-12
-12
-15
-9
-15
-12
-10
-17
-12
-14
-10
-14
-2
-13
-6
-10
-12
-5
-7
-5
1
5
-4
3
-5
-7
1
-4
2
2
6
1
1
6
1
8
5
-1
3
-2
0
4
10
5
7
7
3
3
7
7
9
5
3
5
1
6
6
5
10
12
9
10
13
9
6
10
8
10
13
11
14
13
13
13
15
19
16
19
19
19
19
26
23
26
29
22
26
24
24
27
30
33
32
36
33
32
28
28
30
24
27
26
24
23
20
17
21
19
17
17
14
11
9
6
5
7
4
2
5
2
-2
0
-4
-6
-5
-4
-9
-5
-7
-11
-12
-13
-14
-17
-14
-20
-17
-19
-19
-18
-20
-18
-16
-23
-24
-24
-29
-32
-28
-31
-32
-35
-34
-36
-41
-39
-40
-39
-43
-41
-37
-37
-39
-38
-37
-37
-37
-35
-37
-31
-31
-33
-27
-32
-29
-34
-22
-22
-28
-22
-22
-31
-19
-22
-19
-11
-22
-10
-15
-11
-2
-4
-4
3
-3
2
3
6
5
7
7
8
10
16
15
15
17
13
17
19
21
23
26
21
18
21
22
22
24
24
24
25
21
28
27
36
44
39
16
14
40
24
71
37
61
50
60
130
59
36
-13
-11
2
25
-35
-5
-67
-57
-61
-102
-40
-81
-43
-54
-69
-35
-86
-39
-8
-23
11
-3
16
48
120
73
124
168
75
189
131
109
141
61
119
119
47
94
15
33
54
48
87
17
56
38
9
22
-19
21
42
-29
33
-48
38
-9
-28
-44
-46
-53
-84
-101
-109
-72
-104
-98
-124
-76
-82
-99
-66
-85
-50
-26
-73
-85
-105
-94
-45
-146
-40
-47
-126
-23
-138
-87
-8
-85
-2
-109
-67
-12
-96
14
-20
-25
53
-31
26
24
31
22
-8
36
45
20
23
17
-8
19
-30
-40
-33
-47
-8
-54
-33
-18
-34
-9
-23
-33
0
-7
19
-12
-35
7
-31
7
3
-47
10
-29
-20
26
-22
45
28
24
54
50
72
58
61
57
65
56
86
64
117
68
77
77
75
81
103
71
37
48
43
38
48
54
68
82
62
98
98
111
112
88
85
84
85
78
73
57
38
28
23
26
24
-16
1
-16
21
-8
1
-1
-59
-10
-75
-47
-37
-73
-38
-81
-84
-59
-68
-70
-56
-93
-40
-46
-68
-40
-54
-43
-30
-29
-12
9
39
38
41
58
60
83
75
82
90
72
82
82
86
69
48
37
23
23
11
13
-4
-8
-23
-38
-34
-47
-73
-78
-90
-115
-118
-127
-152
-174
-183
-202
-196
-236
-254
-239
-262
-256
-273
-304
-246
-226
-233
-195
-199
-185
-146
-131
-86
-56
-47
-6
37
49
87
100
130
205
221
225
246
273
312
340
322
345
371
350
376
349
344
347
302
272
250
223
190
139
95
34
-18
-61
-129
-187
-209
-290
-326
-349
-398
-392
-430
-445
-428
-437
-405
-425
-422
-365
-362
-340
-313
-276
-231
-191
-199
-84
-62
16
106
136
245
301
332
402
443
498
532
568
625
640
693
706
720
719
700
708
689
651
617
576
490
413
324
217
122
45
-43
-144
-215
-269
-374
-433
-472
-538
-567
-588
-614
-634
-641
-649
-679
-676
-662
-639
-606
-584
-531
-542
-492
-465
-483
-446
-396
-365
-265
-188
-89
2
74
225
307
340
411
494
572
668
714
795
848
890
919
901
937
942
914
892
806
774
685
538
409
234
101
-36
-165
-314
-484
-617
-730
-838
-962
-1014
-1045
-1095
-1095
-1123
-1123
-1084
-1099
-1065
-1033
-968
-921
-851
-793
-751
-676
-593
-557
-510
-473
-442
-388
-352
-295
-240
-20
151
160
317
499
540
615
745
893
1039
1194
1350
1449
1582
1677
1685
1653
1648
1725
1719
1637
1535
1396
1188
998
732
411
184
-12
-227
-477
-657
-800
-959
-1076
-1219
-1324
-1253
-1208
-1224
-1232
-1206
-1169
-1181
-1172
-1176
-1106
-957
-796
-742
-679
-538
-551
-644
-629
-598
-579
-476
-414
-377
-134
209
241
334
699
856
817
922
1135
1315
1562
1829
1934
2019
2162
2228
2147
2080
2141
2153
2002
1870
1719
1402
1045
675
196
-187
-414
-707
-1092
-1386
-1582
-1825
-2006
-2131
-2251
-2180
-2053
-2123
-2047
-1957
-1868
-1850
-1915
-1810
-1647
-1414
-1150
-1050
-1025
-891
-816
-934
-959
-810
-842
-822
-698
-713
-479
82
376
352
692
1094
1124
1053
1345
1634
1907
2384
2633
2747
2914
3018
2941
2771
2683
2780
2636
2335
2099
1704
1148
568
-1
-697
-1191
-1442
-1825
-2168
-2336
-2657
-2962
-3056
-3129
-3123
-2962
-2718
-2435
-2217
-2014
-1971
-2022
-1962
-1773
-1500
-1176
-899
-660
-429
-352
-501
-657
-631
-519
-618
-508
-299
-210
376
1103
1261
1418
2091
2358
2176
2277
2714
3094
3450
3848
4051
4139
4255
4170
3847
3591
3532
3462
3159
2776
2288
1649
742
-90
-884
-1575
-1903
-2141
-2586
-2926
-3056
-3298
-3496
-3482
-3258
-3070
-2720
-2191
-2004
-2075
-2109
-2116
-2040
-1868
-1660
-1354
-927
-604
-447
-420
-600
-795
-782
-915
-1024
-976
-863
-728
-678
-319
556
1090
1413
1845
2168
2384
2350
2470
3020
3632
4002
4321
4342
4264
4039
3591
3056
2702
2686
2359
1854
1403
701
-199
-1140
-2064
-2869
-3242
-3343
-3553
-3742
-3738
-3761
-3780
-3598
-3260
-2660
-1892
-1216
-617
-340
-350
-491
-660
-799
-847
-771
-641
-459
-780
-1070
-1397
-1974
-2154
-2185
-2303
-2212
-1843
-1660
-1558
-1459
-947
323
1565
2248
3069
4103
4308
3952
3991
4455
4767
5012
5038
4604
3807
3141
2201
859
113
131
-172
-652
-898
-1540
-2573
-3389
-4040
-4585
-4291
-3478
-2855
-2758
-2256
-1727
-1487
-982
-175
566
1646
2392
2185
1643
1140
193
-957
-1736
-2335
-2555
-2499
-2489
-2710
-2812
-2769
-2678
-2686
-2256
-1710
-1327
-792
-306
-35
226
1027
2833
5438
7275
7979
8358
7832
6058
4146
3260
3075
2645
1890
804
-1119
-3398
-4712
-5412
-5639
-4185
-1828
-610
239
1051
884
207
45
160
361
1052
1520
996
-86
-954
-1830
-2428
-2199
-1799
-1204
-212
163
-299
-919
-2037
-3355
-4052
-4263
-3967
-3181
-2012
-1181
-998
-824
-581
-868
-650
403
856
1037
1867
2180
1271
881
2275
4387
5614
6093
6071
4931
2862
765
-580
-362
613
1142
976
-322
-2070
-2974
-3265
-3198
-1670
795
2103
2371
2334
1201
-367
-1103
-1690
-2314
-2120
-1769
-2337
-3212
-3404
-3095
-2337
-743
1087
2420
3576
3833
2638
1008
-816
-2767
-4229
-5204
-5726
-5506
-4789
-3935
-2955
-1740
-591
57
638
1273
1334
1314
1772
2251
1940
1425
2174
4659
6739
6658
5623
4365
2281
-619
-2126
-1375
-1
695
922
-395
-3036
-4137
-3178
-2168
-524
2698
4779
4466
3755
2737
606
-748
-828
-1449
-2014
-1695
-1965
-3289
-3771
-2884
-1587
124
2413
3720
3986
3996
2689
211
-1982
-3803
-5560
-6751
-6893
-6193
-4624
-2545
-415
1322
2361
2801
2660
2177
1674
1118
629
515
74
-1282
-1742
534
4026
5492
5084
4233
2860
551
-1157
-748
1167
2635
2784
1458
-1534
-4051
-3829
-2418
-1067
1356
4028
4539
3308
2102
471
-1039
-1584
-1890
-2442
-2656
-2671
-3143
-3553
-2853
-895
1400
3670
5001
5144
4275
2492
62
-2549
-5001
-6619
-7366
-7592
-6896
-4746
-1837
949
3028
4272
4431
3582
2389
1174
-172
-1173
-1429
-1912
-2830
-3818
-3303
64
4342
6167
6119
5739
4556
2085
104
541
1998
2277
1316
-780
-4007
-5863
-4776
-2899
-1002
2071
4665
4762
3609
2546
1068
-417
-1168
-2044
-3157
-3596
-3601
-3961
-3810
-2200
521
3253
5247
5890
5300
3738
1094
-1780
-4162
-5999
-7218
-7689
-7088
-5546
-3268
-144
2709
4213
4808
4549
3052
1197
-239
-1669
-2927
-3438
-3332
-3688
-3877
-1552
3500
7388
7903
7231
6278
4231
1511
238
1045
1822
1041
-581
-3344
-6344
-6577
-3874
-991
1824
5245
7269
6594
4930
3455
1597
-378
-1779
-2899
-4059
-4409
-4184
-3968
-3106
-800
2573
5190
6139
6220
5386
2917
-451
-3430
-5702
-7374
-8225
-7758
-6337
-4560
-1738
1476
3416
4033
4443
3708
1602
-244
-1759
-3675
-4694
-4353
-4087
-4146
-3182
322
5296
8205
8037
6737
5139
2952
627
-111
875
1155
-101
-2143
-4949
-6902
-5508
-1891
1355
4392
7205
7587
5768
3987
2321
82
-1922
-3429
-5019
-5932
-5591
-4978
-4151
-2125
866
3588
5622
7043
6968
4878
1957
-1355
-5089
-7812
-8952
-8784
-7583
-5877
-3464
-563
1706
3277
4248
4138
3265
2081
293
-1841
-3667
-4562
-4764
-4462
-3994
-3085
-261
4929
9135
9728
8524
7401
5450
2247
404
1089
1470
-337
-2392
-4513
-6648
-6270
-2567
1431
4527
7406
8708
7379
5070
3249
981
-1924
-4316
-5544
-6356
-6510
-5496
-3916
-2034
595
3567
5388
5961
5484
4305
2498
98
-3049
-6414
-9096
-10085
-9469
-7388
-3934
5
3000
4394
4395
3742
3022
2015
950
-557
-2548
-4359
-5201
-5462
-5045
-4028
-1784
2625
8030
10894
10492
9000
7140
4075
983
490
1364
480
-1733
-3741
-6187
-7488
-5337
-1078
2730
5998
8149
7865
5763
3607
1426
-1572
-4352
-6016
-7013
-7434
-6658
-4923
-2700
50
3123
5919
7581
7310
5581
3088
-280
-3863
-6959
-9349
-10273
-9604
-7909
-5217
-2072
966
3403
4475
4595
4168
2757
790
-1013
-2770
-4334
-4928
-4622
-3721
-2518
-1424
903
5805
10591
11599
10045
8111
5407
1491
-927
-701
-563
-2329
-4290
-5999
-7622
-6993
-3106
1636
5367
8200
9158
7601
5110
2779
-15
-2928
-4831
-5875
-6621
-6524
-5266
-3378
-1162
1504
4234
6166
6414
5367
3942
1797
-1605
-5096
-8119
-10175
-10495
-9052
-6150
-2730
225
2873
4702
5016
4921
4554
2948
1016
-688
-2939
-4804
-5031
-4244
-3247
-2376
-1714
804
6281
11162
11935
10265
8081
4933
954
-1287
-923
-805
-2490
-4184
-5811
-7099
-5838
-1671
2894
6676
9318
9437
7245
4616
2049
-1059
-3944
-5876
-7246
-7829
-6946
-5064
-2933
-555
2185
4771
6288
6208
4575
2872
1160
-1828
-5643
-8455
-9987
-10133
-8870
-6382
-3006
141
2530
4392
5078
4763
4047
2466
1002
-32
-1790
-3666
-4344
-4285
-3925
-3250
-2593
-560
4493
10207
12274
10635
7899
4866
1080
-1427
-828
275
-1197
-3559
-5392
-7384
-7410
-3563
1714
5848
8563
8928
6467
3294
1306
-401
-2596
-4732
-6626
-8050
-7927
-6327
-4417
-2280
533
3314
4960
5306
4579
3094
1374
-223
-2496
-6026
-8848
-9757
-9486
-7617
-4431
-896
2444
4315
4900
5526
4743
3048
2510
1878
-108
-2112
-3667
-4329
-3892
-3195
-2343
-1386
1029
6227
11301
12122
10048
7430
4187
635
-739
447
872
-1474
-4378
-6367
-7875
-6982
-2460
2685
6060
7929
7493
5118
3124
2092
666
-1620
-4348
-6819
-8270
-7980
-6181
-4275
-2197
702
3374
4603
5015
4909
3968
2236
136
-2735
-5979
-8273
-8950
-7881
-5640
-3243
-447
2346
3790
4656
5440
4707
3211
2243
803
-1254
-2713
-3129
-2899
-2779
-2667
-2521
-1446
2814
8912
11432
9760
7529
5345
2122
-108
901
2173
-12
-4033
-6678
-8352
-8636
-5354
2
3769
5580
6170
4945
2930
1870
1086
-608
-3152
-6052
-8061
-8080
-6616
-5001
-3291
-1036
1315
2954
4038
4438
4378
4145
2743
-605
-4137
-6722
-8400
-8434
-6803
-4670
-3004
-1372
820
2645
3478
4513
4977
3969
2911
1718
-448
-1590
-1526
-2250
-3202
-3484
-3860
-2326
3372
9217
10366
8363
6570
4889
2390
1211
2798
3231
-444
-4807
-7166
-8659
-8232
-4266
889
4124
5224
4923
3679
2595
2415
2405
1104
-1989
-5349
-6916
-6548
-5611
-4460
-2510
-248
1747
3606
5037
5357
4745
3486
1478
-1716
-5185
-7119
-6908
-5497
-4516
-3861
-2561
-975
640
2825
5029
5760
4805
3556
2754
1263
-403
-898
-1466
-3040
-4144
-4480
-4419
-1561
4771
9823
9921
7745
6046
4098
2079
2468
4318
3181
-1674
-6083
-8321
-9151
-7264
-2495
1896
3685
3607
2516
1527
1649
2820
3381
1679
-2243
-5809
-6776
-5904
-4792
-3374
-1594
-143
1202
2652
3675
3735
3335
2403
583
-2135
-4873
-6505
-6886
-6418
-5317
-3827
-1919
163
1639
3154
4678
4455
3043
2642
2405
1019
-487
-1706
-3101
-4355
-4637
-4370
-2954
1762
8049
10171
7771
5588
4747
3525
2674
4215
5118
1197
-4878
-7871
-8359
-7955
-4832
-154
1985
1500
985
927
1455
2950
4247
3200
-559
-4834
-6562
-5528
-3741
-2389
-1566
-1218
-987
316
2304
3413
3480
2950
793
-2285
-4394
-5055
-4742
-4213
-3764
-3325
-3094
-2053
389
2436
3977
4747
3247
1406
1411
1397
879
825
6
-2086
-3716
-4035
-3640
-886
5198
10189
9343
5784
3858
3251
2769
3785
6126
5266
-461
-5854
-7447
-7428
-5967
-2045
1277
1090
-225
-391
323
1752
3739
4445
2253
-2014
-5112
-4681
-2498
-1253
-1176
-1780
-2638
-2120
329
2719
2979
2108
1169
-343
-2148
-3338
-3532
-2909
-2466
-2431
-2274
-2114
-1188
746
2099
2733
2301
593
371
1900
2302
1839
1281
-516
-2867
-3708
-3265
-2405
968
6875
9789
6998
3224
2000
2370
3105
5083
7088
4591
-2343
-6906
-7057
-6466
-5004
-1765
-47
-1497
-2855
-2462
-986
1230
3596
4016
1187
-2872
-4320
-2473
-722
-843
-1915
-3148
-3929
-2550
410
2277
2059
1306
1269
705
-1102
-2484
-2394
-2041
-1930
-2006
-1985
-1871
-1556
-703
665
1242
690
555
1631
2800
2780
2177
1384
-119
-2000
-2638
-2321
-2217
-179
5341
8862
5856
1655
1180
2341
3157
5522
8315
5975
-1586
-6628
-6614
-6322
-5830
-2720
-769
-3090
-5040
-3675
-1410
1021
3985
4344
859
-3114
-3882
-1399
1092
952
-948
-2518
-3249
-1938
1278
3211
2361
1286
756
-561
-1394
-89
565
-1097
-2052
-1998
-2856
-2828
-1022
818
1267
432
6
394
1353
3849
5761
4494
2360
914
-952
-2463
-2188
-2218
-3137
-682
4827
6452
3350
1376
2204
3708
5084
7770
9173
4224
-3661
-6055
-4794
-5093
-4163
-1170
-2005
-5837
-5979
-3206
-873
1844
3651
1647
-2009
-3470
-1440
1733
2853
1626
-53
-1591
-1659
1292
4315
4233
2846
1827
-144
-2250
-2531
-1903
-1992
-2984
-4082
-4418
-4243
-2880
2
2001
1689
588
-44
593
3096
5281
4618
2326
255
-1668
-3059
-2968
-3083
-3912
-1718
3240
4551
1572
827
2625
3154
3844
6960
8098
3348
-2950
-4405
-3410
-3934
-3209
-901
-2341
-6083
-5651
-2780
-1304
191
1552
-185
-3183
-3600
-1078
1731
2748
1897
711
-178
343
3150
5540
4523
2092
666
-477
-1392
-1588
-1880
-3025
-4308
-5098
-5039
-4382
-2731
-510
635
373
-227
-727
301
3459
5608
4446
2151
309
-1401
-2326
-2011
-2104
-3584
-2778
1933
4953
2698
935
2042
2783
3291
6167
8231
4946
-974
-2788
-1296
-1768
-2365
-562
-879
-4106
-4088
-1560
-712
-114
1366
411
-2391
-3346
-1281
1718
3124
2469
1556
1150
1276
3295
5410
4604
2198
1233
782
-337
-971
-894
-1887
-3450
-4209
-4500
-4503
-3557
-1510
188
-368
-1882
-1859
-672
1373
3638
3492
1101
-444
-1276
-2091
-1743
-1104
-2474
-3042
390
4526
4383
2243
2042
2909
3063
3745
5808
5298
252
-3711
-2533
-1863
-3536
-2386
63
-1837
-3540
-1217
260
-383
503
877
-1611
-3603
-2562
28
1714
1601
652
168
-180
924
3559
4350
2455
1271
1283
903
826
722
-1000
-3414
-4656
-4847
-4480
-3748
-2361
-1300
-2055
-3280
-2673
-1283
140
2220
2613
25
-2209
-2109
-1486
-840
-271
-982
-2629
-1527
3534
7628
6408
3676
2936
2559
2242
3876
5395
2616
-2822
-4541
-2603
-2589
-2659
606
1747
-1351
-1685
644
717
743
2101
816
-2269
-3197
-1930
99
1502
1116
-8
-470
-80
1897
4472
4458
2342
1604
1868
914
-91
-309
-1442
-3290
-4204
-3986
-3461
-2958
-2141
-1372
-1992
-2677
-1752
-828
-347
610
146
-1995
-2438
-1311
-877
-752
-415
-1052
-1038
2560
7415
8075
5108
3378
3181
2479
2304
3777
3570
-390
-3895
-2709
-1201
-2086
-768
1971
397
-1934
-326
992
277
594
724
-1373
-3288
-2989
-871
1151
1269
349
-7
-272
254
2577
3767
2306
1057
1229
924
164
-381
-1483
-3152
-4067
-3511
-2679
-2594
-2209
-1671
-2561
-3218
-2418
-1994
-1775
-507
-396
-2129
-2706
-1657
-1095
-978
-473
-292
-381
1585
6019
8661
6492
3724
3284
3089
2617
3723
4680
2132
-2266
-3268
-1464
-1563
-1796
461
935
-1523
-1598
259
285
-157
218
-777
-2829
-3109
-970
1529
2058
874
-392
-1039
-821
1094
2971
2364
746
437
248
-774
-959
-664
-1525
-3011
-3196
-2789
-3087
-3046
-1932
-1927
-2905
-2492
-1779
-2100
-1671
-803
-1647
-2735
-2259
-1321
-869
-310
415
525
1381
4576
7658
6911
4789
4549
4498
3495
3740
4976
3759
-100
-2079
-1057
-1181
-1907
42
1345
-842
-1882
-304
67
-759
-550
-720
-2155
-2757
-1380
627
1237
339
-629
-834
-534
590
2222
2474
984
-99
128
512
493
123
-958
-2342
-2750
-2340
-2534
-2765
-2097
-2030
-2857
-2496
-1952
-2527
-2184
-920
-1207
-2298
-1991
-1132
-726
-250
416
359
513
2999
6835
7762
5788
4727
4892
4331
3922
5084
5202
1913
-1404
-1046
-285
-1334
-910
689
-655
-2856
-2210
-1085
-1544
-1757
-1417
-2036
-2885
-2417
-654
528
29
-1025
-1331
-824
250
1728
2240
690
-1261
-1021
270
270
-402
-1115
-2542
-3526
-3026
-2327
-2053
-1715
-1665
-2097
-2343
-2345
-2346
-1992
-1347
-1458
-2428
-2702
-1912
-1128
-484
290
258
640
3685
7354
7525
6176
6413
6511
5248
5048
6139
5415
2163
71
588
320
-1070
-472
547
-1133
-2860
-2450
-1971
-2251
-2101
-1961
-2645
-3306
-2746
-946
289
-333
-1328
-942
-126
472
1486
2059
703
-830
-540
384
205
-749
-1729
-2754
-3209
-2861
-2447
-2229
-1942
-2003
-2356
-2392
-2241
-2262
-1994
-1401
-1544
-2309
-2326
-1541
-1022
-359
349
702
2351
5624
6975
6110
6317
7278
6750
5733
5843
5930
4209
1939
1649
1838
439
-483
273
-30
-1623
-2182
-1937
-2248
-2679
-2852
-3379
-4219
-4223
-2849
-1269
-914
-1619
-1748
-224
1447
1605
989
464
-226
-227
433
499
-388
-1796
-2843
-2594
-2039
-2262
-2464
-2326
-2425
-2451
-2249
-2144
-2186
-2031
-1484
-1200
-1679
-1810
-872
-21
-26
-198
771
3308
5608
5554
4697
5123
6123
6366
6344
6523
5834
3866
2938
3837
3714
2001
1100
838
-215
-1397
-1689
-1896
-2675
-3659
-4210
-4746
-5712
-5847
-4189
-2364
-2218
-2851
-2417
-1005
300
1098
1432
847
-371
-776
64
578
-271
-1438
-2166
-2450
-2357
-2152
-2238
-2593
-2913
-2937
-2469
-1992
-2026
-1900
-953
-565
-1027
-629
489
673
332
1356
3704
5169
4098
2918
4018
5915
6118
5705
6101
5868
4071
3333
4606
4899
3341
2411
2237
1082
-486
-942
-907
-1420
-2668
-4152
-5181
-5505
-5433
-4919
-4167
-3957
-4385
-4174
-2761
-1172
-224
181
245
97
-76
-37
424
548
-297
-942
-758
-901
-1612
-1943
-1926
-2165
-2525
-2603
-2367
-2017
-1537
-1028
-711
-456
160
763
1232
2611
4653
4961
3504
2979
3857
4792
5338
5838
5943
5050
3721
3514
4276
4371
3673
3212
2647
1467
433
134
5
-495
-1695
-3476
-5002
-5482
-5043
-4464
-4532
-5278
-6182
-6133
-4665
-2822
-2001
-2175
-2329
-1674
-712
-296
-146
-181
-736
-920
-277
129
-228
-804
-1344
-1857
-2298
-2807
-2984
-2373
-1589
-1454
-1651
-1412
-741
111
1831
4458
5499
3898
2592
3610
5416
6269
6243
5822
4773
3613
4108
5793
6026
4309
2835
2366
2265
2143
1592
516
-323
-982
-1886
-2619
-3141
-3874
-4312
-4196
-4306
-4838
-4985
-4407
-3576
-3126
-3445
-3896
-3381
-2117
-1354
-1160
-1191
-1390
-1271
-584
-99
-137
-119
182
208
-189
-841
-1798
-2388
-1894
-1254
-1442
-1895
-1925
-1402
1
2253
3655
3070
2415
3578
5618
6614
6409
5950
5562
5031
4873
5139
4998
4363
4006
3920
3295
2001
686
-122
-89
175
-696
-2518
-3631
-3603
-3327
-3226
-3677
-4902
-5717
-5094
-3719
-2684
-2543
-3325
-3884
-3213
-2438
-2489
-2566
-2335
-2097
-1748
-1455
-1329
-1064
-591
-152
187
365
180
-324
-452
-141
-325
-1190
-1678
-1442
-1125
-336
1191
2159
1708
1286
2309
4419
5994
6295
6028
5739
5233
5096
5600
5769
5160
4123
3032
2555
2730
2527
1444
261
-672
-1745
-2608
-2611
-2336
-2752
-3702
-4544
-5140
-5195
-4606
-4010
-3713
-3473
-3284
-2964
-2351
-2025
-2187
-2469
-2694
-2729
-2298
-1850
-1621
-1431
-1460
-1496
-1041
-338
104
443
875
976
495
-108
-239
-297
-383
46
1054
1579
1174
973
1742
3172
4323
4746
4887
5190
5337
5198
5123
4960
4745
4530
3924
3088
2475
1891
1250
971
671
-284
-1630
-2752
-3233
-2915
-2620
-3224
-4283
-4828
-4646
-4231
-3880
-3512
-3344
-3322
-2885
-2147
-1770
-1933
-2143
-2117
-1783
-1437
-1468
-1719
-1659
-1310
-913
-753
-777
-415
538
1493
1913
1853
1408
927
874
1222
1698
2185
2012
1211
1016
1796
2758
3295
3432
3488
3641
3886
4224
4277
4024
3764
3495
2991
2669
2560
2231
1628
919
252
-156
-564
-1163
-1709
-2334
-3217
-3959
-4145
-3898
-3689
-3978
-4460
-4493
-3881
-3030
-2431
-2310
-2272
-2021
-1887
-1884
-1721
-1475
-1313
-1368
-1772
-2127
-1977
-1416
-812
-422
-282
-141
397
1264
2024
2002
1218
600
743
1270
1684
1765
1335
743
756
1327
1769
1984
2101
2102
2108
2123
2230
2374
2351
2228
2118
1970
1941
2084
2136
1819
1301
979
782
454
77
-524
-1532
-2368
-2607
-2517
-2439
-2446
-2667
-2807
-2508
-1989
-1484
-1063
-915
-1085
-1150
-933
-786
-858
-980
-1041
-1161
-1471
-1609
-1335
-1009
-913
-745
-443
-50
473
1035
1241
1042
791
698
804
1015
1146
1012
649
330
475
1065
1424
1208
921
930
1130
1430
1754
1828
1537
1233
1328
1636
1849
2011
2080
1903
1664
1473
1296
1060
741
258
-337
-928
-1303
-1337
-1057
-729
-849
-1255
-1323
-1077
-872
-637
-438
-579
-995
-1287
-1169
-1021
-1158
-1478
-1780
-2015
-2202
-2254
-2110
-1833
-1562
-1337
-1041
-586
-270
-240
-325
-406
-486
-453
-239
-22
2
-150
-258
-201
45
300
368
301
303
372
488
777
1007
974
888
1074
1313
1491
1747
1990
1993
1812
1570
1218
879
663
541
345
-56
-488
-654
-371
237
463
148
-108
-12
196
432
665
488
5
-236
-120
-16
-302
-876
-1304
-1473
-1527
-1481
-1334
-1187
-977
-623
-246
19
65
-37
-108
-157
-220
-158
16
170
176
-82
-344
-308
-57
128
68
-291
-568
-432
-102
162
233
239
245
328
545
882
1268
1495
1502
1223
907
809
818
705
451
172
-175
-525
-629
-386
-51
53
-164
-369
-231
90
374
466
443
362
259
260
330
145
-221
-381
-371
-502
-631
-577
-459
-246
48
239
265
198
102
199
406
459
339
268
390
535
394
59
-104
-98
-286
-598
-804
-954
-1091
-1112
-964
-863
-816
-673
-495
-380
-207
79
302
497
564
303
-15
-11
233
307
96
-387
-919
-1073
-908
-630
-437
-502
-721
-727
-432
-196
-96
45
134
45
64
258
208
-13
27
322
393
194
130
176
270
590
1005
1096
802
415
329
637
1067
1213
991
716
633
675
707
640
352
-148
-562
-754
-867
-995
-1047
-1015
-1012
-1026
-885
-612
-401
-274
-129
71
178
181
102
-2
31
188
157
-167
-597
-962
-1135
-1071
-843
-592
-565
-791
-864
-518
-61
217
379
404
375
503
845
1082
984
819
774
772
831
971
1019
950
982
1052
1023
861
658
600
762
1011
1098
1024
806
627
661
651
390
77
-255
-626
-874
-952
-1027
-1211
-1328
-1211
-913
-622
-449
-448
-444
-250
-53
94
240
238
-54
-237
-84
-68
-439
-877
-1129
-1202
-1080
-846
-557
-400
-542
-634
-310
195
544
705
791
790
785
889
1053
1082
938
856
869
900
826
692
635
644
641
533
294
63
41
188
353
436
258
-110
-275
-184
-123
-236
-517
-909
-1353
-1618
-1578
-1440
-1408
-1501
-1541
-1466
-1273
-926
-669
-705
-818
-750
-576
-304
-131
-330
-581
-527
-401
-489
-700
-841
-848
-631
-219
50
20
-54
161
632
1067
1266
1160
998
1063
1289
1477
1553
1502
1365
1350
1533
1608
1352
1123
1194
1241
1102
835
478
243
242
329
318
103
-135
-124
53
108
38
-171
-444
-651
-797
-939
-1103
-1182
-1344
-1542
-1516
-1295
-1061
-903
-851
-922
-987
-901
-702
-568
-570
-673
-653
-398
-180
-188
-316
-420
-535
-471
-81
256
187
-2
110
412
719
900
876
767
777
962
1282
1618
1734
1596
1443
1436
1452
1398
1370
1302
1057
708
431
218
10
-100
-65
-48
-162
-162
-26
56
68
123
178
91
-72
-246
-443
-571
-558
-565
-694
-828
-835
-738
-612
-468
-491
-668
-803
-750
-579
-416
-329
-341
-319
-290
-257
-310
-401
-456
-417
-283
-239
-336
-394
-276
-154
-68
-44
-108
-165
-9
311
490
528
532
484
406
375
373
320
288
211
-11
-361
-713
-916
-925
-860
-863
-861
-813
-711
-470
-179
3
45
44
90
181
243
202
75
41
81
96
133
167
248
307
433
461
302
178
264
447
543
576
565
646
712
710
640
546
434
373
421
465
366
170
60
54
133
151
-12
-239
-316
-188
3
165
184
54
-63
-146
-188
-179
-209
-414
-722
-1051
-1335
-1431
-1304
-1214
-1266
-1260
-1177
-1076
-806
-497
-413
-425
-306
-136
81
324
482
506
518
659
815
860
840
930
1057
1131
1099
918
766
789
949
1200
1358
1277
1162
1203
1329
1391
1387
1278
1063
975
1095
1123
953
701
510
393
294
69
-176
-358
-464
-445
-427
-509
-665
-791
-847
-889
-935
-1002
-1125
-1280
-1483
-1687
-1792
-1760
-1717
-1801
-1897
-1874
-1795
-1578
-1303
-1209
-1259
-1235
-1032
-718
-384
-133
-13
67
208
411
606
760
882
905
875
824
749
713
785
876
918
906
889
899
984
1094
1105
1128
1133
1136
1180
1226
1223
1103
885
659
510
343
102
-97
-244
-400
-601
-715
-765
-875
-991
-1059
-1019
-936
-897
-948
-1076
-1203
-1274
-1285
-1236
-1228
-1392
-1597
-1584
-1444
-1336
-1309
-1327
-1236
-1038
-754
-406
-144
-6
159
369
544
696
884
1067
1131
1109
1063
1058
1065
1046
1026
1019
1020
1008
979
917
914
1059
1251
1349
1374
1386
1321
1292
1391
1428
1263
966
725
626
542
420
239
-66
-378
-494
-453
-500
-608
-651
-662
-674
-655
-614
-623
-651
-677
-714
-771
-820
-909
-1081
-1200
-1162
-1104
-1051
-958
-834
-677
-520
-287
-67
22
55
153
300
440
606
800
861
745
628
650
709
695
656
506
270
149
142
177
285
460
594
655
676
763
800
747
741
761
634
406
276
203
126
-76
-352
-637
-789
-782
-790
-837
-914
-963
-936
-880
-808
-781
-797
-796
-702
-680
-843
-1016
-1074
-1107
-1043
-883
-847
-913
-846
-588
-359
-294
-320
-276
-149
-27
124
267
355
415
515
635
666
639
648
651
584
447
283
210
247
297
335
366
475
662
767
771
760
745
677
697
789
723
467
248
172
150
68
-126
-322
-476
-525
-451
-409
-522
-633
-638
-553
-435
-339
-356
-405
-388
-327
-342
-391
-409
-390
-291
-145
-29
-94
-140
-14
137
192
198
209
220
237
365
592
774
752
692
731
732
724
753
688
497
334
319
374
375
330
287
295
345
425
479
414
330
314
335
293
169
83
0
-113
-169
-232
-317
-417
-533
-630
-705
-774
-859
-888
-841
-806
-830
-845
-822
-706
-580
-490
-447
-479
-551
-534
-381
-214
-145
-171
-175
-98
77
247
307
290
299
371
507
626
704
691
643
643
675
647
549
516
428
330
285
274
209
116
61
32
50
120
202
221
192
83
13
56
20
-107
-189
-258
-332
-358
-339
-397
-592
-750
-783
-736
-647
-647
-784
-895
-864
-746
-609
-527
-441
-356
-279
-216
-177
-195
-189
-84
70
187
161
158
235
378
554
712
747
683
673
802
956
1068
1062
1010
1025
872
619
313
29
-81
-3
-132
17
260
249
29
-95
-108
33
147
113
256
220
-58
-237
-76
-141
-246
-292
-251
-331
-472
-441
-185
-231
-592
-767
-656
-586
-893
-982
-848
-801
-990
-728
-382
-471
-528
-262
-64
30
130
262
328
238
195
250
287
522
731
805
858
1013
898
832
884
813
797
701
652
615
643
616
676
531
376
230
44
133
22
-62
90
-5
-243
-5
61
-252
-330
-366
-388
-584
-434
-610
-641
-809
-708
-560
-552
-870
-788
-725
-1121
-978
-924
-1155
-1444
-1377
-1029
-714
-935
-805
-573
-537
-504
-277
-25
77
26
203
464
494
474
635
891
986
915
1104
1294
976
1091
1307
1109
954
1018
1022
832
710
746
719
441
281
274
304
392
247
307
238
-97
-279
-45
8
-270
-257
-264
-529
-733
-400
-181
-607
-779
-455
-219
-558
-728
-545
-662
-971
-861
-723
-853
-977
-954
-694
-481
-540
-580
-293
-220
-89
99
432
508
421
417
817
1037
903
971
1165
1136
920
1251
1354
1326
997
953
1083
1048
659
495
611
590
454
46
105
80
-68
-243
-119
-90
-394
-621
-534
-611
-709
-744
-359
-537
-1007
-896
-672
-652
-789
-685
-815
-554
-804
-783
-628
-800
-1009
-814
-1003
-1011
-724
-770
-826
-653
-425
-428
-55
-183
93
154
401
635
565
507
667
1003
970
953
1163
1281
1057
1090
1335
1398
899
839
976
968
622
43
519
448
-6
-292
148
-162
-272
-517
-450
-124
-550
-736
-456
-575
-1025
-769
-225
-484
-1005
-409
-544
-688
-958
-367
-116
-511
-970
-505
-37
-775
-631
-199
216
-904
-500
229
7
-619
-42
72
667
-96
163
722
292
563
582
437
857
1258
413
902
1582
916
1006
890
1118
1497
243
940
902
532
-70
32
26
135
-251
-876
-276
-211
-750
-872
-357
-408
-764
-1170
-472
-645
-642
-1126
-945
-397
-608
-603
-948
-766
-254
-757
-357
-545
61
-597
-463
-114
113
737
-1073
303
523
81
-1037
1021
-16
322
-181
299
843
712
-887
835
1553
242
451
699
1570
619
812
1131
1437
409
997
717
760
254
751
-149
946
-302
-726
-43
489
-1091
-83
-740
-30
-293
-1266
-617
182
-767
-640
-696
-57
-360
-1225
118
-48
-641
-791
-12
-99
199
-1260
622
708
-297
-750
351
1011
-632
319
-18
1007
238
-1309
711
514
76
-404
30
703
142
-789
238
1152
-159
-423
716
823
450
-1121
1053
1298
-224
-466
76
1376
-1172
-89
-33
752
-1723
-72
-501
-592
-614
-697
-477
-835
-928
-870
207
-1405
-98
-548
592
-1883
650
-457
461
-632
-527
748
201
-626
-175
1376
-265
430
-386
759
1160
247
-783
2193
246
411
-125
1479
-18
516
-364
914
967
-774
1020
16
813
-737
1641
-647
1275
-400
1009
-148
536
-406
885
236
-255
-440
1104
-623
-5
-491
122
-40
-1804
-115
-537
-74
-1917
532
-1116
-679
-580
-141
-1370
240
8
-815
-27
-688
238
151
-1458
318
959
-840
-59
519
-256
904
-1563
-12
2584
-853
-1453
1471
1199
298
-1310
1488
1293
-378
-1152
1434
2058
-1670
-695
1130
2890
-2978
-83
1540
2079
-1859
-1925
2066
2175
-1590
-2366
3386
354
-1122
-2903
2761
1654
-3123
-978
2389
-485
-2499
-203
242
848
-2182
-1595
1856
-1275
-2008
1094
157
-683
-487
-1113
1638
-1927
-128
1006
90
-848
-482
224
987
-333
-1636
2794
-664
-1434
1769
-22
75
-134
942
670
532
-780
1252
1649
-884
-930
1373
1606
-1034
-917
2342
-13
-595
297
1267
-958
702
2
684
574
-1256
1577
-170
450
-1643
2455
-2643
1409
-679
107
-525
589
-1542
278
-964
456
-1234
154
-908
516
-378
-580
-734
-163
2738
-2802
-609
854
2562
-4157
683
2086
717
-1366
-349
426
1060
99
-999
-288
3617
-1364
-859
183
1673
179
-1267
2161
1152
-1988
-672
4227
-2136
-638
544
2258
-1787
-589
-123
1802
-1029
-793
1358
-1088
897
166
-1761
438
1171
65
-2906
1409
-107
-93
-1654
-111
-976
699
-293
-2634
676
764
-1455
-1559
2240
-3298
1815
-1187
-334
-1081
745
-416
530
-744
-651
1358
22
-1150
579
539
721
-732
476
-878
1390
-95
514
113
167
750
259
-111
1088
685
-595
1146
-1118
1129
-628
194
-157
2401
-3745
1564
348
439
-1913
1764
962
-2150
886
-451
699
-197
-123
-1335
2271
-1523
-1676
1171
527
-1091
-546
563
-922
739
-1417
713
-629
1045
-860
-892
1172
-1115
975
-1394
2042
-860
-61
-642
3133
-1562
-505
886
2281
-2296
790
128
2095
-749
-822
1819
1415
-1590
-687
3759
-2169
722
-1166
3193
-2609
1205
-1306
2351
-1604
0
20
645
-1236
479
717
-776
-1605
1347
1446
-3253
1186
-67
635
-1285
-520
348
795
-1554
492
-163
-193
-1126
638
479
-231
-1598
1863
-1048
-123
-672
1497
-900
361
-181
169
25
-202
798
-492
1983
-2496
1833
-77
-154
789
114
-662
2773
-2810
1086
-595
1601
-1081
-333
-168
699
-1024
-227
350
-1849
1455
-2077
1401
-1674
-313
-2
810
-2513
858
-336
-502
-126
-436
-845
114
167
-121
-560
-355
-8
668
334
-3296
1479
1054
-984
-2457
1850
500
-4
-3084
2372
2101
-2310
300
167
2680
-1419
-421
1449
1246
527
72
269
649
2225
-1403
710
1503
1030
-745
61
926
1646
-2223
800
1058
-826
657
-848
-603
316
-79
-1287
695
-60
-47
765
-2607
1247
1234
-2967
-104
367
1286
-1939
-658
-772
3530
-3273
-1482
1766
1428
-2891
-954
1463
653
-1000
-2324
3983
-1361
70
-1515
2472
-774
352
-746
2071
303
-319
225
1224
826
-712
1240
608
1831
-2637
4773
-2675
2840
-1345
2263
233
561
-581
386
1963
-1811
-47
639
1507
-2608
-47
464
555
-2505
-116
91
698
-2894
-1059
1688
-957
-2827
367
971
-2211
-1155
-626
1699
-3088
-3
-524
1483
-2105
-1483
861
-761
506
-2497
1627
-758
909
-3022
2729
-642
-233
434
-81
943
822
-1948
1243
2463
-1671
780
-478
2419
-1517
1668
-997
3584
-1344
-746
1224
1113
-224
-684
2188
-1417
1044
-1007
-82
34
10
-617
-3
-1539
535
393
-3321
304
618
-624
-2573
-719
2048
-102
-5381
2318
1915
-3079
-634
-801
1126
1420
-4297
774
3972
-2360
-585
-429
1949
-177
-1472
838
2583
-738
126
-239
1484
1693
-1102
669
3254
-1050
772
1013
1446
785
-684
2838
1389
-2195
1938
1014
-187
2017
-2287
3304
923
-2394
769
3322
-2979
67
1077
1610
-2972
-365
464
1707
-3200
-129
1364
-1359
91
-1838
-471
356
-55
-1677
-949
121
864
-2929
540
-976
2100
-1536
-1644
1318
95
-212
-1110
222
1383
-133
-1215
549
735
229
378
-224
1117
386
709
154
1082
-473
1248
545
-411
404
592
826
-1618
1955
-1457
2185
-2061
695
-170
560
-315
-724
-484
643
-393
-1299
1210
-1197
-1127
253
-1056
-1125
2337
-4605
2183
-1006
-498
-2602
-79
-730
901
-2684
-917
815
-338
-2130
-982
784
1152
-2847
174
882
-1179
962
-1218
360
1007
236
-1020
1361
-1631
2588
-1633
1968
-297
1494
-1143
1799
-201
29
686
1209
522
-224
-648
702
2619
-2658
647
599
2629
-2567
-519
1001
2894
-2452
-451
990
2792
-1656
-3152
2642
2753
-2543
-2623
4027
-1108
-237
-2761
3155
-1651
1257
-2225
1192
-634
-16
1109
-2250
654
1018
19
-589
-786
949
2264
-3454
1738
1587
284
-3162
4633
-1702
1995
-2246
1262
2588
-1366
-997
1721
1525
-2286
2924
-909
1005
-133
2276
-2487
278
-351
3002
-2173
-52
-698
2762
-2039
-2253
981
736
-44
-369
-392
-325
1510
-3092
1051
-1579
1677
-869
-1779
-41
1004
-1373
-1764
2092
-1295
8
-1533
-60
744
-798
-2352
2695
-885
-1025
-778
1463
-192
-954
320
457
1924
-2504
3093
-972
127
-1417
1704
946
-857
45
1511
-120
-7
-2347
1711
1135
1033
-1520
1602
-1343
335
-151
-349
619
752
757
-3323
2075
-1237
912
-2361
2898
-1437
-499
-839
-507
35
76
-763
762
-719
-2048
-420
1074
-1304
525
-741
992
-1876
-1581
915
982
-970
-1156
825
972
-1128
-2185
3213
-1352
1055
-52
-137
-449
2571
-2100
1268
1105
-595
1245
-278
416
397
827
-100
1411
-846
908
656
-241
188
1436
558
-1086
1866
-1313
809
-1274
1336
-1198
1923
-1159
-553
1787
-1697
383
213
-9
-678
1275
-1600
766
-957
-94
160
259
-1428
1824
-1345
-1066
1662
-1203
844
-1246
-55
1266
-145
-2456
577
2042
-1140
-482
-86
807
929
-1095
-56
228
1213
-40
156
199
998
-427
1236
263
-494
1137
-544
803
1119
434
-799
1113
-946
1261
-809
665
-160
-425
-474
1266
-1191
-535
-664
570
136
-1077
-632
865
-1580
584
354
-1225
-51
-646
78
-249
30
-1976
710
460
-2128
-32
-352
1039
-2004
-862
1337
79
-1429
-510
680
-186
-27
-980
785
-821
825
-37
-498
502
184
796
-460
675
7
849
-664
1315
280
-1170
1778
-684
402
16
-444
956
965
-1202
-47
1084
-825
633
-1234
927
-1028
167
-156
26
-1472
360
165
-374
-415
-136
272
-1260
402
-617
814
-1832
-56
232
999
-1639
-1095
2322
-1227
-204
-606
26
1364
-1381
51
862
-280
-774
710
907
-597
668
833
280
-26
464
996
412
218
823
1636
446
-1423
2678
-13
78
1916
-163
1159
-200
409
-3
844
-159
306
1250
-659
-315
103
-132
235
-777
1168
-1060
204
-863
129
-618
5
-428
297
-1288
191
-269
-1161
-5
-43
726
-849
-1019
-693
1380
-1828
-91
52
489
-841
-1209
-495
593
-1026
124
781
81
-565
-131
123
618
76
-672
1599
-668
193
224
-283
869
159
889
-494
1377
-593
-308
332
1904
-8
-1210
206
1306
-348
-1635
-171
1008
-99
-1554
1017
-491
-314
-537
180
-645
789
-746
-864
-349
718
-187
-834
-1108
1156
645
-2583
-130
1025
0
-389
-551
456
114
-1693
-621
850
1187
-2318
-308
182
1155
-1751
111
390
796
647
-1304
1191
-119
1350
-1276
689
72
911
180
-587
-4
1191
315
-427
58
910
448
-321
-583
865
1328
-1873
-480
1448
345
-1687
-594
669
1032
-771
-405
305
305
-353
-235
-331
967
-113
-484
358
312
-84
-2
-707
-31
1083
-24
-524
-208
455
330
679
-534
-159
1070
65
-556
766
625
-336
-161
1034
-304
659
-221
-88
670
1056
-66
-791
-29
1325
-56
-188
-223
618
733
-555
-26
-397
1265
-1006
361
-426
146
62
-380
-836
98
37
-939
-115
-316
-595
439
-755
-1139
214
-336
70
-580
246
-328
45
-608
-1107
970
369
-715
-743
670
551
-778
-471
141
240
505
-240
-333
191
695
-583
-113
497
362
-161
409
176
56
965
-841
38
1404
-516
128
1126
-964
153
534
441
437
-768
-293
1426
-275
-1524
796
60
168
-380
-435
327
-326
-944
-427
66
-583
-200
-1057
125
-61
-684
-344
-231
203
82
-455
-850
1057
34
-676
-253
676
255
-437
-119
564
-212
-27
377
250
-476
725
162
274
-60
212
439
668
-380
481
-95
894
-219
80
676
6
563
87
428
-150
528
358
885
-459
-446
1086
-31
-369
-210
234
227
-810
-66
103
-15
-1104
-62
387
138
-1129
-1250
687
177
-697
-738
-282
486
-443
-505
-397
392
-182
322
8
144
-49
-323
196
428
334
-671
-35
161
739
-510
161
24
104
130
348
-363
-100
-64
347
146
138
-461
430
370
-520
100
362
-17
-173
95
676
473
-996
70
174
343
-565
101
274
-87
-551
-101
301
-34
-451
253
89
-371
-652
-147
-234
-25
240
-160
146
-410
-343
112
107
-17
324
-29
454
178
-43
-11
311
385
224
79
307
568
-96
-363
137
630
258
-195
245
-11
763
27
-188
58
-383
7
532
238
-491
281
-63
207
-57
-244
109
230
-352
-56
-102
297
-762
-73
515
-181
-82
-409
-193
-126
-263
-36
-191
92
-409
-406
7
-193
-174
-243
-121
382
-167
-122
-162
-177
-30
-371
733
-105
-376
31
576
174
-275
39
-14
438
-88
296
130
343
-447
-43
164
233
138
34
261
202
30
-43
61
-238
-159
279
354
-270
-128
-7
260
-9
-154
95
159
-160
-108
297
12
-489
-229
516
176
-261
-267
15
245
-206
-44
-413
-50
-46
112
-370
-217
30
-143
-247
32
38
45
-514
212
427
-185
-100
-99
168
25
234
-555
2
89
34
-341
132
280
-76
225
-28
-124
-519
141
-51
269
-208
200
49
-257
48
-2
-255
76
398
399
-65
-482
-313
61
199
-190
182
-227
146
-57
-66
-382
106
1
69
245
46
-244
-604
238
22
190
86
174
-40
-33
278
211
-477
-60
444
387
-104
-257
105
141
116
-52
207
147
276
-56
385
296
44
3
230
548
134
127
113
330
27
-163
43
149
-125
-34
224
75
71
-157
47
89
-272
306
-44
64
-80
31
39
-189
-6
-106
143
87
-226
24
-87
-14
-2
-174
73
-103
-94
-352
-385
-299
-107
-45
-73
-268
-107
-266
-270
-142
233
229
281
31
129
-1
251
-215
-166
186
124
330
-156
-87
23
151
-123
81
20
86
22
13
-171
153
-214
-168
35
48
-56
-176
-108
219
134
67
114
-112
-47
-246
-116
-199
29
-319
-182
-59
-352
-451
-457
-221
-119
-48
-14
-313
-416
-658
-530
-453
-168
-300
-295
-279
-148
-391
-409
-102
-146
103
280
269
-45
121
414
512
443
518
618
665
475
585
777
764
662
1011
1185
963
674
600
963
727
918
824
779
756
640
341
51
162
98
-208
-40
-419
-373
-826
-961
-1183
-1085
-1060
-1251
-1044
-1380
-1245
-1458
-1413
-1390
-1310
-1163
-901
-914
-909
-776
-799
-940
-768
-444
-185
-151
-25
122
71
255
166
324
682
897
961
1441
1954
2298
2214
2219
2182
2004
1702
2096
2291
2248
2028
1981
1538
1045
688
257
448
321
201
-105
-226
-998
-1203
-1329
-1245
-1080
-1210
-1563
-2075
-1759
-2013
-2001
-2065
-1782
-1278
-1118
-1528
-1425
-1456
-1338
-1238
-1123
-893
-987
-1126
-1488
-1238
-1273
-1282
-962
-702
-471
-96
-173
-114
3
211
777
1882
2957
3167
3354
3194
2730
2476
2503
2489
2880
3156
3252
2965
2219
1424
652
349
304
285
59
-73
-660
-1061
-1661
-2269
-2852
-2738
-2528
-2079
-1473
-1588
-1974
-2309
-2223
-2055
-1572
-1339
-806
-395
-211
-285
-858
-1035
-1431
-1222
-957
-523
-508
-661
-796
-952
-1041
-1299
-1005
-991
-656
-101
446
359
439
714
1176
2208
3557
3921
3756
3914
3941
3609
3241
3395
3645
3782
3570
3382
2688
1507
765
232
-232
-218
-374
-619
-1074
-1701
-2330
-2776
-3160
-3284
-3074
-2484
-2161
-2066
-2215
-2207
-1857
-1556
-1173
-391
135
71
40
108
-194
-515
-1058
-1070
-721
-779
-1141
-1142
-1170
-1302
-1356
-1433
-1519
-1438
-1138
-1025
-562
-159
-101
347
671
1481
2444
3377
4040
3967
4252
4312
4057
3945
3888
3983
3993
3401
3120
2161
1050
258
-240
-721
-837
-776
-1468
-1962
-1948
-2521
-3307
-3801
-3696
-3372
-3072
-2606
-2248
-1901
-2004
-2030
-1464
-959
-498
-164
306
545
448
-58
-613
-932
-1373
-1402
-1344
-1273
-1098
-1061
-1351
-1488
-1677
-2061
-1866
-1565
-1024
-679
-17
298
356
395
741
1643
2879
3869
4439
4630
4817
4734
4110
3779
3639
3764
3689
3248
2844
2011
1145
177
-1020
-1107
-1128
-1492
-1873
-1659
-1754
-2251
-3229
-3737
-3692
-3597
-3140
-2377
-1749
-1231
-1138
-928
-516
-368
-209
-7
631
1078
1065
702
116
-416
-913
-1157
-1241
-1109
-858
-806
-736
-1038
-1336
-1425
-1794
-1746
-1117
-397
252
738
1097
1210
1218
1639
2737
3481
3870
4400
4946
4726
4102
3560
3191
3025
2647
2382
1955
1431
495
-259
-1210
-1702
-1868
-2331
-2530
-2194
-1949
-2528
-3266
-3629
-3637
-3704
-3321
-2611
-1912
-1197
-1026
-551
9
76
-154
81
954
1324
1310
1052
659
136
-659
-1222
-1323
-1236
-1313
-1171
-670
-769
-1167
-1603
-1863
-1616
-1385
-852
-178
455
939
914
1037
1202
1948
2644
3533
4236
4686
4804
4399
3756
3122
2785
2284
1849
1567
1493
672
-89
-915
-1800
-2220
-2472
-2773
-2655
-2056
-2220
-2540
-2954
-3336
-3606
-3634
-3051
-2356
-1536
-850
-425
100
516
441
339
610
930
1009
894
764
476
-139
-666
-1155
-1518
-1602
-1568
-1237
-1004
-1080
-1168
-1381
-1434
-1618
-1383
-809
-84
419
779
1277
1341
1478
2347
3199
3503
4263
4733
4819
4429
3690
3213
2933
2273
1697
1648
1270
466
-246
-819
-1258
-1797
-2268
-2430
-2076
-2084
-2221
-2359
-2609
-2936
-3015
-2770
-2429
-1821
-1334
-563
109
536
756
814
638
803
1133
1038
966
809
536
-75
-627
-1032
-1482
-1659
-1648
-1419
-1242
-1158
-1229
-1491
-1557
-1240
-1066
-655
-162
464
961
1217
1299
1346
2098
2968
3666
4183
4822
4746
4151
3819
3228
2713
2140
1796
1481
1292
695
-72
-664
-1322
-1865
-2122
-2391
-2319
-2116
-2016
-2022
-2331
-2739
-3112
-3024
-2766
-2364
-1735
-1080
-499
9
445
722
617
421
469
648
381
69
-178
-503
-896
-1359
-1919
-2103
-2252
-2341
-2073
-1759
-1708
-1810
-1649
-1515
-1221
-1043
-580
-9
475
889
1091
1301
1795
2585
3405
4104
4680
4862
4671
4042
3439
2903
2511
2021
1476
1324
999
324
-425
-897
-1300
-1795
-2095
-2152
-1822
-1640
-1884
-1982
-2164
-2493
-2737
-2572
-2357
-1930
-1319
-830
-316
396
579
379
412
474
663
487
244
91
-163
-756
-1173
-1462
-1856
-1799
-1788
-1575
-1292
-1119
-1317
-1091
-791
-606
-283
24
511
848
1222
1384
1649
1494
1795
2592
3630
4420
4773
4980
4529
4230
3705
2992
2364
1877
1663
1572
1106
583
122
-544
-1193
-1643
-1738
-2030
-1997
-1833
-1817
-1925
-2249
-2615
-2800
-2636
-2784
-2692
-2138
-1688
-1124
-667
-359
-89
281
261
224
223
59
-291
-704
-922
-1129
-1351
-1608
-1639
-1412
-1407
-1457
-1293
-1171
-1162
-971
-827
-511
-230
91
404
781
1001
1099
1040
1113
1717
2593
3405
3862
4275
4618
4340
3725
3071
2541
1956
1299
1112
1128
740
69
-249
-647
-1158
-1602
-2102
-2416
-2320
-2299
-2499
-2580
-2581
-2860
-3088
-2789
-2654
-2537
-2296
-1663
-905
-382
159
414
799
952
867
692
359
-95
-434
-654
-706
-805
-878
-831
-745
-682
-790
-988
-1011
-912
-839
-554
-308
-26
447
696
896
1116
1128
989
1358
2102
3009
3530
4068
4586
4628
4302
3715
3157
2501
1711
1204
1015
744
250
-101
-303
-570
-1171
-1779
-2183
-2545
-2539
-2622
-2727
-2473
-2419
-2585
-2371
-2099
-2047
-2007
-1645
-994
-368
-12
496
1065
1402
1623
1656
1491
1068
409
-127
-318
-509
-812
-927
-682
-379
-420
-541
-727
-1029
-1074
-1028
-875
-652
-248
36
390
753
871
689
559
669
1469
2298
2729
3183
3647
3911
3544
3140
2432
1838
1115
379
196
-130
-625
-904
-1022
-1230
-1616
-1921
-2184
-2442
-2517
-2604
-2710
-2622
-2600
-2478
-2209
-1686
-1564
-1474
-1117
-767
-306
163
722
1146
1503
1641
1603
1437
1037
478
45
-227
-425
-699
-922
-910
-848
-989
-1119
-1153
-1164
-1223
-1144
-1131
-1016
-874
-669
-385
102
343
468
577
588
870
1395
1983
2193
2814
3448
3697
3329
2824
2424
1780
986
439
238
62
-252
-294
-206
-321
-754
-1205
-1441
-1443
-1472
-1712
-1687
-1540
-1444
-1393
-1114
-969
-859
-578
-165
147
459
734
923
1244
1295
1475
1490
1327
991
570
159
-258
-805
-1123
-1282
-1348
-1225
-1107
-1074
-1166
-1230
-1267
-1330
-1306
-1149
-790
-545
-127
332
530
613
629
693
1075
1766
2160
2542
3137
3618
3717
3531
3186
2701
2035
1444
947
572
34
-262
-259
-384
-508
-700
-870
-994
-1139
-1382
-1646
-1831
-1969
-2087
-1974
-1783
-1570
-1325
-994
-721
-484
-344
-160
51
368
542
568
638
579
386
-110
-433
-830
-1294
-1687
-1802
-1639
-1753
-1731
-1528
-1406
-1500
-1353
-1242
-1174
-868
-608
-386
-27
-19
-38
126
183
249
565
1281
2076
2583
3211
3846
3882
3493
3102
2728
2115
1361
816
495
291
13
-33
22
-92
-271
-443
-476
-702
-957
-1368
-1553
-1713
-1903
-1981
-1837
-1700
-1605
-1225
-866
-530
-360
-94
302
739
900
905
977
982
776
328
-59
-417
-836
-1135
-1239
-1131
-1251
-1302
-1194
-1119
-1151
-1238
-1154
-1052
-885
-765
-623
-421
-192
-32
31
172
263
605
1245
2036
2566
3143
3840
4047
3853
3553
3159
2534
1925
1425
1174
890
459
409
569
428
228
4
-113
-404
-784
-1176
-1465
-1736
-2237
-2448
-2355
-2139
-2139
-1887
-1374
-911
-546
-280
111
414
620
671
698
590
479
266
-23
-330
-684
-1022
-1274
-1383
-1635
-1751
-1741
-1757
-1650
-1518
-1564
-1452
-1319
-1119
-902
-672
-462
-336
-128
107
236
393
745
1473
2177
2681
3253
3836
4118
3992
3757
3512
2987
2331
1737
1422
1108
611
402
339
164
-162
-331
-569
-1002
-1375
-1718
-2152
-2485
-2838
-3039
-2864
-2646
-2505
-2105
-1425
-897
-463
94
716
964
1071
1086
1054
886
654
265
8
-201
-552
-836
-1042
-1087
-1237
-1370
-1467
-1422
-1401
-1499
-1451
-1254
-1148
-965
-714
-464
-175
111
456
603
775
944
1080
1534
2282
2849
3347
3847
4242
4081
3788
3368
2703
2001
1293
826
352
-54
-269
-276
-477
-783
-948
-1159
-1440
-1850
-2125
-2448
-2636
-2833
-2894
-2695
-2471
-2158
-1694
-1071
-513
13
450
826
1052
1193
1226
1100
964
896
729
371
-21
-362
-765
-1123
-1276
-1386
-1463
-1459
-1395
-1314
-1315
-1335
-1247
-1024
-764
-558
-338
-38
174
309
369
563
725
876
1021
1497
2217
2732
3156
3564
3793
3616
3176
2738
2360
1804
1155
718
364
-65
-423
-464
-442
-675
-777
-798
-839
-1009
-1281
-1558
-1823
-2014
-2086
-1990
-1813
-1571
-1267
-684
-153
203
559
911
1138
1216
1188
942
614
227
-128
-382
-648
-983
-1248
-1397
-1510
-1654
-1817
-1890
-1851
-1757
-1700
-1545
-1333
-1110
-867
-585
-325
-89
35
143
347
466
557
673
931
1267
1686
2153
2450
2820
3195
3333
3090
2777
2456
1948
1270
748
454
146
-236
-411
-230
-251
-443
-464
-419
-504
-629
-941
-1248
-1402
-1603
-1800
-1758
-1541
-1278
-931
-440
39
287
460
625
641
536
422
188
-77
-266
-421
-504
-689
-926
-1154
-1287
-1454
-1553
-1622
-1519
-1342
-1156
-970
-894
-747
-636
-499
-322
-129
165
393
555
621
697
704
691
697
843
1210
1659
2014
2315
2652
2877
2736
2508
2274
1954
1436
924
638
363
10
-194
-16
48
81
211
206
7
-196
-442
-881
-1154
-1305
-1472
-1560
-1426
-1287
-1142
-835
-472
-270
-130
68
183
195
173
28
-119
-250
-387
-536
-650
-847
-957
-1056
-1106
-1169
-1327
-1323
-1232
-1133
-1065
-980
-990
-973
-869
-692
-572
-381
-123
6
108
198
179
107
20
92
298
706
1219
1624
2062
2505
2746
2713
2538
2332
2051
1665
1331
1075
843
637
515
512
571
557
593
540
438
202
-167
-494
-875
-1237
-1539
-1612
-1553
-1488
-1256
-959
-649
-423
-88
178
309
413
470
375
126
-93
-313
-556
-826
-1009
-1126
-1267
-1403
-1459
-1448
-1512
-1542
-1508
-1455
-1450
-1439
-1317
-1150
-978
-917
-723
-458
-336
-306
-184
-64
-21
115
306
651
1146
1614
2040
2529
3048
3286
3315
3266
3202
2873
2530
2257
1967
1700
1415
1272
1225
1131
946
810
663
386
60
-296
-656
-1032
-1455
-1741
-1917
-1993
-1979
-1717
-1438
-1113
-728
-393
-197
-82
-34
-132
-203
-438
-689
-904
-1159
-1483
-1682
-1880
-2024
-2188
-2232
-2157
-2060
-2081
-2048
-1930
-1833
-1684
-1527
-1281
-1109
-861
-630
-355
-151
-51
90
262
519
772
1066
1324
1759
2347
2818
3170
3529
3836
3915
3887
3743
3465
3112
2666
2223
1924
1612
1256
1068
940
631
363
153
-131
-402
-672
-1026
-1395
-1703
-2005
-2266
-2361
-2306
-2176
-1904
-1497
-1151
-916
-713
-500
-407
-461
-396
-446
-626
-740
-851
-1102
-1356
-1532
-1691
-1736
-1738
-1670
-1619
-1477
-1332
-1146
-1004
-881
-704
-512
-337
-168
-39
64
302
501
743
965
1248
1527
1709
1907
2064
2245
2523
2834
3045
3259
3541
3700
3533
3316
3070
2708
2258
1825
1428
1043
659
332
100
-146
-421
-645
-849
-1090
-1325
-1601
-1807
-1975
-2229
-2359
-2384
-2362
-2305
-2153
-1815
-1485
-1176
-913
-620
-383
-264
-209
-204
-298
-395
-513
-785
-1068
-1287
-1437
-1604
-1665
-1615
-1523
-1493
-1329
-1124
-1033
-965
-849
-677
-478
-272
-78
116
332
513
670
858
1056
1206
1352
1525
1674
1836
1969
2156
2302
2461
2641
2757
2716
2582
2411
2138
1846
1396
1011
674
260
-127
-385
-616
-899
-1112
-1197
-1232
-1352
-1407
-1455
-1529
-1612
-1686
-1689
-1681
-1668
-1547
-1263
-968
-703
-406
-123
143
230
249
282
235
79
-147
-363
-603
-929
-1179
-1324
-1389
-1419
-1394
-1253
-1133
-1014
-877
-694
-569
-430
-270
-91
133
269
434
605
781
902
1055
1258
1381
1469
1512
1536
1596
1533
1580
1751
1884
1979
2176
2318
2248
2081
1902
1651
1322
964
643
385
128
-146
-286
-334
-431
-463
-400
-332
-347
-375
-442
-513
-674
-851
-925
-937
-941
-885
-775
-620
-449
-323
-174
-63
34
91
112
-34
-298
-557
-843
-1203
-1496
-1641
-1714
-1727
-1702
-1535
-1370
-1220
-1000
-763
-644
-442
-285
-191
-31
110
221
315
440
513
544
559
564
585
565
588
703
770
856
966
1121
1220
1209
1277
1358
1402
1324
1246
1201
1116
905
724
628
469
260
152
153
88
0
-52
-86
-198
-348
-526
-747
-959
-1146
-1251
-1273
-1255
-1289
-1240
-1093
-1010
-969
-862
-760
-739
-689
-692
-783
-902
-1059
-1272
-1414
-1515
-1623
-1678
-1603
-1403
-1228
-1061
-733
-445
-254
-47
164
224
175
194
178
201
230
325
496
645
717
813
937
1014
1077
1146
1256
1366
1440
1605
1853
2025
2170
2345
2514
2512
2508
2482
2374
2210
1989
1768
1452
1108
783
505
217
-33
-175
-319
-386
-433
-514
-645
-759
-934
-1156
-1283
-1398
-1520
-1559
-1463
-1323
-1212
-1009
-802
-629
-486
-435
-445
-540
-630
-829
-977
-1057
-1088
-1209
-1212
-1101
-1007
-850
-608
-326
-138
7
133
220
186
157
133
111
124
184
318
483
603
721
866
1026
1098
1078
1097
1114
1032
997
1043
1112
1152
1266
1385
1438
1297
1143
977
718
453
178
-44
-289
-563
-794
-961
-1153
-1291
-1383
-1418
-1472
-1529
-1554
-1608
-1651
-1743
-1822
-1805
-1757
-1736
-1647
-1456
-1313
-1181
-1027
-860
-719
-620
-536
-491
-481
-485
-546
-607
-570
-484
-410
-327
-158
70
178
313
455
589
722
816
908
967
1013
1041
1080
1075
1050
1020
1066
1074
1116
1174
1200
1184
1185
1265
1275
1232
1189
1220
1276
1340
1374
1423
1460
1404
1273
1173
1058
841
608
394
239
27
-219
-415
-597
-728
-833
-876
-896
-911
-934
-977
-998
-1000
-1069
-1138
-1113
-1085
-1067
-1034
-991
-907
-792
-658
-454
-276
-109
47
191
248
246
220
238
199
165
141
148
165
173
243
322
355
335
395
402
363
307
288
275
249
226
200
223
236
217
233
286
323
266
280
343
350
282
240
277
319
336
260
188
109
25
-143
-279
-338
-458
-607
-703
-724
-778
-910
-947
-955
-952
-956
-973
-951
-909
-884
-868
-876
-865
-848
-838
-751
-650
-567
-473
-351
-229
-83
69
224
338
429
536
581
555
505
456
402
332
259
237
177
114
85
95
116
138
179
257
309
300
260
188
84
13
18
10
43
81
127
153
189
210
167
126
112
105
75
36
18
44
111
169
278
360
476
521
561
606
607
575
517
489
414
341
287
288
233
162
139
141
95
65
65
-11
-79
-171
-202
-193
-219
-225
-162
-12
78
176
314
399
443
482
459
405
351
282
208
142
22
-88
-174
-230
-271
-283
-306
-340
-341
-332
-307
-292
-295
-298
-312
-298
-285
-264
-247
-222
-181
-158
-140
-184
-214
-221
-265
-321
-334
-341
-358
-302
-263
-197
-115
-53
29
153
289
358
362
388
384
298
198
108
15
-113
-232
-320
-438
-534
-590
-606
-598
-558
-460
-420
-358
-271
-195
-131
-39
79
164
288
420
508
606
681
751
816
833
795
751
683
595
480
315
185
69
-51
-143
-188
-203
-214
-206
-124
-52
-8
31
11
-74
-154
-277
-384
-483
-545
-618
-682
-705
-704
-696
-694
-673
-626
-569
-532
-476
-420
-338
-292
-307
-273
-197
-138
-126
-119
-45
5
6
4
31
43
-13
-54
-40
-29
-44
-11
84
178
254
375
555
713
859
989
1116
1211
1216
1213
1230
1210
1146
1163
1161
1097
1055
999
939
808
643
487
352
211
19
-82
-141
-221
-298
-301
-351
-407
-436
-530
-600
-690
-813
-928
-993
-1047
-1149
-1212
-1225
-1221
-1224
-1186
-1108
-1042
-1001
-993
-969
-985
-977
-921
-804
-679
-586
-424
-265
-128
16
149
261
378
468
510
571
580
545
568
608
652
700
733
786
886
936
968
1042
1104
1152
1183
1216
1223
1218
1173
1142
1091
1038
970
892
817
733
637
522
461
373
265
171
52
-71
-180
-285
-416
-572
-705
-809
-906
-1018
-1096
-1138
-1172
-1214
-1246
-1251
-1267
-1286
-1290
-1294
-1291
-1307
-1309
-1283
-1241
-1189
-1066
-900
-745
-601
-464
-331
-224
-106
9
105
197
261
303
351
396
417
455
495
516
525
523
545
535
539
565
550
578
600
612
652
706
796
849
923
1042
1074
1085
1118
1083
1043
1004
936
846
744
638
528
419
290
186
87
-18
-151
-287
-422
-538
-651
-727
-774
-789
-796
-800
-806
-783
-739
-723
-711
-684
-671
-650
-647
-646
-611
-544
-513
-460
-378
-293
-260
-222
-157
-142
-151
-140
-126
-172
-208
-260
-302
-336
-338
-322
-302
-261
-173
-103
-56
16
116
189
253
311
364
426
434
464
566
668
730
845
915
963
999
986
960
908
857
809
741
663
569
470
397
339
272
223
232
215
184
158
128
101
24
-32
-100
-164
-228
-297
-322
-309
-294
-299
-276
-262
-287
-347
-400
-473
-559
-665
-766
-862
-944
-1002
-1032
-1066
-1070
-1044
-1019
-1006
-977
-966
-962
-922
-853
-795
-761
-648
-532
-419
-293
-126
12
145
285
415
528
594
612
628
643
641
643
686
720
762
830
888
944
1000
1059
1136
1174
1156
1116
1095
1064
1009
944
876
843
811
774
735
702
668
636
598
545
489
412
296
180
51
-98
-226
-363
-503
-593
-686
-768
-842
-919
-1037
-1131
-1217
-1272
-1341
-1388
-1417
-1453
-1458
-1417
-1374
-1344
-1276
-1207
-1131
-1031
-924
-811
-712
-617
-514
-391
-284
-213
-152
-74
-3
81
167
242
332
409
494
556
601
652
701
720
767
840
906
971
1073
1180
1248
1321
1403
1448
1424
1402
1379
1329
1300
1236
1188
1129
1051
951
822
724
622
514
413
292
154
-26
-221
-380
-524
-635
-727
-820
-900
-952
-982
-1011
-1041
-1021
-1016
-1029
-1047
-1054
-1078
-1124
-1141
-1146
-1105
-1092
-1057
-976
-915
-855
-813
-757
-717
-655
-585
-497
-430
-344
-249
-203
-130
-106
-84
-61
-6
25
86
176
251
354
456
544
613
694
757
821
859
918
947
969
1035
1060
1089
1088
1066
1021
953
884
829
739
658
571
499
412
319
243
153
33
-83
-179
-246
-285
-332
-346
-325
-311
-289
-273
-280
-254
-278
-315
-319
-327
-360
-378
-377
-391
-428
-447
-478
-535
-540
-550
-571
-587
-581
-583
-599
-588
-563
-517
-480
-429
-366
-320
-289
-266
-259
-258
-245
-248
-224
-189
-118
-32
59
163
232
289
351
390
421
453
464
467
493
506
507
511
519
550
574
615
640
620
595
564
505
463
424
387
378
370
371
391
428
436
456
488
488
470
443
406
384
346
265
204
138
61
-15
-49
-69
-110
-171
-225
-267
-345
-410
-444
-480
-502
-533
-541
-584
-626
-622
-648
-676
-703
-710
-773
-804
-826
-893
-909
-884
-882
-847
-782
-751
-692
-632
-555
-481
-416
-331
-234
-131
-40
49
85
134
215
256
299
357
435
476
500
541
570
573
577
604
621
613
629
664
683
686
690
710
717
745
774
797
789
775
725
664
605
551
514
455
420
391
335
266
203
150
110
68
27
-8
-43
-112
-220
-330
-457
-571
-679
-752
-809
-845
-881
-923
-943
-978
-976
-974
-960
-911
-853
-778
-704
-604
-515
-454
-381
-309
-225
-163
-124
-74
-33
6
38
69
109
157
226
263
322
373
391
426
403
409
443
441
422
385
361
374
380
391
417
431
461
468
487
487
468
439
398
382
360
311
240
179
127
65
15
-12
-27
-21
-27
-69
-114
-198
-272
-316
-389
-439
-478
-529
-568
-594
-618
-625
-622
-603
-549
-510
-486
-448
-420
-403
-394
-368
-314
-264
-250
-216
-152
-120
-105
-81
-55
-48
-29
-40
-41
-28
-1
44
94
170
225
277
353
395
434
445
414
399
373
333
335
364
394
462
538
593
629
658
686
701
694
688
676
625
566
509
447
404
369
350
357
362
380
371
334
302
220
127
48
-18
-85
-151
-180
-213
-269
-323
-347
-382
-437
-470
-476
-494
-516
-529
-538
-547
-551
-561
-552
-529
-521
-509
-487
-477
-478
-464
-459
-428
-391
-360
-318
-255
-211
-158
-131
-113
-95
-95
-104
-88
-74
-65
-21
5
69
140
197
249
301
351
378
377
390
372
341
291
271
252
237
231
225
214
206
184
172
162
149
111
55
-8
-81
-140
-185
-221
-244
-252
-285
-283
-298
-308
-333
-349
-367
-386
-385
-388
-404
-396
-416
-422
-378
-347
-312
-263
-203
-156
-107
-85
-67
-50
-26
7
11
14
29
34
49
69
72
132
168
200
269
323
374
401
457
513
554
573
596
597
568
553
541
512
521
517
494
505
497
476
474
438
401
346
270
223
144
80
36
3
-26
-25
-29
-40
-34
-28
-36
-68
-82
-122
-159
-185
-208
-242
-266
-264
-248
-244
-237
-215
-239
-247
-234
-233
-243
-246
-263
-267
-287
-322
-351
-376
-358
-351
-303
-236
-187
-137
-60
8
62
126
174
200
225
244
254
271
298
304
320
321
286
246
204
197
171
139
121
68
2
-71
-135
-204
-268
-313
-354
-368
-380
-372
-374
-376
-357
-359
-339
-315
-311
-301
-318
-337
-345
-362
-366
-372
-360
-367
-355
-323
-304
-285
-256
-225
-215
-207
-187
-154
-135
-104
-79
-49
-10
28
64
126
175
236
324
391
452
511
573
591
633
670
714
747
765
784
758
749
726
675
638
629
573
525
458
373
275
192
72
-23
-91
-147
-195
-258
-291
-329
-348
-347
-326
-299
-283
-302
-324
-368
-410
-440
-461
-456
-447
-433
-420
-384
-335
-278
-236
-190
-152
-127
-124
-112
-125
-150
-139
-125
-88
-54
-9
43
104
152
192
250
300
337
368
388
392
404
419
447
455
502
538
553
567
592
581
568
574
521
454
390
319
245
183
109
31
-47
-113
-179
-244
-310
-369
-421
-446
-461
-498
-496
-488
-479
-474
-458
-460
-459
-449
-426
-394
-375
-360
-371
-374
-371
-380
-395
-385
-353
-336
-309
-287
-258
-231
-225
-195
-163
-153
-131
-125
-85
-68
-46
-2
31
69
95
129
161
189
219
255
272
312
323
311
331
335
331
352
373
380
392
391
385
363
345
315
273
230
186
143
97
65
32
-2
-21
-46
-70
-101
-152
-171
-190
-213
-225
-222
-236
-223
-215
-211
-216
-215
-191
-185
-194
-186
-200
-223
-210
-202
-206
-212
-203
-200
-165
-135
-114
-98
-97
-127
-118
-80
-52
-3
44
70
102
122
154
208
232
275
308
323
336
352
354
378
402
423
445
448
441
425
423
431
443
433
425
421
402
367
330
309
273
232
210
177
122
87
68
30
-24
-51
-70
-100
-127
-157
-173
-183
-197
-205
-199
-207
-212
-217
-235
-235
-239
-252
-272
-301
-314
-323
-352
-350
-351
-380
-371
-353
-351
-330
-315
-287
-248
-223
-198
-177
-138
-100
-38
8
40
77
90
102
103
104
106
113
90
92
119
107
118
113
118
137
142
139
135
132
109
104
94
77
56
23
-3
-30
-71
-103
-121
-150
-159
-173
-181
-173
-170
-198
-212
-227
-256
-292
-289
-267
-259
-230
-215
-205
-206
-205
-208
-202
-188
-184
-188
-216
-234
-253
-255
-236
-217
-174
-144
-117
-81
-50
-10
51
115
167
215
251
276
313
337
364
410
437
442
462
454
426
377
340
299
241
217
200
188
191
194
216
241
258
261
248
241
210
186
196
191
174
198
217
221
234
236
201
200
195
180
171
139
121
90
46
26
0
-33
-46
-70
-85
-90
-102
-113
-112
-120
-137
-137
-143
-164
-174
-186
-193
-196
-186
-156
-135
-108
-90
-60
-50
-36
-5
13
32
42
48
45
33
10
-17
-50
-94
-108
-125
-156
-165
-167
-182
-179
-145
-134
-116
-101
-79
-44
-24
9
30
60
92
106
101
88
80
64
50
59
58
42
40
7
-24
-45
-65
-102
-132
-136
-171
-184
-201
-236
-248
-249
-267
-253
-234
-230
-222
-202
-192
-186
-163
-161
-163
-174
-176
-175
-175
-169
-154
-155
-143
-121
-107
-97
-78
-68
-57
-46
-65
-53
-44
-67
-88
-92
-92
-109
-120
-110
-100
-86
-42
1
55
92
102
126
136
145
165
172
197
202
197
211
219
223
242
253
266
258
234
208
195
183
175
162
153
150
133
141
134
154
179
194
195
188
197
195
201
206
210
200
200
205
224
202
201
209
183
173
177
162
136
131
121
122
126
130
114
104
91
83
71
48
34
23
7
17
-6
-29
-27
-28
-22
-10
3
7
22
23
10
14
5
-12
-16
-33
-53
-73
-99
-121
-106
-105
-115
-126
-127
-133
-158
-174
-175
-174
-193
-200
-217
-227
-234
-238
-223
-213
-184
-193
-189
-196
-209
-219
-226
-236
-234
-222
-219
-202
-196
-195
-191
-194
-187
-198
-205
-203
-214
-198
-182
-171
-156
-140
-145
-142
-147
-139
-110
-86
-60
-38
-30
-19
-11
-12
6
25
33
70
99
113
141
147
145
165
182
183
175
184
182
161
155
144
116
112
113
84
68
58
39
30
43
45
50
73
54
50
43
28
29
26
41
47
60
51
43
49
39
28
24
25
48
54
75
90
87
94
107
113
108
94
94
98
90
100
106
127
136
145
157
180
192
202
202
217
231
228
222
222
209
198
191
190
200
208
224
231
221
205
181
124
84
42
-5
-40
-59
-84
-110
-116
-137
-149
-176
-209
-243
-265
-278
-293
-292
-300
-308
-316
-318
-317
-305
-264
-238
-218
-209
-189
-192
-195
-177
-178
-168
-152
-138
-133
-119
-105
-86
-52
-18
18
43
57
69
77
103
107
128
142
130
135
120
102
76
55
62
81
90
117
140
152
157
166
149
145
122
79
58
12
-35
-64
-86
-108
-131
-148
-170
-188
-214
-250
-281
-292
-318
-338
-358
-378
-385
-392
-376
-348
-326
-281
-258
-227
-190
-154
-113
-80
-41
-11
22
42
74
91
111
135
143
165
193
206
242
258
241
243
249
235
240
267
267
263
282
293
283
294
308
300
308
304
297
300
269
255
233
203
186
168
159
142
121
104
67
27
20
-6
-32
-61
-92
-133
-157
-171
-191
-194
-202
-195
-189
-202
-202
-211
-220
-204
-183
-160
-125
-95
-72
-28
-10
33
69
78
95
96
73
73
85
97
132
150
152
161
160
161
175
168
180
171
161
159
144
134
127
128
128
148
149
159
157
138
115
105
92
104
92
69
38
15
-34
-45
-41
-77
-73
-81
-123
-146
-182
-210
-221
-232
-244
-271
-295
-319
-309
-306
-293
-294
-293
-278
-284
-274
-262
-263
-264
-246
-232
-223
-213
-200
-185
-153
-127
-108
-95
-82
-74
-73
-58
-47
-55
-47
-41
-56
-52
-47
-29
-23
10
36
54
76
83
78
78
82
96
109
108
96
108
108
105
116
118
111
98
94
81
73
58
57
44
30
16
6
2
-12
-25
-29
-32
-34
-32
-24
-22
-24
-11
-7
-8
21
29
28
39
39
53
63
74
86
89
75
68
60
59
65
74
89
91
68
57
68
60
66
81
97
101
97
96
102
98
97
105
116
127
118
130
126
116
118
118
115
107
91
73
75
54
45
55
45
42
41
22
20
10
2
-1
-2
-11
-19
-20
-34
-21
-13
12
20
27
31
27
14
5
14
7
6
4
-3
-18
-36
-43
-46
-58
-50
-49
-59
-63
-71
-80
-99
-108
-98
-95
-102
-95
-110
-125
-133
-137
-134
-132
-117
-101
-83
-85
-90
-77
-89
-92
-82
-91
-77
-80
-85
-91
-89
-87
-88
-89
-84
-68
-68
-56
-45
-30
-16
-16
-13
-16
-30
-28
-24
-21
3
25
30
32
41
47
45
45
49
51
51
47
55
36
32
41
37
41
34
44
56
53
49
51
52
47
43
34
45
35
27
39
44
49
58
62
56
54
46
31
20
19
28
28
28
45
44
31
43
46
52
59
56
56
46
42
45
43
47
56
54
44
41
36
25
29
26
31
23
5
-3
-19
-29
-31
-20
-16
-17
-9
-19
-40
-40
-59
-72
-76
-78
-81
-87
-87
-86
-89
-94
-93
-87
-84
-73
-64
-54
-42
-32
-32
-12
-8
-7
-1
5
-1
10
24
23
28
42
39
29
26
10
4
21
40
37
50
57
58
52
52
53
50
55
56
53
50
45
33
37
27
17
18
15
-1
-17
-23
-36
-48
-43
-63
-72
-73
-88
-89
-91
-101
-102
-90
-85
-83
-78
-76
-79
-65
-61
-61
-53
-45
-41
-32
-19
-3
-2
16
27
25
33
45
45
48
57
51
59
58
60
69
72
72
65
70
75
73
75
81
70
67
77
77
80
82
77
79
76
75
68
61
46
33
31
30
32
23
26
8
0
-9
-16
-16
-27
-30
-26
-37
-49
-46
-57
-72
-76
-77
-83
-84
-85
-69
-55
-50
-46
-36
-50
-53
-57
-58
-44
-42
-37
-22
-18
-24
-6
-2
1
12
22
24
27
29
22
21
15
11
6
15
7
8
20
13
31
33
31
27
20
12
-2
-7
-4
-7
0
8
9
11
20
19
14
10
-1
0
-14
-19
-26
-39
-44
-45
-55
-58
-53
-55
-64
-69
-60
-64
-61
-56
-45
-35
-28
-32
-24
-22
-24
-17
-9
-2
-3
4
7
2
-4
-1
3
2
8
12
8
2
6
10
12
15
15
19
23
26
28
35
38
40
44
53
58
61
63
66
73
73
70
70
71
70
77
73
69
63
50
47
43
39
40
36
26
30
26
13
17
13
10
7
9
10
8
3
3
3
-1
1
1
3
2
3
1
-3
-11
-17
-26
-40
-40
-43
-47
-52
-47
-51
-47
-42
-55
-60
-66
-66
-68
-61
-56
-54
-49
-44
-39
-40
-35
-28
-28
-20
-6
-7
3
8
1
4
2
-8
-13
-18
-25
-25
-19
-22
-12
-13
-12
-9
-10
-3
-4
-1
-6
2
1
-1
8
9
10
23
29
29
31
29
30
30
37
40
40
35
27
24
9
7
6
5
7
9
3
-5
-8
-16
-17
-29
-34
-34
-38
-38
-27
-23
-24
-21
-17
-25
-28
-31
-43
-41
-38
-34
-31
-23
-22
-20
-15
-18
-12
-8
-14
-7
-5
-6
-5
-9
-6
-6
1
14
22
30
34
33
34
44
55
67
77
83
87
89
98
97
96
101
110
110
110
116
108
96
91
88
82
80
80
77
66
49
44
38
28
27
22
24
14
10
2
-16
-25
-30
-38
-37
-31
-31
-41
-49
-58
-56
-56
-62
-64
-63
-64
-67
-64
-64
-70
-75
-76
-72
-65
-61
-58
-47
-41
-36
-27
-21
-27
-31
-31
-39
-41
-38
-40
-41
-35
-36
-37
-42
-53
-56
-65
-64
-63
-61
-57
-59
-63
-68
-66
-75
-63
-58
-54
-56
-59
-60
-78
-84
-85
-78
-71
-64
-61
-60
-53
-50
-44
-38
-28
-20
-16
-10
-2
6
17
21
28
42
54
64
65
70
74
80
81
89
90
87
89
95
104
108
112
114
114
115
121
122
121
119
116
113
108
101
91
89
79
71
70
66
56
55
53
46
41
34
27
22
16
9
11
8
5
8
2
-3
-4
-9
-10
-16
-15
-15
-11
-9
-14
-14
-11
-10
-8
-5
-6
-3
-4
0
3
-1
4
5
12
11
17
19
21
23
26
32
29
29
30
22
18
18
12
13
7
8
5
5
8
0
-13
-22
-38
-52
-59
-68
-71
-70
-74
-81
-86
-92
-99
-108
-108
-112
-115
-112
-121
-130
-126
-128
-126
-120
-118
-114
-115
-115
-118
-113
-107
-101
-102
-96
-89
-94
-91
-88
-87
-81
-72
-63
-56
-53
-47
-39
-26
-9
4
14
25
30
36
43
53
58
56
64
68
67
71
69
71
78
80
78
81
81
81
79
81
78
77
79
80
82
90
94
90
98
99
91
89
93
95
90
91
83
77
72
65
64
62
62
59
61
63
64
60
54
49
44
41
36
37
35
38
42
45
47
44
39
32
27
26
24
25
22
29
23
21
24
26
26
26
32
23
18
13
5
0
2
0
-9
-9
-13
-20
-22
-22
-23
-26
-33
-40
-49
-57
-60
-63
-66
-58
-60
-64
-58
-63
-62
-64
-66
-63
-62
-66
-71
-75
-80
-84
-84
-84
-81
-81
-82
-86
-94
-91
-89
-91
-87
-84
-91
-90
-94
-101
-98
-95
-85
-77
-66
-63
-62
-63
-60
-56
-54
-44
-34
-31
-26
-17
-20
-16
-12
-7
1
-1
5
7
4
13
16
22
31
38
40
42
41
45
54
55
57
61
59
64
69
62
65
74
75
77
75
72
64
63
61
62
65
69
67
61
65
58
52
51
42
31
23
18
15
11
18
24
25
29
29
31
27
23
26
25
29
36
40
37
39
36
30
28
33
37
41
46
51
56
57
57
60
56
55
56
49
41
34
33
26
24
25
20
19
16
14
17
15
7
7
6
1
-8
-14
-25
-33
-33
-40
-40
-36
-41
-42
-41
-42
-44
-45
-46
-49
-53
-56
-58
-61
-58
-59
-61
-57
-55
-53
-47
-42
-43
-40
-35
-34
-35
-37
-31
-32
-31
-25
-26
-25
-25
-27
-29
-29
-36
-43
-42
-46
-43
-31
-28
-28
-24
-23
-28
-35
-36
-41
-48
-49
-45
-50
-48
-43
-42
-40
-30
-31
-38
-37
-44
-42
-35
-35
-33
-29
-33
-36
-35
-29
-19
-15
-11
-11
-14
-11
-10
-5
2
13
18
20
31
32
35
36
40
41
45
50
50
50
49
52
51
54
61
62
61
63
57
60
61
58
62
57
54
51
47
45
44
46
50
51
53
53
53
52
47
45
46
43
40
35
32
27
26
25
20
23
28
25
21
24
16
11
12
10
11
10
11
9
3
1
-4
-11
-12
-9
-1
3
6
3
1
0
-3
-3
0
-1
-4
-7
-10
-8
-13
-12
-11
-14
-14
-15
-17
-16
-18
-21
-17
-15
-16
-13
-13
-13
-11
-5
-3
-3
-3
-6
-10
-11
-10
-7
-6
-2
-5
-10
-9
-14
-19
-18
-17
-17
-18
-22
-27
-31
-31
-28
-28
-18
-17
-23
-28
-35
-39
-45
-45
-43
-40
-40
-37
-33
-35
-35
-37
-38
-34
-34
-37
-37
-37
-36
-30
-24
-19
-15
-13
-11
-7
-5
-9
-5
-5
-5
-1
1
0
2
2
2
5
9
13
12
8
6
3
4
6
5
9
12
15
18
21
19
20
18
13
10
5
1
-4
-5
-3
1
0
4
8
7
9
6
7
6
6
7
10
9
10
13
13
14
20
24
23
30
28
24
22
16
16
18
20
26
28
28
26
24
24
22
20
18
18
20
16
16
15
15
15
17
20
20
17
17
14
13
13
10
8
5
-1
-3
-2
-1
0
3
5
8
10
6
10
10
8
10
12
14
19
19
24
28
28
29
31
27
26
29
25
27
27
26
27
26
25
22
20
18
14
14
13
8
3
0
-7
-13
-19
-23
-28
-32
-36
-39
-40
-46
-49
-50
-53
-56
-59
-64
-72
-80
-81
-82
-81
-77
-74
-75
-70
-69
-70
-71
-70
-70
-69
-68
-64
-63
-59
-56
-51
-46
-41
-34
-30
-22
-14
-1
4
9
13
11
13
13
17
18
22
29
34
39
40
43
45
48
44
43
42
41
39
35
34
36
38
41
44
42
41
38
33
33
31
32
29
30
28
24
25
23
20
22
24
22
24
20
11
9
14
12
13
19
22
17
14
15
13
12
15
13
14
15
13
11
9
8
6
7
10
11
13
13
10
9
10
6
3
3
1
0
-1
0
4
0
1
-2
-6
-5
-8
-8
-9
-11
-10
-8
-9
-9
-10
-12
-10
-12
-11
-11
-10
-9
-8
-10
-12
-12
-16
-15
-13
-13
-9
-8
-6
-8
-7
-5
-9
-6
-3
-4
-5
-5
-6
-7
-9
-11
-14
-12
-11
-8
-7
-8
-10
-13
-14
-18
-24
-24
-27
-27
-25
-24
-21
-19
-19
-23
-21
-25
-25
-24
-20
-20
-14
-10
-10
-7
-8
-6
-4
-5
-9
-6
-4
-3
0
8
11
13
13
17
19
20
24
28
26
29
26
24
25
22
21
21
24
25
27
29
30
25
23
19
16
15
11
9
11
9
5
8
11
10
8
10
8
2
-1
-4
-5
-7
-9
-9
-8
-6
-7
-6
-6
-8
-7
-8
-11
-10
-11
-15
-15
-14
-15
-13
-11
-7
-8
-7
-5
-8
-7
-4
-3
-4
-5
-6
-7
-9
-10
-6
-7
-8
-3
-2
1
1
-3
0
1
-3
-3
-1
-3
-4
-6
-3
-2
3
6
5
6
7
5
6
7
9
11
12
12
11
9
12
9
12
17
17
13
14
14
11
15
14
12
10
9
3
1
3
0
-2
0
-2
-2
-4
-4
-9
-10
-12
-13
-12
-12
-12
-16
-15
-14
-19
-20
-19
-25
-22
-24
-23
-21
-24
-21
-16
-18
-20
-19
-20
-20
-16
-12
-11
-9
-7
-8
-9
-5
0
6
11
17
19
21
23
24
25
25
25
26
29
32
34
35
36
38
38
37
35
34
30
26
23
20
19
15
14
13
10
10
9
8
8
7
5
5
1
-7
-10
-11
-17
-19
-19
-20
-22
-23
-26
-27
-28
-29
-30
-25
-26
-29
-29
-30
-29
-23
-20
-20
-18
-20
-22
-22
-22
-17
-16
-10
-1
1
6
11
8
8
12
13
16
20
19
17
19
19
21
22
23
22
22
22
19
17
16
11
12
15
12
9
7
3
2
3
4
4
0
-6
-7
-12
-13
-12
-16
-18
-20
-22
-21
-21
-19
-18
-18
-19
-20
-22
-19
-18
-21
-20
-22
-19
-16
-14
-12
-11
-11
-10
-9
-8
-5
0
1
1
3
4
4
5
6
10
11
11
13
12
14
19
19
19
18
15
15
9
10
12
14
16
19
18
14
12
9
9
9
8
13
13
10
9
5
4
1
2
1
4
6
5
8
7
7
5
4
4
3
1
2
2
2
4
4
4
7
4
2
3
3
2
2
2
5
4
3
3
2
2
1
3
2
2
0
-1
-1
-3
-2
-2
-1
2
2
1
-1
-3
-8
-11
-11
-14
-13
-12
-14
-12
-11
-13
-11
-8
-7
-9
-10
-15
-16
-18
-18
-15
-14
-13
-12
-13
-13
-14
-14
-12
-10
-9
-8
-9
-11
-10
-11
-11
-12
-12
-13
-13
-13
-13
-14
-12
-11
-9
-8
-7
-6
-6
-6
-4
-3
-3
-3
-2
-1
2
3
4
7
6
7
7
8
8
8
10
9
11
13
14
13
14
15
14
17
17
18
19
18
19
19
19
19
20
18
17
18
17
14
13
12
15
16
16
16
15
12
10
7
3
4
5
3
5
6
5
4
3
2
3
1
1
1
0
-1
-1
0
-1
1
1
0
3
5
2
4
3
2
3
4
3
0
0
1
-1
-3
1
2
1
3
1
-1
-1
-2
-4
-6
-5
-5
-7
-4
-3
-3
-6
-5
-3
-5
-5
-3
-3
-6
-6
-8
-10
-11
-12
-13
-13
-12
-10
-11
-13
-11
-10
-11
-13
-12
-16
-16
-14
-16
-14
-13
-13
-13
-9
-8
-8
-6
-6
-6
-6
-6
-7
-5
-5
-3
-3
0
0
2
2
0
-1
-6
-5
-7
-9
-8
-8
-6
-4
-6
-6
-2
-1
1
2
1
2
0
-3
-3
-3
-3
-4
-2
1
2
2
5
7
6
6
6
5
4
2
3
1
1
4
5
9
12
11
12
13
10
11
9
7
7
12
13
13
16
14
15
14
16
16
16
15
13
12
10
8
8
8
7
6
5
4
2
3
5
4
2
3
1
-3
-5
-5
-7
-3
-2
-3
-2
-2
-3
-4
-5
-5
-6
-7
-9
-6
-5
-3
-1
2
1
-2
-1
-4
-3
-2
-2
0
1
3
1
0
-1
0
0
0
2
3
0
0
1
-2
0
0
-1
0
1
-2
-4
0
1
0
0
2
0
1
1
-1
-2
-3
-5
-5
-3
-3
-3
-2
-2
-2
-2
-2
-5
-5
-7
-5
-5
-3
-3
-1
-1
-3
-1
1
1
0
2
2
0
0
1
2
3
4
4
4
3
2
1
3
2
4
1
0
-1
-3
-5
-3
-3
-4
0
0
1
1
-1
0
0
-2
-4
-6
-6
-8
-7
-8
-7
-7
-6
-7
-7
-9
-12
-13
-12
-11
-12
-10
-11
-11
-10
-7
-6
-5
-4
-4
-5
-3
-1
-1
-1
0
2
4
7
8
8
9
11
11
14
13
12
12
10
11
14
15
18
19
20
19
17
16
15
12
14
12
12
12
13
12
13
11
10
9
9
9
9
10
11
10
9
7
5
5
3
4
2
1
0
0
-1
-1
-2
-4
-6
-7
-7
-8
-12
-11
-8
-9
-6
-3
-1
-2
-3
-3
-7
-7
-7
-7
-5
-5
-5
-5
-5
-3
-4
-4
-5
-7
-8
-6
-8
-10
-9
-11
-11
-10
-9
-11
-10
-9
-12
-11
-14
-17
-16
-14
-15
-15
-15
-16
-17
-18
-17
-19
-21
-20
-18
-18
-20
-19
-18
-17
-15
-16
-14
-14
-15
-13
-14
-14
-10
-8
-8
-5
-3
-4
-1
0
2
3
3
3
2
3
3
4
6
9
10
10
14
12
15
18
19
20
21
23
23
23
26
24
26
26
27
27
26
26
25
26
26
28
30
29
28
26
24
22
20
21
22
22
20
19
16
16
17
15
19
17
16
16
12
11
10
7
5
3
2
2
1
1
0
-2
-2
-3
-7
-6
-9
-12
-12
-14
-16
-15
-16
-17
-17
-17
-17
-18
-16
-18
-19
-18
-18
-17
-16
-15
-13
-13
-11
-10
-11
-13
-11
-10
-11
-8
-4
-5
-5
-6
-7
-4
-3
-2
-1
-1
-3
-3
-4
-3
-1
-1
-1
0
0
-3
-3
-3
-4
-4
-3
-4
-6
-7
-9
-12
-14
-15
-16
-17
-17
-16
-18
-19
-21
-22
-22
-22
-22
-22
-21
-24
-23
-21
-22
-19
-19
-19
-18
-17
-18
-18
-16
-14
-12
-10
-7
-8
-6
-7
-5
-5
-1
0
1
2
5
8
9
12
13
13
16
16
18
22
25
25
26
28
30
31
32
31
31
32
31
30
32
34
32
34
33
30
30
28
27
26
27
25
27
25
25
25
22
22
19
17
17
15
13
13
12
10
12
12
11
11
9
9
8
7
6
3
1
-1
0
0
3
2
1
0
-1
-3
-2
-2
-3
-2
-5
-7
-6
-9
-8
-7
-6
-5
-6
-7
-9
-11
-11
-11
-12
-11
-14
-14
-15
-17
-16
-15
-14
-15
-17
-19
-22
-23
-25
-25
-24
-23
-23
-24
-25
-23
-25
-26
-26
-25
-26
-26
-25
-27
-28
-28
-28
-31
-29
-30
-28
-27
-26
-24
-23
-21
-20
-17
-17
-17
-15
-15
-16
-16
-14
-14
-15
-11
-7
-6
-4
-2
-1
1
4
4
7
8
9
8
11
15
16
18
20
22
21
22
22
25
26
27
28
27
25
26
26
26
27
30
31
32
33
32
32
30
29
27
26
25
25
22
22
21
20
19
20
16
17
16
17
17
18
17
15
12
9
10
9
10
8
7
7
3
3
3
2
1
0
1
1
1
0
-1
-1
-3
-4
-7
-7
-8
-10
-9
-8
-8
-9
-10
-10
-9
-7
-9
-7
-6
-10
-12
-13
-15
-17
-15
-14
-13
-12
-12
-13
-12
-10
-10
-10
-9
-7
-10
-9
-10
-12
-13
-10
-10
-8
-6
-7
-6
-4
-4
-4
-2
-2
-3
-5
-4
-5
-4
-7
-7
-7
-8
-6
-6
-5
-6
-7
-8
-9
-10
-12
-11
-11
-12
-11
-10
-12
-11
-13
-16
-16
-15
-17
-17
-18
-17
-18
-18
-19
-19
-17
-16
-12
-9
-9
-10
-8
-9
-6
-5
-4
-2
-1
0
2
3
6
5
4
7
7
6
9
11
12
14
19
21
21
23
21
21
20
21
19
20
24
25
26
29
28
27
28
26
26
25
24
23
22
20
18
17
17
17
15
17
15
15
17
16
14
13
11
9
8
4
3
1
2
1
3
3
2
0
-1
-2
-2
-2
-1
-2
-2
-5
-6
-4
-5
-4
-4
-3
-3
-3
-2
-5
-4
-6
-6
-3
-2
-2
-3
-3
-1
-1
-1
0
0
-2
-4
-7
-8
-6
-6
-6
-5
-8
-9
-13
-13
-13
-12
-11
-12
-12
-13
-14
-14
-14
-15
-16
-16
-17
-15
-15
-14
-15
-16
-16
-16
-17
-18
-18
-17
-15
-15
-12
-10
-10
-11
-9
-10
-10
-7
-7
-6
-5
-5
-7
-7
-6
-5
-5
-3
-2
-2
-1
0
-1
-2
-1
0
0
1
1
1
1
1
3
3
3
3
3
1
-1
0
0
1
2
5
5
3
5
4
6
6
7
9
10
12
14
15
16
19
18
19
20
21
18
18
17
15
16
15
14
17
17
16
17
16
14
15
16
14
16
14
12
11
9
10
9
7
6
4
3
1
0
0
-2
-2
-3
-6
-8
-10
-11
-14
-15
-12
-14
-13
-11
-13
-14
-13
-15
-16
-16
-18
-16
-16
-15
-14
-12
-10
-9
-7
-7
-6
-5
-4
-4
-2
-1
-1
-1
0
-2
-2
-2
-1
1
2
3
2
2
4
4
5
3
3
5
5
5
7
8
8
9
9
10
12
10
11
12
12
13
12
13
12
11
11
10
9
10
10
9
10
8
8
8
8
8
6
8
7
4
4
2
4
3
3
3
2
1
0
-1
-3
-4
-6
-7
-8
-9
-9
-10
-11
-13
-14
-12
-14
-13
-14
-15
-15
-16
-16
-15
-15
-14
-13
-13
-12
-11
-12
-10
-9
-8
-8
-7
-9
-6
-4
-4
-3
-2
-2
-2
-2
-5
-7
-7
-5
-5
-5
-3
-4
-4
-3
-3
-2
-1
-2
-2
-4
-2
-3
-2
0
0
2
4
3
2
2
4
1
1
-2
-2
-1
-1
0
0
-2
-2
-2
-2
-1
0
1
3
4
3
2
1
2
3
5
6
8
8
8
9
10
11
12
12
10
11
10
11
12
11
13
12
10
11
11
9
9
9
8
10
9
10
9
8
7
7
8
7
8
8
8
8
7
7
5
2
1
1
-1
-1
-1
-1
-3
-3
-2
-5
-7
-9
-10
-10
-10
-10
-10
-12
-11
-12
-12
-13
-11
-9
-9
-9
-8
-9
-9
-9
-11
-12
-10
-9
-9
-6
-4
-2
-4
-4
-5
-5
-7
-7
-6
-7
-3
-3
0
1
2
3
4
3
4
4
3
2
2
1
1
2
1
2
3
3
5
6
6
4
3
2
2
0
1
1
2
4
3
5
5
4
4
3
3
2
2
3
3
6
8
9
10
9
7
5
5
6
5
6
4
4
3
3
2
4
5
5
6
7
5
4
2
1
-2
-3
-1
1
1
2
2
1
3
2
1
1
1
-1
-3
-5
-5
-4
-5
-4
-4
-5
-6
-8
-6
-6
-8
-6
-5
-5
-5
-4
-7
-8
-6
-6
-5
-4
-2
-4
-2
-2
-2
-2
-3
-3
-3
-3
-2
-4
-2
-2
-2
-1
0
0
1
1
0
-1
0
0
0
0
-1
-1
0
1
0
-1
-1
-1
-3
-2
-1
-1
1
1
1
1
0
-2
-4
-4
-5
-5
-3
-4
-4
-4
-5
-4
-4
-4
-3
-2
-2
-3
-1
0
-2
-1
-1
1
3
3
2
3
3
3
3
2
2
2
1
4
4
5
5
2
2
4
4
4
6
7
6
5
5
4
2
2
2
2
1
1
2
1
3
3
3
4
2
3
1
0
0
-1
0
0
-2
-1
0
-1
0
0
0
-2
-2
-2
-2
-3
-2
-2
-2
-1
-2
-1
-1
-1
0
0
0
-1
0
0
0
1
1
-1
-1
0
-3
-3
-1
0
0
0
0
-1
0
1
-1
-1
2
0
-1
0
0
-2
0
-1
-1
-1
-1
-1
-1
-1
-1
0
0
-1
0
-1
-1
-2
-1
0
0
2
2
2
2
1
4
3
2
6
5
5
5
6
5
5
3
4
5
4
8
9
9
9
9
9
8
8
7
6
5
4
4
3
3
1
0
1
1
0
0
0
-1
-1
-2
-2
-1
-1
-5
-4
-4
-5
-6
-4
-5
-6
-6
-7
-8
-7
-8
-8
-8
-7
-7
-6
-4
-5
-3
-3
-4
-4
-3
-3
-3
-2
-2
-2
1
0
-1
0
1
1
2
3
5
5
6
5
4
2
3
1
0
1
1
-1
1
3
1
2
1
-1
0
-2
-1
-2
-4
-3
-3
-3
-4
-6
-6
-6
-5
-7
-5
-5
-5
-6
-7
-7
-7
-7
-7
-7
-6
-6
-5
-6
-8
-8
-8
-9
-9
-11
-10
-9
-8
-7
-7
-6
-7
-7
-6
-7
-6
-6
-6
-7
-6
-4
-4
-1
1
-1
0
0
2
3
3
3
3
3
4
6
6
6
9
8
8
10
11
11
11
11
12
13
12
14
15
14
16
17
18
19
18
18
18
16
15
15
14
15
14
14
13
12
11
14
12
11
12
10
6
7
5
4
5
4
4
5
4
4
5
3
3
2
4
3
3
2
1
-1
-2
-3
-3
-3
-2
-4
-3
-6
-7
-6
-8
-8
-8
-9
-9
-11
-10
-9
-11
-9
-7
-9
-9
-8
-9
-10
-11
-13
-12
-11
-12
-12
-11
-11
-12
-12
-11
-12
-13
-13
-12
-12
-13
-11
-11
-11
-11
-11
-10
-10
-9
-8
-7
-7
-6
-4
-4
-5
-7
-6
-7
-6
-4
-3
-2
-2
-2
-1
1
-1
-1
-1
-3
-3
-2
-1
-2
1
1
2
4
2
1
0
0
1
0
-1
1
0
2
4
4
4
4
2
2
3
4
5
6
6
6
5
5
4
7
6
7
7
7
8
9
10
10
10
9
8
8
7
9
10
11
12
13
11
10
8
6
5
5
4
5
7
7
6
5
6
7
7
7
7
6
6
5
5
6
6
6
6
6
7
6
5
5
5
5
4
4
4
2
3
3
4
6
5
4
4
2
1
0
0
-1
-2
-2
-2
-2
-2
-2
-2
-2
-5
-6
-6
-7
-6
-6
-5
-6
-6
-7
-7
-8
-7
-8
-9
-9
-10
-11
-13
-12
-12
-11
-10
-9
-8
-9
-9
-10
-11
-10
-7
-6
-7
-6
-7
-7
-6
-7
-6
-6
-6
-5
-6
-4
-4
-3
-2
-2
-2
0
-1
-2
0
-2
-2
-2
-5
-5
-5
-6
-6
-6
-5
-6
-5
-7
-7
-6
-7
-5
-4
-4
-4
-3
-4
-7
-7
-6
-6
-6
-4
-6
-6
-5
-5
-5
-4
-4
-4
-3
-2
-2
-2
-2
-2
-1
0
3
2
4
4
3
4
7
9
11
12
12
12
13
15
17
18
21
22
22
23
22
21
20
21
23
24
24
24
23
23
23
24
22
23
24
22
19
19
17
15
13
14
12
11
11
10
9
6
4
5
4
4
2
1
0
-2
-3
-5
-5
-8
-9
-8
-7
-7
-8
-8
-9
-10
-11
-12
-12
-11
-12
-9
-8
-8
-7
-5
-6
-7
-7
-8
-6
-5
-5
-6
-6
-7
-7
-9
-7
-6
-4
-5
-6
-7
-9
-12
-15
-15
-16
-16
-15
-15
-15
-15
-16
-18
-17
-17
-17
-19
-20
-20
-22
-22
-22
-22
-22
-23
-23
-23
-22
-22
-21
-20
-19
-19
-16
-16
-16
-15
-15
-14
-12
-9
-6
-5
-5
-4
-4
-3
-2
0
2
4
5
5
5
5
7
9
9
12
13
13
14
14
14
15
15
17
16
17
17
18
19
19
20
22
23
22
22
21
22
23
25
25
25
24
24
23
23
22
21
21
23
24
23
22
22
21
20
20
20
19
18
17
17
17
15
13
13
12
11
9
10
8
8
6
6
6
4
3
0
0
-1
-4
-5
-7
-9
-9
-9
-9
-10
-11
-9
-9
-8
-8
-10
-11
-13
-13
-14
-14
-12
-12
-12
-11
-13
-13
-11
-13
-13
-14
-15
-14
-14
-14
-13
-14
-13
-13
-14
-14
-13
-15
-15
-13
-15
-14
-16
-16
-16
-14
-14
-12
-11
-10
-11
-11
-10
-12
-11
-10
-8
-8
-6
-6
-7
-7
-5
-4
-3
-1
-2
-4
-5
-7
-8
-7
-3
-3
-2
-1
-2
-3
-3
-3
-2
-2
-1
-2
-2
-2
-3
-2
-1
-2
0
-1
-2
-4
-4
-4
-4
-1
0
-1
-1
0
-1
-1
0
2
4
4
5
5
3
4
5
4
7
8
10
12
13
15
16
16
18
20
20
22
22
22
22
23
23
22
23
22
21
20
19
19
19
18
18
19
18
17
16
16
14
13
12
12
9
9
10
6
6
5
4
4
3
1
2
2
-3
-2
-3
-5
-5
-6
-6
-4
-2
-2
-1
-4
-5
-5
-8
-8
-7
-8
-7
-6
-4
-5
-5
-5
-4
-5
-7
-7
-7
-8
-7
-6
-6
-6
-8
-8
-7
-8
-9
-11
-10
-11
-11
-11
-13
-14
-15
-14
-13
-11
-11
-12
-13
-15
-16
-16
-16
-17
-17
-18
-17
-16
-14
-15
-14
-13
-13
-12
-11
-13
-10
-10
-10
-9
-9
-10
-10
-10
-7
-4
-4
-1
-2
-2
-2
-2
-3
-2
-1
-1
-1
-1
0
1
3
5
6
6
6
5
6
5
5
6
7
8
8
8
8
9
9
10
10
9
9
9
10
11
12
13
12
13
12
12
12
14
14
15
15
14
14
12
10
10
11
10
11
13
12
12
11
11
12
10
9
9
8
10
10
10
10
10
11
11
10
9
6
6
7
6
6
6
5
5
4
4
5
4
4
5
6
6
4
4
1
0
-1
-2
-2
-2
-2
-2
-3
-3
-4
-4
-4
-6
-6
-6
-7
-8
-10
-10
-12
-13
-13
-13
-14
-13
-13
-14
-14
-15
-17
-17
-18
-19
-18
-17
-17
-17
-14
-14
-14
-13
-13
-11
-12
-9
-10
-10
-8
-8
-9
-9
-9
-9
-6
-4
-4
-4
-2
-2
1
1
1
3
2
3
2
2
4
5
4
2
2
1
0
1
1
3
4
6
7
5
5
3
2
0
-1
-1
-1
0
0
0
2
1
1
1
1
0
0
-1
-1
0
-1
-1
-3
-4
-3
-4
-1
0
1
2
4
3
1
1
0
-1
-1
-1
0
3
4
5
5
5
3
3
3
4
5
5
7
8
10
11
12
13
13
12
11
11
10
11
11
12
11
12
13
13
13
15
15
16
15
14
11
12
11
12
11
11
11
11
10
10
8
6
8
8
6
6
5
2
2
1
0
-2
-2
-4
-4
-4
-6
-6
-5
-9
-9
-8
-9
-8
-9
-10
-12
-14
-13
-14
-13
-12
-11
-14
-14
-14
-15
-14
-14
-14
-14
-15
-17
-17
-18
-18
-17
-16
-15
-16
-17
-17
-16
-17
-16
-15
-14
-15
-15
-16
-16
-14
-12
-9
-7
-7
-8
-8
-9
-8
-6
-4
-2
1
1
2
3
4
4
4
6
6
7
8
8
8
10
11
11
12
13
13
12
14
13
14
15
14
12
12
11
10
11
13
12
13
15
14
12
11
8
6
6
7
6
5
4
6
5
4
4
2
-1
-1
1
1
1
2
3
2
2
1
2
1
2
0
2
1
1
2
1
2
1
1
1
1
3
4
6
6
6
6
5
6
4
6
6
5
5
5
4
4
5
5
6
6
3
3
2
1
1
2
2
2
1
-1
-1
-1
-3
-2
-3
-4
-6
-6
-7
-7
-7
-6
-6
-6
-7
-6
-7
-9
-9
-10
-10
-9
-8
-7
-7
-7
-8
-9
-12
-11
-12
-13
-12
-12
-11
-12
-12
-10
-10
-8
-6
-7
-7
-6
-5
-5
-5
-5
-5
-5
-5
-5
-3
-4
-2
1
1
0
0
0
-1
-1
-1
-2
0
0
-1
-2
-2
-3
0
1
2
1
1
2
0
1
2
3
3
3
4
4
1
-1
0
-1
1
2
3
5
5
3
2
3
3
3
2
3
2
2
2
3
4
6
6
5
6
5
5
5
4
4
5
6
4
5
4
3
6
7
6
6
8
7
6
6
6
6
8
8
8
8
8
7
7
7
6
4
2
3
3
3
5
6
7
8
8
8
8
5
4
3
2
1
0
1
1
1
1
1
3
3
3
2
1
-2
-2
-4
-5
-4
-4
-3
-4
-4
-3
-4
-4
-3
-3
-5
-5
-5
-7
-7
-7
-8
-6
-6
-6
-6
-7
-7
-10
-10
-10
-11
-10
-10
-10
-10
-9
-10
-8
-8
-9
-9
-7
-6
-6
-5
-3
-3
-4
-4
-5
-5
-5
-3
-4
-2
-3
-3
-3
-2
-1
0
2
2
2
2
1
1
1
1
1
2
3
3
5
6
7
4
5
7
6
7
5
3
5
6
7
8
9
7
5
4
3
0
2
1
1
2
4
4
2
4
2
1
1
1
-1
1
0
-1
-1
-2
-2
-3
-3
-1
-2
-2
-4
-4
-5
-4
-4
-3
-3
-3
-4
-2
-2
-3
-2
-2
-3
-3
-2
-3
-1
-2
-1
-1
0
1
0
1
-1
0
1
1
0
0
1
1
2
2
3
4
4
4
5
5
5
4
4
3
3
4
5
6
5
4
3
2
2
1
2
1
2
1
1
2
2
1
2
1
-1
-2
-4
-4
-3
-2
-2
-2
-3
-2
-4
-4
-5
-3
-2
0
0
1
1
-1
-2
-3
-1
0
0
1
2
3
3
4
4
5
4
4
4
5
4
7
7
6
6
5
5
3
3
4
5
6
6
9
7
6
3
4
4
3
3
4
4
3
4
4
4
5
2
1
1
1
0
1
0
-1
0
-1
-2
-3
-3
-5
-7
-6
-6
-6
-5
-6
-6
-7
-6
-6
-6
-4
-4
-6
-9
-10
-11
-12
-11
-10
-10
-9
-9
-7
-8
-9
-10
-11
-12
-10
-11
-10
-10
-11
-8
-10
-8
-10
-10
-10
-9
-8
-8
-7
-5
-5
-3
-3
-2
0
-2
-1
0
-1
0
1
1
4
5
6
6
6
6
6
6
4
5
3
4
4
4
7
6
7
8
9
9
8
8
8
7
6
7
6
6
5
5
3
4
4
5
5
7
6
6
4
2
2
2
3
3
5
6
5
5
5
6
4
4
4
3
5
6
6
6
4
5
6
7
8
8
7
5
4
2
3
5
6
6
6
6
6
5
6
5
5
6
4
3
1
4
1
3
5
6
6
6
3
2
1
-1
-2
0
1
0
-1
-1
-2
-4
-3
-5
-4
-3
-4
-4
-4
-5
-6
-5
-4
-6
-6
-7
-8
-9
-9
-9
-9
-8
-8
-8
-8
-9
-8
-9
-8
-8
-9
-9
-9
-10
-9
-10
-10
-10
-9
-8
-8
-9
-9
-9
-10
-10
-10
-9
-9
-10
-10
-10
-9
-9
-9
-8
-7
-8
-9
-9
-8
-7
-7
-7
-6
-7
-6
-6
-7
-6
-6
-7
-6
-7
-5
-3
-3
-3
-2
-1
0
-1
-2
1
1
0
1
-1
0
1
1
2
6
6
6
5
6
8
7
9
11
9
9
8
8
9
9
11
13
15
17
16
17
16
15
16
18
17
19
18
17
18
17
18
17
17
17
16
15
16
17
17
15
15
15
13
13
11
10
9
9
9
9
9
9
8
6
5
5
3
3
3
2
2
2
-1
-1
-2
-5
-6
-6
-6
-5
-4
-5
-6
-8
-9
-9
-8
-9
-10
-10
-10
-11
-12
-11
-12
-9
-9
-8
-7
-8
-10
-10
-12
-11
-9
-8
-7
-8
-8
-8
-10
-9
-9
-9
-11
-10
-11
-14
-12
-9
-10
-10
-10
-8
-7
-8
-8
-9
-9
-9
-9
-8
-7
-5
-7
-7
-7
-7
-5
-5
-5
-5
-5
-4
-5
-4
-4
-4
-3
-3
-4
-3
-3
-2
-2
-2
0
-2
1
0
-1
0
-1
-2
0
1
2
4
4
3
2
3
4
3
5
6
5
5
4
3
3
3
3
5
7
8
9
9
8
9
9
9
10
11
11
10
10
10
12
11
12
13
12
11
9
8
9
10
10
11
12
11
9
10
9
9
10
8
7
6
5
4
5
5
4
5
5
6
5
5
3
3
2
2
0
0
-3
-3
-3
-3
-2
-2
-2
-4
-5
-4
-4
-4
-4
-5
-5
-5
-6
-7
-5
-5
-5
-5
-5
-6
-6
-5
-5
-5
-4
-4
-5
-5
-4
-6
-5
-3
-3
-2
-2
-1
-3
-4
-5
-4
-4
-4
-4
-5
-5
-8
-8
-7
-6
-5
-5
-4
-5
-6
-9
-9
-9
-7
-8
-7
-7
-8
-9
-8
-9
-9
-7
-5
-5
-6
-6
-5
-6
-6
-5
-6
-7
-8
-7
-8
-8
-7
-7
-4
-3
-5
-4
-4
-5
-3
-2
-2
-1
-2
-1
-2
0
-1
0
2
3
4
5
6
6
4
5
5
6
6
5
5
6
7
8
8
10
10
10
10
8
7
8
9
10
11
12
11
10
9
8
7
7
9
10
11
11
12
10
11
11
10
11
12
12
10
10
9
9
10
10
9
9
8
7
7
6
6
8
7
6
6
5
4
6
7
7
5
6
5
3
2
1
0
0
1
1
2
2
-1
-2
-3
-2
-4
-4
-3
-3
-4
-5
-6
-6
-4
-3
-3
-3
-4
-6
-8
-7
-7
-6
-7
-6
-5
-7
-7
-7
-6
-6
-8
-8
-10
-10
-10
-11
-13
-15
-15
-15
-14
-13
-12
-11
-11
-10
-11
-12
-14
-16
-15
-15
-15
-15
-13
-14
-14
-13
-12
-12
-11
-11
-11
-12
-13
-14
-13
-12
-9
-7
-5
-5
-4
-2
-2
0
1
2
1
1
0
2
2
4
5
6
9
8
11
9
8
9
9
11
10
11
11
12
11
13
14
14
16
15
15
14
15
15
14
16
16
15
16
18
17
14
14
11
11
11
11
10
10
10
8
7
8
7
7
7
7
6
5
5
5
5
6
6
6
5
4
3
0
-1
0
1
3
3
3
2
2
1
0
-1
0
-2
-3
-4
-5
-6
-6
-6
-6
-6
-5
-4
-5
-5
-4
-5
-4
-2
-5
-6
-6
-8
-9
-8
-7
-6
-7
-7
-8
-8
-9
-10
-9
-9
-8
-8
-7
-8
-9
-8
-7
-7
-4
-4
-5
-4
-4
-5
-5
-5
-5
-4
-5
-4
-4
-4
-3
-3
-4
-5
-5
-6
-5
-5
-5
-4
-4
-4
-4
-5
-7
-8
-9
-8
-7
-7
-7
-6
-5
-4
-4
-4
-5
-5
-4
-2
-2
-2
-2
-2
0
1
2
3
2
1
0
2
3
4
6
8
8
8
10
9
10
11
12
11
11
11
10
9
8
9
9
9
10
8
7
8
7
7
8
9
8
7
8
5
4
4
4
3
4
3
2
0
-2
-2
-1
-1
0
-1
-1
-2
-3
-4
-3
-3
-2
-1
-1
-2
-2
-1
-2
0
2
3
2
4
4
3
3
2
3
3
3
4
5
5
7
4
5
6
4
4
6
6
6
7
6
7
7
7
5
5
5
4
4
5
4
4
2
2
1
1
1
2
2
2
1
-1
-2
-3
-3
-1
-2
-1
0
1
0
0
-1
-3
-3
-5
-4
-4
-4
-5
-6
-7
-9
-9
-10
-11
-12
-12
-12
-12
-11
-11
-12
-13
-13
-15
-17
-17
-18
-17
-16
-15
-15
-16
-16
-16
-16
-16
-16
-15
-13
-13
-13
-11
-11
-11
-10
-9
-8
-5
-5
-4
-4
-4
-5
-4
-2
-1
0
0
0
1
2
4
4
6
6
7
7
6
6
8
10
11
13
13
13
11
11
11
12
13
14
14
14
14
15
15
16
14
14
14
14
14
14
15
15
14
14
13
13
15
16
15
16
16
15
14
13
13
12
14
12
11
11
11
9
10
10
10
9
6
5
5
4
2
4
5
4
5
4
2
-1
-1
-3
-4
-5
-4
-7
-9
-10
-9
-10
-11
-11
-13
-12
-12
-13
-12
-14
-15
-15
-14
-15
-15
-16
-18
-18
-18
-16
-16
-16
-15
-14
-15
-15
-15
-16
-16
-17
-15
-15
-13
-12
-12
-12
-11
-11
-11
-9
-10
-10
-10
-10
-8
-7
-6
-5
-3
-3
-3
-3
-4
-3
-3
-3
-1
-1
0
0
0
2
3
4
7
7
8
8
9
8
9
10
10
10
11
11
12
11
13
15
14
14
13
12
12
11
11
11
10
11
10
9
11
11
10
12
9
10
9
9
9
8
6
7
5
4
4
3
3
2
-1
-2
-3
-4
-4
-3
-3
-3
-1
-2
0
-2
-4
-4
-5
