SAMPLES:	21283
BITSPERSAMPLE:	16
CHANNELS:	1
SAMPLERATE:	16000
NORMALIZED:	FALSE
7
9
9
9
10
9
10
10
10
11
10
11
10
11
11
12
13
15
16
16
18
16
15
14
15
16
17
19
19
18
17
16
16
15
15
15
15
14
14
13
12
12
12
12
12
12
10
11
9
7
6
6
4
5
7
7
6
6
6
4
4
3
2
2
2
1
0
0
-1
-2
-4
-4
-5
-6
-7
-6
-8
-8
-8
-9
-9
-9
-10
-11
-12
-12
-13
-13
-13
-15
-14
-16
-16
-16
-16
-17
-19
-19
-20
-22
-22
-23
-22
-21
-21
-20
-20
-18
-17
-18
-19
-19
-19
-18
-19
-18
-18
-17
-17
-16
-15
-14
-14
-12
-10
-10
-7
-8
-7
-7
-6
-6
-6
-6
-5
-2
-1
2
4
4
3
3
4
5
6
7
8
9
10
11
12
12
13
12
13
14
14
14
14
12
12
15
15
15
15
15
15
14
17
16
18
18
18
17
15
15
16
15
16
18
17
17
16
16
15
15
15
16
17
16
16
15
14
15
15
15
12
12
12
9
7
7
4
2
3
1
0
0
0
0
-1
-1
-2
-6
-7
-7
-9
-8
-8
-8
-7
-6
-8
-8
-10
-11
-11
-11
-12
-12
-10
-12
-13
-12
-13
-13
-12
-12
-13
-13
-13
-14
-14
-13
-12
-13
-12
-11
-13
-12
-12
-13
-12
-12
-11
-11
-10
-10
-11
-11
-13
-13
-13
-15
-14
-13
-14
-11
-11
-10
-9
-9
-9
-11
-12
-11
-10
-9
-9
-8
-7
-7
-6
-6
-6
-6
-3
-2
-2
0
1
1
2
2
4
7
8
10
12
11
13
14
14
16
17
17
18
17
17
18
21
21
21
20
21
19
19
20
21
21
21
20
18
18
17
17
17
19
18
16
14
12
10
9
8
8
8
7
6
4
3
3
1
1
1
0
0
0
1
1
0
-1
-2
-3
-5
-6
-7
-9
-8
-8
-6
-7
-6
-6
-6
-5
-5
-6
-6
-8
-8
-8
-9
-8
-8
-8
-8
-8
-8
-9
-9
-9
-9
-8
-9
-9
-9
-8
-8
-7
-6
-6
-6
-5
-6
-6
-5
-4
-4
-4
-5
-5
-6
-5
-5
-5
-4
-3
-2
-2
-4
-4
-4
-5
-4
-3
-1
-1
-2
-1
-2
0
-1
1
0
0
-2
-1
-1
-3
-2
-1
-2
-2
-2
-5
-7
-8
-9
-8
-9
-6
-6
-5
-3
-4
-3
-2
-3
-5
-4
-5
-4
-5
-3
-2
-2
-1
0
1
0
1
2
2
4
4
5
5
6
8
8
8
11
12
12
12
12
12
15
15
17
16
15
14
14
14
16
17
19
18
16
16
13
12
12
11
9
10
9
6
7
8
6
6
7
5
5
4
2
1
0
-1
-2
-2
-2
-1
-1
-2
-1
-2
-2
-3
-1
-1
-1
-2
-2
-1
-3
-1
-2
-4
-3
-4
-5
-4
-3
-3
-5
-4
-5
-5
-4
-5
-5
-5
-4
-5
-5
-4
-5
-7
-8
-8
-10
-10
-8
-11
-11
-12
-13
-13
-12
-11
-12
-11
-12
-13
-15
-14
-13
-14
-13
-12
-12
-13
-13
-12
-12
-11
-9
-7
-7
-6
-7
-6
-6
-4
-4
-4
-4
-4
-2
-4
-4
-4
-4
-3
-1
-1
-2
-2
-2
-3
-1
-1
0
0
-1
-1
0
1
1
2
1
2
2
4
5
6
7
8
8
6
7
7
5
7
7
8
10
10
13
12
12
13
14
14
15
14
15
16
15
17
17
18
18
20
20
21
20
20
19
19
19
19
19
19
18
18
18
17
17
16
15
16
15
13
11
11
9
8
6
6
6
6
5
4
2
4
2
1
-2
-2
-5
-7
-9
-11
-12
-12
-13
-13
-12
-13
-13
-14
-16
-18
-19
-19
-21
-19
-19
-19
-19
-19
-20
-21
-20
-21
-20
-19
-21
-20
-20
-22
-20
-22
-22
-21
-21
-19
-19
-18
-16
-15
-15
-14
-14
-15
-14
-14
-14
-11
-10
-11
-9
-8
-8
-7
-5
-4
-5
-7
-7
-7
-8
-5
-3
-2
1
0
1
1
1
1
3
2
1
1
2
1
2
3
4
8
9
9
10
9
10
8
10
10
11
13
12
13
12
15
16
18
21
17
17
17
15
16
18
20
19
22
21
20
18
19
19
19
20
21
20
20
20
18
18
18
19
18
18
18
16
15
15
17
15
15
14
13
13
12
10
11
10
9
8
7
7
7
5
3
3
3
3
2
1
1
-1
-2
-2
-4
-4
-6
-8
-6
-8
-9
-10
-9
-11
-13
-13
-15
-17
-16
-17
-16
-16
-17
-19
-20
-20
-21
-22
-23
-22
-21
-22
-21
-23
-24
-24
-24
-25
-25
-24
-23
-25
-24
-24
-26
-25
-25
-25
-23
-22
-21
-21
-21
-22
-21
-20
-19
-17
-15
-14
-13
-12
-11
-11
-9
-7
-6
-6
-5
-4
-4
-2
-2
-1
-1
0
1
3
3
6
7
7
7
8
8
10
11
12
13
14
16
15
16
16
16
17
17
18
19
17
16
15
15
14
16
17
17
18
18
17
16
15
16
17
17
18
18
18
19
18
19
19
20
20
21
20
21
21
20
21
22
22
22
20
21
20
20
21
22
23
21
20
17
16
17
15
15
16
15
15
14
12
12
12
10
10
10
9
5
4
2
-1
-2
-3
-4
-5
-6
-8
-9
-9
-10
-9
-11
-11
-13
-15
-17
-18
-18
-19
-17
-18
-18
-17
-19
-22
-23
-25
-23
-24
-26
-26
-27
-29
-29
-29
-27
-26
-26
-26
-25
-25
-26
-27
-27
-29
-29
-31
-31
-30
-28
-28
-27
-26
-26
-25
-26
-27
-26
-25
-25
-24
-23
-22
-21
-19
-17
-17
-16
-15
-15
-14
-12
-10
-10
-9
-9
-9
-7
-7
-5
0
1
3
6
7
7
7
7
9
10
12
14
15
15
17
19
21
22
22
22
23
22
22
22
24
26
28
30
32
32
31
33
33
34
34
35
35
34
34
33
32
33
33
33
33
32
31
30
29
28
28
27
27
26
24
23
22
22
21
20
20
19
17
15
13
11
11
10
9
8
6
5
5
3
1
0
1
0
-1
-3
-5
-7
-8
-8
-9
-8
-8
-8
-10
-11
-10
-14
-14
-13
-14
-14
-13
-14
-15
-16
-17
-18
-19
-19
-20
-21
-22
-22
-22
-22
-23
-23
-24
-25
-27
-27
-27
-28
-28
-28
-27
-28
-28
-28
-28
-26
-26
-26
-25
-26
-25
-26
-25
-24
-24
-23
-23
-22
-23
-23
-22
-20
-20
-18
-16
-16
-15
-14
-13
-10
-8
-5
-4
-4
-3
-3
-3
-2
0
2
3
5
5
6
7
7
8
9
11
13
11
12
14
15
18
20
23
23
23
22
23
21
21
21
22
22
22
23
22
23
24
25
25
26
25
23
24
22
23
21
20
20
20
20
20
21
20
19
18
15
13
13
14
14
14
17
17
17
17
13
10
11
9
11
9
10
8
6
4
3
2
3
3
2
3
1
0
-2
-2
-2
-3
-2
-4
-4
-4
-4
-5
-5
-5
-7
-7
-9
-10
-11
-12
-13
-13
-11
-12
-10
-10
-9
-9
-10
-11
-12
-14
-12
-11
-11
-11
-10
-10
-11
-11
-11
-12
-13
-12
-12
-12
-12
-13
-13
-15
-17
-15
-16
-16
-17
-18
-18
-18
-18
-16
-16
-15
-17
-18
-18
-18
-18
-17
-18
-17
-18
-18
-18
-19
-18
-17
-15
-15
-15
-15
-15
-13
-11
-9
-8
-9
-7
-8
-8
-6
-2
1
3
6
7
6
5
5
4
5
7
8
11
12
11
11
12
11
14
14
15
17
18
18
18
20
21
20
21
21
21
21
22
22
21
19
20
20
20
20
19
20
19
20
20
19
20
18
16
14
14
16
16
14
16
15
13
12
11
10
9
9
9
9
8
7
5
3
3
4
3
5
2
2
1
-1
-2
-2
-2
-2
-3
-3
-1
-1
-1
-1
0
0
0
-1
0
-1
1
2
2
3
3
2
1
0
1
-1
0
0
-1
-2
-2
-3
-4
-4
-4
-4
-3
-4
-4
-7
-8
-8
-9
-11
-11
-12
-14
-16
-16
-18
-19
-19
-19
-19
-19
-19
-19
-20
-22
-22
-23
-24
-23
-24
-25
-24
-24
-26
-25
-25
-25
-24
-23
-23
-22
-22
-22
-21
-21
-19
-18
-17
-17
-15
-15
-14
-13
-13
-12
-10
-12
-10
-8
-8
-4
-1
0
1
1
3
3
5
7
9
8
10
12
11
13
15
16
18
18
18
19
18
16
17
20
20
21
23
23
24
26
27
25
25
27
24
24
23
23
22
21
20
21
20
19
19
20
21
19
19
20
19
20
19
17
17
15
14
14
14
13
11
12
11
10
12
10
9
8
6
5
5
4
3
4
4
4
4
3
3
3
2
2
2
2
1
-1
-1
-1
-2
-2
-3
-2
-4
-3
-5
-5
-7
-9
-10
-11
-11
-12
-12
-14
-16
-17
-17
-17
-16
-15
-15
-16
-17
-19
-20
-20
-19
-20
-20
-20
-21
-19
-21
-22
-22
-23
-23
-25
-25
-25
-24
-23
-23
-23
-22
-20
-21
-20
-20
-20
-20
-19
-19
-18
-18
-19
-20
-19
-17
-15
-14
-13
-12
-11
-11
-11
-10
-9
-8
-8
-6
-6
-4
-1
0
2
5
5
8
8
9
8
11
13
13
16
17
18
20
23
24
26
28
27
28
28
30
29
29
30
31
30
31
31
31
31
31
31
31
31
30
32
32
31
30
28
27
25
23
23
22
23
22
21
20
18
15
13
12
11
9
9
7
4
2
1
0
-1
-2
-4
-3
-5
-7
-9
-11
-11
-11
-12
-12
-13
-12
-14
-16
-15
-15
-16
-15
-17
-18
-18
-20
-20
-21
-20
-21
-20
-22
-22
-21
-21
-18
-18
-18
-15
-16
-16
-16
-17
-16
-16
-15
-15
-14
-15
-14
-12
-12
-11
-12
-11
-11
-12
-11
-10
-9
-10
-10
-8
-10
-10
-9
-9
-8
-7
-5
-4
-3
-3
-4
-4
-4
-3
-2
-2
-1
0
0
1
0
0
0
1
1
0
0
1
2
1
3
3
4
4
5
6
6
7
7
6
7
6
6
6
8
8
9
9
10
10
9
10
8
8
8
8
9
9
9
9
11
10
10
10
10
9
10
9
9
9
9
9
10
8
7
8
8
7
9
9
8
8
8
8
6
7
8
8
9
9
9
10
7
7
6
5
4
4
3
3
1
2
2
2
4
5
5
6
4
4
4
2
2
1
2
1
2
1
2
1
0
-1
-3
-1
-1
0
-1
0
-1
-1
-3
-3
-5
-6
-6
-6
-5
-5
-5
-7
-8
-9
-9
-10
-9
-9
-8
-10
-10
-8
-8
-8
-9
-10
-10
-12
-12
-13
-14
-13
-13
-13
-13
-11
-11
-12
-10
-10
-11
-10
-9
-10
-9
-8
-7
-8
-8
-9
-10
-10
-8
-8
-6
-5
-5
-5
-4
-5
-5
-6
-4
-5
-5
-5
-5
-6
-4
-2
0
1
2
3
2
1
0
1
0
1
3
4
5
4
5
4
4
5
4
4
4
4
4
6
7
7
7
7
9
8
10
11
11
12
12
12
12
11
11
12
11
12
14
15
15
14
14
13
13
13
13
12
12
12
11
11
11
9
9
10
10
8
9
8
6
6
7
7
8
7
7
6
5
3
2
1
0
0
-1
-3
-3
-4
-4
-4
-4
-3
-3
-5
-5
-6
-6
-6
-7
-6
-7
-8
-9
-9
-10
-11
-11
-8
-9
-8
-9
-10
-10
-10
-10
-10
-10
-9
-10
-10
-9
-9
-9
-8
-8
-9
-9
-7
-8
-8
-8
-7
-6
-7
-5
-6
-6
-5
-7
-7
-5
-5
-7
-5
-6
-7
-6
-7
-5
-4
-4
-4
-3
-3
-2
-2
0
0
1
1
0
-1
0
-2
-4
-1
0
0
3
2
3
5
4
4
5
5
6
6
6
6
5
7
8
8
8
8
7
8
8
8
8
9
8
8
8
9
9
7
8
7
5
6
5
6
5
6
6
7
6
7
8
8
8
8
6
5
5
4
4
5
4
4
4
3
2
3
3
2
2
2
1
-1
-1
-2
-1
-1
0
-1
-2
-2
-3
-4
-5
-6
-7
-8
-9
-10
-10
-9
-9
-10
-8
-9
-9
-9
-9
-9
-10
-11
-12
-11
-11
-11
-10
-8
-8
-7
-7
-7
-8
-7
-5
-6
-5
-5
-5
-6
-7
-8
-7
-6
-6
-3
-2
-3
-2
-4
-3
-4
-3
-1
-1
-3
-2
-2
-4
-2
-1
0
0
1
1
0
1
0
1
3
3
4
5
5
4
5
6
7
8
10
9
9
8
8
9
9
10
11
12
12
14
14
16
15
15
16
15
16
16
15
15
13
14
12
12
12
10
11
10
8
9
8
8
8
7
7
5
4
3
3
2
2
0
0
-1
-2
-3
-4
-4
-7
-7
-7
-8
-9
-9
-10
-9
-8
-9
-8
-8
-9
-8
-8
-8
-7
-6
-5
-6
-5
-3
-5
-4
-4
-5
-4
-3
-3
-3
-2
-2
-1
0
-1
-1
-1
-1
-1
-1
-1
-2
-3
-3
-4
-3
-4
-6
-8
-6
-7
-9
-9
-8
-10
-11
-11
-12
-12
-11
-11
-11
-9
-10
-10
-9
-8
-9
-8
-8
-10
-10
-10
-9
-9
-6
-6
-5
-5
-5
-6
-7
-4
-4
-2
1
0
0
0
-1
-2
1
1
3
3
3
2
1
1
0
2
3
5
5
4
4
3
2
2
3
3
2
4
2
3
4
5
5
6
8
8
8
8
7
10
10
10
12
13
13
13
14
13
15
17
17
18
18
17
18
18
20
20
21
19
19
18
18
16
14
13
13
14
13
14
10
10
8
8
8
7
5
5
4
2
0
0
-1
-2
-1
-3
-5
-7
-8
-9
-11
-11
-11
-10
-9
-10
-10
-10
-11
-11
-9
-8
-8
-7
-7
-10
-10
-8
-7
-6
-4
-2
-3
-4
-5
-5
-5
-5
-5
-6
-6
-6
-7
-4
-5
-5
-5
-7
-8
-9
-11
-11
-11
-11
-13
-13
-15
-17
-18
-17
-17
-17
-15
-17
-18
-19
-19
-19
-20
-18
-17
-17
-17
-17
-17
-17
-17
-17
-17
-16
-16
-15
-14
-13
-12
-11
-9
-7
-7
-5
-6
-4
-3
1
3
5
8
9
9
10
10
11
13
13
15
16
16
15
15
16
16
16
17
17
16
16
15
15
17
16
16
16
16
14
14
13
14
15
16
18
18
18
18
18
17
18
19
18
20
19
17
17
17
18
18
19
20
20
21
21
21
19
19
20
20
19
19
18
17
15
14
14
15
13
11
8
7
4
1
0
-1
-2
-4
-6
-6
-10
-10
-12
-14
-17
-18
-21
-22
-25
-26
-26
-26
-26
-24
-25
-25
-26
-28
-27
-25
-24
-22
-22
-20
-21
-22
-21
-20
-19
-18
-18
-16
-15
-14
-14
-13
-12
-10
-9
-7
-6
-7
-6
-5
-4
-2
-2
-1
-3
-4
-4
-3
-4
-4
-3
-4
-6
-7
-8
-8
-9
-9
-9
-8
-9
-10
-10
-11
-12
-12
-12
-11
-11
-11
-9
-8
-8
-7
-6
-5
-3
-3
-2
-1
0
2
3
4
5
6
6
8
11
12
14
16
16
16
17
17
18
19
20
23
25
26
26
25
25
24
22
21
20
21
21
22
22
21
21
22
20
21
21
19
17
16
15
14
14
14
14
15
15
15
14
11
11
12
11
10
10
10
7
5
6
6
6
6
7
6
5
5
3
2
2
1
0
0
-1
-3
-5
-6
-7
-6
-7
-8
-10
-12
-14
-16
-18
-16
-16
-18
-17
-20
-19
-21
-22
-22
-22
-24
-23
-24
-26
-26
-27
-27
-27
-26
-24
-26
-24
-23
-24
-23
-21
-19
-19
-18
-18
-18
-17
-15
-15
-14
-13
-12
-12
-12
-12
-10
-8
-7
-6
-7
-5
-6
-6
-5
-3
-3
-2
0
-1
0
-1
-2
-1
0
1
1
2
1
1
1
3
4
6
6
8
8
8
10
9
11
11
12
11
11
11
10
11
13
12
14
14
14
14
13
14
14
15
16
17
17
18
18
17
17
17
17
18
18
18
18
17
18
18
19
19
18
19
18
18
17
18
17
17
16
15
14
13
13
12
12
11
11
9
9
9
8
8
6
6
5
4
6
4
5
4
4
3
3
1
1
1
-3
-5
-7
-7
-7
-7
-6
-6
-5
-6
-8
-9
-10
-11
-12
-12
-14
-15
-16
-15
-15
-15
-15
-16
-15
-17
-19
-19
-21
-20
-20
-18
-17
-18
-19
-21
-19
-19
-20
-17
-17
-18
-18
-19
-19
-18
-17
-16
-15
-14
-14
-13
-14
-14
-12
-11
-11
-9
-10
-9
-9
-11
-9
-7
-6
-5
-6
-6
-6
-8
-6
-5
-5
-5
-3
-2
-1
-1
-2
-3
-1
-1
0
1
1
1
0
0
0
2
2
1
0
1
1
2
4
4
6
8
10
9
11
11
10
12
12
13
13
14
16
16
15
14
14
14
16
19
20
22
21
20
20
21
22
23
23
24
25
23
23
22
21
22
22
23
24
21
20
20
16
16
15
15
15
13
13
12
10
10
9
8
6
7
5
5
4
1
1
-1
0
-2
-2
-1
-1
-2
-2
-3
-5
-6
-6
-6
-7
-7
-7
-9
-9
-10
-10
-11
-10
-10
-9
-10
-11
-12
-12
-13
-12
-11
-13
-15
-16
-17
-17
-18
-17
-15
-17
-17
-18
-20
-20
-21
-20
-18
-18
-18
-18
-18
-17
-17
-15
-13
-14
-13
-14
-13
-14
-13
-12
-12
-10
-10
-10
-11
-9
-9
-9
-8
-7
-7
-6
-6
-6
-6
-6
-6
-5
-5
-3
-2
-1
-2
-1
0
0
0
1
2
2
3
4
5
6
7
6
5
4
4
4
6
5
7
8
7
7
8
7
9
11
10
11
10
9
9
11
13
13
14
16
16
16
16
15
17
17
17
18
16
17
18
16
17
17
17
16
17
17
18
17
16
15
16
15
13
15
13
12
11
10
9
8
8
8
6
8
7
6
5
4
3
1
-2
-2
-3
-6
-5
-4
-4
-4
-3
-6
-8
-8
-8
-8
-7
-7
-8
-9
-10
-11
-11
-12
-11
-11
-10
-10
-9
-11
-11
-13
-14
-15
-14
-13
-11
-11
-10
-9
-12
-14
-13
-13
-12
-11
-12
-13
-15
-16
-16
-15
-16
-16
-15
-15
-16
-14
-16
-15
-15
-14
-14
-14
-12
-11
-11
-10
-8
-9
-9
-9
-9
-8
-6
-5
-3
-3
-2
-3
-4
-3
-1
-1
1
2
4
4
3
5
6
6
8
10
10
13
12
12
12
12
11
9
11
14
16
18
17
16
16
13
13
13
14
16
18
17
17
17
15
16
14
13
13
14
16
16
15
15
13
9
10
10
11
12
11
9
8
6
6
7
9
10
9
6
4
1
1
2
3
3
5
4
4
3
5
4
5
6
6
5
5
2
0
-1
-1
0
0
1
-1
-3
-3
-6
-5
-1
-1
-2
-2
-7
-6
-6
-9
-8
-9
-10
-10
-11
-11
-11
-14
-16
-17
-17
-18
-19
-18
-21
-20
-20
-21
-19
-18
-17
-16
-17
-15
-13
-15
-14
-16
-17
-15
-15
-13
-9
-10
-9
-5
-8
-7
-8
-10
-10
-8
-7
-5
-4
-6
-7
-7
-6
-3
2
3
3
4
-1
1
-1
0
2
3
6
6
4
3
3
2
3
3
2
3
2
1
2
0
3
7
7
9
9
8
8
7
7
9
8
9
10
9
8
13
13
13
15
12
10
13
11
10
14
12
7
13
10
9
13
10
11
12
9
6
9
4
4
5
3
7
6
6
9
8
4
8
5
2
1
3
0
1
0
-3
-1
-2
-1
0
-1
-2
-1
-4
-4
2
4
4
3
3
-2
-1
-2
-1
5
5
7
9
5
4
-1
-1
-2
1
-1
2
3
1
3
-2
-1
-2
-6
-5
-4
0
-1
1
0
-2
-3
-5
-5
-6
0
-1
-5
-4
-6
-9
-9
-7
-10
-5
-6
-5
-6
-7
-9
-12
-11
-10
-9
-10
-7
-12
-11
-8
-13
-13
-9
-15
-12
-5
-10
-4
0
-5
-6
-6
-7
-8
-8
-8
-5
-5
-1
-8
-4
-4
-6
-2
-7
-8
-2
-6
-7
-2
-6
-3
-5
-9
3
2
-4
11
3
3
5
-2
2
4
-3
2
6
0
4
2
7
3
5
4
0
10
3
8
12
5
4
7
3
11
7
6
11
15
10
11
14
6
11
6
2
9
7
5
15
14
13
16
12
7
10
10
14
13
13
10
4
8
2
1
7
4
7
7
0
-2
4
-8
-5
-4
-6
-2
4
2
-1
6
2
-3
-10
0
0
-3
6
4
4
3
-8
-8
0
-13
-5
6
-1
0
1
-5
-13
-13
-10
-11
-1
1
-8
-3
-8
-12
-1
-3
-5
-8
1
-2
-13
3
1
-12
-4
-8
-13
0
1
-9
5
-3
-20
-17
-8
-24
-10
1
-11
2
0
-14
-5
-4
-13
-9
-4
-7
2
3
-11
9
-7
-10
-4
-6
4
11
1
-2
0
-8
-5
-9
0
-1
4
4
5
-4
2
4
17
10
7
16
2
6
1
6
-1
8
6
0
-3
3
0
9
9
1
9
4
1
6
2
12
3
-1
5
3
16
9
11
17
21
-3
5
14
3
7
17
6
3
8
0
7
17
7
11
12
4
5
11
2
5
4
9
-4
4
5
2
1
5
7
4
5
-4
-2
-6
-16
-12
-2
3
-2
-5
-10
-11
-8
-13
8
-21
8
5
-20
-3
-13
-4
-17
-16
-13
0
-8
-11
2
5
-2
-10
-1
1
-14
-5
-2
-10
-6
-12
-7
-8
-2
-17
3
-6
2
-5
-4
-1
-5
-6
-5
-10
-10
-4
-10
-10
-16
-6
-23
-4
0
-10
-9
-10
-15
-8
7
-17
-9
-6
-22
-20
-6
-3
-4
3
-1
-19
16
-23
-11
7
-3
-10
14
5
-8
16
-7
12
-1
15
-1
24
11
-2
25
10
1
16
14
16
13
8
3
5
17
2
23
-5
27
11
11
13
9
17
13
9
10
22
-2
15
12
17
25
4
19
14
0
25
-10
10
12
-2
8
34
-16
11
12
11
6
25
3
17
13
2
10
14
7
1
37
-23
35
-9
-1
20
-7
9
44
-34
26
20
-30
31
4
-25
37
-23
-13
18
-23
6
4
1
-12
31
-41
5
-25
-30
-13
-39
-3
-13
-10
-24
1
-48
-10
-31
-25
-5
-24
-17
0
-50
22
-36
-21
-15
-28
-27
-32
-12
-32
-17
-17
-36
-17
-10
-35
-18
-19
-36
-3
-22
-27
14
-39
4
-14
-26
8
-24
-2
2
-19
-2
-20
5
-17
-15
11
-18
6
-1
-24
35
-1
-32
31
1
-8
20
-18
36
-18
16
9
-21
29
5
10
30
5
4
38
0
17
35
6
38
-12
25
34
-2
45
24
12
49
-23
31
47
-2
28
27
25
24
14
13
33
26
16
54
24
31
40
1
45
-12
29
33
0
17
8
42
-9
27
20
7
19
-12
3
7
25
-24
10
48
-46
29
5
-35
38
-36
17
12
-3
-19
-4
-5
-32
10
1
-6
3
-13
-9
-28
-17
-7
-4
16
-25
-8
-17
-14
-10
-26
-5
-20
-18
-15
-8
-36
6
-31
-27
4
-17
-24
-7
-27
-35
4
-46
-19
-12
-16
-32
-1
-29
-18
-30
-7
-39
-8
-43
-14
-21
-36
-6
-16
-32
-8
-30
-13
-18
-23
-25
-3
-19
-7
-20
2
-40
-14
-1
-26
-3
-10
-1
-13
15
-13
1
-2
-12
8
-8
11
-1
-8
16
-5
19
23
5
24
19
3
11
2
27
-2
48
11
22
19
26
8
7
61
-23
49
29
2
33
25
40
-3
65
11
34
33
18
44
13
43
10
54
13
43
7
63
12
31
35
30
17
49
19
34
32
29
20
28
15
12
30
18
20
28
20
1
31
-18
29
-8
12
-1
18
-21
24
-10
-13
46
-43
22
-15
-26
-5
-13
-11
-18
-4
-30
2
-40
-20
-19
-17
-34
-28
-27
-38
-26
-24
-18
-27
-9
-58
-8
-44
-40
-26
-25
-31
-16
-28
-34
-15
-43
-35
-8
-42
-32
-30
-41
-25
-27
-29
-11
-17
-29
-18
-28
-8
-38
-19
-25
-15
-34
-7
-40
-14
-32
-14
-15
-26
-10
-25
-19
-20
-11
-35
-16
-27
-22
-9
-32
15
-12
-20
11
6
-21
3
-10
4
15
-4
5
16
0
-2
24
9
15
24
25
28
15
21
26
13
33
14
38
28
35
19
47
26
23
39
39
20
46
40
22
37
29
43
31
28
28
34
26
37
34
34
13
38
16
24
28
26
17
31
23
25
35
19
28
25
23
22
33
10
23
36
4
29
15
19
31
5
40
24
12
22
0
5
20
4
17
10
11
4
25
-29
26
-12
11
-3
-9
21
-15
-1
-10
-12
-21
-2
-48
28
-48
10
-23
-38
-6
-46
-45
-1
-50
-38
8
-72
-24
-30
-60
-35
-33
-55
-29
-56
-44
-32
-65
-25
-56
-42
-28
-49
-36
-36
-65
-21
-58
-54
-17
-54
-43
-32
-42
-47
-13
-72
-13
-48
-43
-22
-23
-32
-24
-15
-39
-19
-22
-19
-23
-1
-15
-11
-1
-26
-4
-18
-5
-18
12
-10
9
12
-6
24
5
8
16
17
19
31
8
37
29
27
27
33
31
40
35
29
43
35
42
48
45
56
45
41
47
52
39
47
55
52
45
50
57
39
58
48
39
49
36
36
52
37
39
47
40
30
39
25
21
27
22
17
30
18
26
23
3
12
3
12
0
15
12
3
8
2
-2
-8
-6
-9
-10
-11
-4
-14
-10
-8
-6
-14
-2
-14
-6
-10
-23
-15
-16
-8
-16
-15
0
-16
-17
-12
-17
-10
-20
-20
-19
-14
-20
-30
-14
-22
-22
-19
-29
-29
-26
-34
-31
-37
-32
-29
-40
-32
-33
-47
-37
-39
-39
-37
-35
-34
-32
-36
-31
-35
-38
-34
-40
-36
-33
-31
-31
-36
-30
-33
-30
-26
-18
-25
-24
-16
-29
-7
-13
-22
5
-4
-10
9
3
5
9
10
7
13
5
10
12
15
22
19
23
25
13
29
17
19
29
29
25
26
24
19
22
24
20
31
27
28
31
22
32
27
22
25
27
17
24
27
24
27
15
28
21
26
21
23
27
24
26
20
22
23
25
19
27
19
26
29
24
38
28
25
25
23
15
19
15
13
20
17
22
14
13
13
9
10
9
10
5
6
0
3
-1
-1
-1
-4
-4
0
-1
-6
-4
-7
-14
-9
-12
-7
-7
-15
-17
-18
-21
-22
-21
-18
-15
-16
-23
-20
-23
-25
-27
-27
-19
-23
-27
-24
-21
-26
-26
-13
-19
-22
-19
-24
-29
-26
-26
-28
-31
-26
-23
-27
-30
-37
-38
-43
-36
-32
-38
-33
-33
-36
-34
-30
-30
-33
-37
-34
-42
-33
-32
-33
-21
-24
-18
-20
-18
-22
-15
-14
-9
-1
2
-2
4
9
0
10
13
11
23
16
25
23
30
27
28
26
23
30
21
26
25
23
24
24
24
25
26
13
-1
23
31
22
29
20
0
9
6
25
47
31
30
18
31
66
20
16
-6
-4
-1
38
105
101
10
-47
-14
12
172
96
71
-81
-113
-139
-37
38
177
51
-58
-146
-97
55
28
32
-14
-31
-80
13
-6
154
4
-18
-92
-2
58
202
186
108
65
-20
58
69
131
132
63
-11
55
-60
157
45
8
-34
-27
44
104
1
26
-50
-115
-51
-104
-28
-22
28
-124
-14
-108
-40
-63
-146
-28
-100
-51
-98
21
-81
15
-209
-64
-207
-61
522
150
246
-373
-41
-161
106
-164
231
-64
-19
-99
-323
29
-226
62
-128
-136
-50
-123
-166
121
-179
96
-246
-215
-41
-152
160
-18
-99
-57
57
-14
239
-25
-111
92
-31
-70
-28
-318
0
-195
-67
-29
-42
186
160
81
35
-21
-34
15
164
37
85
81
144
178
101
30
25
-11
0
1
145
201
80
36
-1
121
116
121
99
64
57
-9
64
110
-24
-24
-86
242
270
268
236
12
57
128
-66
98
116
68
186
-142
-16
-5
-7
103
-163
-9
-27
-106
50
-35
-20
-32
-129
-113
-108
12
-62
-17
-15
-34
43
-33
-4
28
69
114
75
-6
-55
-16
-100
-50
-214
-109
106
-12
-26
-30
-57
-27
-98
-130
-2
-5
-25
-26
-38
-22
49
-7
7
-77
-37
-126
-56
14
-25
-62
-46
-17
65
5
-47
-12
-44
22
19
-31
-108
-39
-35
21
-32
-80
-84
8
-39
36
-54
-118
22
-93
-12
-40
14
22
-44
10
37
19
30
-18
-17
-12
-23
24
4
13
59
-19
-3
74
-25
15
7
-25
-12
-56
-15
-17
-13
-34
-33
-26
-71
-37
-17
0
-34
-60
-29
24
43
-41
-37
18
76
42
47
59
56
46
112
97
109
133
172
153
137
131
140
155
95
122
186
196
115
127
140
144
125
80
72
90
89
53
22
15
-19
-31
-17
-86
-110
-147
-155
-207
-196
-234
-307
-264
-296
-305
-278
-271
-297
-300
-299
-250
-297
-219
-225
-229
-206
-150
-92
-11
19
49
123
173
263
332
343
419
443
456
529
492
532
552
552
536
542
504
551
518
438
385
283
206
135
8
-107
-204
-308
-398
-487
-571
-640
-698
-811
-847
-838
-828
-884
-856
-835
-767
-793
-724
-679
-659
-549
-589
-436
-375
-280
-198
-153
17
234
329
473
630
692
715
764
841
948
954
1016
1122
1147
1167
1181
1166
1148
1142
1133
1064
923
936
700
537
288
70
-150
-275
-460
-650
-774
-934
-1005
-1180
-1215
-1316
-1249
-1224
-1159
-1197
-1109
-1049
-1065
-978
-954
-870
-839
-703
-641
-468
-409
-413
-440
-449
-387
-339
-238
-44
131
389
558
639
1038
1099
1035
1064
1341
1506
1563
1769
1920
2039
1986
2057
2032
2024
1896
1840
1646
1481
1414
1102
683
373
35
-341
-608
-906
-1196
-1452
-1624
-1881
-2076
-2195
-2224
-2201
-2090
-2072
-2030
-1841
-1755
-1722
-1620
-1527
-1421
-1241
-1031
-884
-721
-523
-570
-648
-635
-459
-448
-517
-364
-418
-166
219
368
301
812
1215
1133
1044
1268
1670
1889
2013
2159
2442
2626
2707
2565
2586
2569
2557
2380
1979
1965
1783
1180
573
148
-331
-796
-1225
-1636
-2123
-2198
-2368
-2748
-2908
-2898
-2969
-2944
-2714
-2600
-2288
-2112
-2137
-2167
-2035
-1718
-1661
-1360
-1079
-873
-703
-472
-501
-535
-440
-623
-729
-490
-317
-260
295
797
780
1091
1814
1895
1618
1964
2582
2994
3358
3602
3910
4331
4408
4201
4135
4105
4103
3903
3457
3267
3044
2355
1343
617
69
-759
-1341
-1923
-2600
-2962
-3253
-3710
-3947
-3849
-3948
-3950
-3668
-3308
-2972
-2882
-2704
-2667
-2525
-2245
-2004
-1579
-1269
-1207
-994
-669
-657
-823
-720
-854
-1073
-824
-712
-817
-619
115
525
423
1048
1821
1952
1950
2182
2681
3271
3665
3803
4312
4810
4714
4712
4595
4442
4281
3904
3447
2923
2507
1626
646
-154
-975
-1843
-2429
-3143
-3694
-3965
-4295
-4579
-4786
-4693
-4669
-4405
-3957
-3568
-3276
-2947
-2808
-2668
-2308
-2087
-1845
-1460
-1024
-683
-385
-276
-457
-517
-443
-621
-712
-643
-414
-340
-401
87
852
1054
1193
1912
2392
2193
2279
3069
3624
3670
3777
4380
4939
4841
4492
4378
4269
4077
3693
3094
2658
2249
1580
527
-439
-1150
-1999
-2814
-3467
-3752
-4125
-4379
-4502
-4758
-4702
-4539
-4212
-3695
-3127
-2664
-2191
-1883
-1769
-1618
-1349
-957
-452
-36
310
660
753
671
321
167
82
-94
-187
49
126
-72
39
700
1227
1034
1284
2285
2711
2518
2566
3181
3785
3866
3815
4500
5073
4774
4228
4043
3882
3678
3256
2542
1840
1548
922
-294
-1367
-2068
-2929
-3705
-4080
-4597
-4888
-4740
-4782
-4940
-4722
-4416
-4077
-3648
-3020
-2813
-2428
-1954
-1730
-1570
-1271
-906
-542
40
237
450
696
457
-124
-322
-556
-841
-678
-523
-642
-515
364
1247
1095
1000
1988
2542
2252
2197
2888
3820
3955
3893
4366
4868
4715
4133
3858
3894
3643
3141
2549
1809
1409
618
-558
-1565
-2304
-3231
-3911
-4310
-4774
-5100
-4988
-4967
-4979
-4689
-4349
-4058
-3414
-2738
-2259
-1678
-1321
-1256
-957
-640
-520
41
668
962
980
1178
949
324
-105
-293
-743
-739
-363
-518
-593
-306
-153
92
714
785
1341
2641
3061
2331
2550
3858
4307
3877
4090
5171
5292
4713
4342
4142
3949
3522
2769
1907
1678
1085
-34
-1047
-1788
-2632
-3629
-4183
-4460
-4656
-4506
-4109
-4007
-3831
-3504
-2966
-2408
-1779
-1347
-904
-394
59
93
172
376
578
946
1122
998
1101
1123
408
-433
-820
-1220
-1686
-1442
-1327
-1437
-1334
-1023
-358
221
167
546
1905
2517
1935
1972
3364
4059
3490
3316
4216
4578
3627
2899
2866
2647
2067
1303
929
605
-121
-1134
-2040
-2877
-3623
-4203
-4594
-4553
-4412
-4184
-3839
-3357
-2908
-2371
-1789
-1190
-497
-10
159
249
451
386
92
-68
-148
-205
-99
-273
-375
-598
-1158
-1703
-2043
-2328
-2634
-2269
-1623
-1397
-1349
-1225
-1024
540
2048
2803
3902
5232
5453
4336
3106
3968
4725
3970
4442
4718
3326
1352
-621
-2031
-2727
-3417
-3255
-2500
-2176
-2137
-2561
-3122
-3014
-2751
-2466
-1438
492
1421
1720
1776
1650
1478
1435
1117
751
998
745
-394
-1497
-2302
-2512
-3009
-3414
-3219
-2555
-1826
-1619
-1643
-1527
-1347
-1276
-1165
-890
-494
-27
655
1055
1246
1622
1608
1759
3435
6254
7369
7431
7836
6480
3227
368
-987
-1252
-1563
-1885
-1678
-2346
-3700
-4008
-3192
-2036
-42
2833
4589
5174
4913
3502
1494
-167
-1763
-2755
-2275
-1720
-2291
-3185
-3446
-3600
-3372
-1883
-114
1507
2995
3063
1605
-100
-1496
-3012
-4043
-4352
-4369
-3927
-3282
-3033
-2704
-1850
-956
-421
48
793
777
386
462
443
-184
-502
-905
-972
1693
5730
6906
6669
7081
5785
2157
-741
-833
502
1088
702
-131
-1910
-4026
-4773
-4173
-2825
89
3747
5562
5335
4417
2653
151
-2013
-3348
-3601
-2551
-1799
-2410
-3078
-2792
-1828
-366
1287
2715
3669
3919
2784
486
-2331
-4865
-6380
-7427
-7777
-6983
-5154
-2618
-259
899
2037
3413
3123
2513
2510
1708
415
-62
-866
-2445
-3270
-3913
-3433
293
4724
5960
6482
7341
5991
2704
1055
1801
3202
3375
2278
441
-2056
-3964
-4364
-3522
-1389
2314
5373
6330
5661
4184
1992
-470
-2501
-3736
-3765
-2936
-2525
-3046
-3288
-2382
-386
1774
3652
5291
5996
4755
1692
-1937
-5253
-7404
-8125
-7906
-6771
-4818
-2734
-800
778
1852
3077
3713
2854
1323
148
-1435
-2874
-3103
-2905
-2913
-3154
-3303
-1574
3048
6792
7541
8292
9054
7190
3552
1630
1875
2051
825
-704
-2627
-4654
-5193
-4053
-2300
460
4329
7012
7137
6015
4028
1068
-1642
-3906
-5416
-5458
-4564
-4277
-4208
-3435
-1669
918
3626
5440
5732
4688
2284
-1233
-4997
-7658
-8680
-8399
-7644
-6427
-4825
-2794
-704
1025
2530
3706
3700
2323
566
-1157
-2700
-3598
-3260
-2649
-2289
-2247
-2241
168
5318
8733
9110
9847
10073
7092
2675
463
481
124
-1360
-2420
-3773
-5305
-5140
-3016
-568
2685
6556
8525
7828
5892
3116
-634
-3966
-6002
-6929
-6649
-5130
-3807
-3311
-2280
-61
2527
5274
7023
6285
4027
1146
-2713
-6759
-9132
-9185
-8161
-7078
-5728
-3760
-1561
1006
3277
4682
5293
4858
3049
963
-940
-2770
-3821
-3333
-2708
-2540
-2423
-1474
1807
7029
10280
10501
10372
9391
5847
1411
-687
-557
-693
-2190
-3603
-5035
-6123
-5050
-2187
851
4584
8047
8846
7139
4427
972
-2777
-5437
-6931
-7445
-6670
-4864
-3531
-2674
-1213
1143
3460
5800
7854
7541
4663
997
-3047
-7567
-10164
-10163
-8660
-6456
-4443
-2745
-391
1760
3476
5042
5565
4805
3331
1238
-1270
-2981
-3889
-3879
-3070
-2625
-2509
-2001
697
6095
10644
11481
11021
10075
6846
1683
-1785
-2247
-2056
-3253
-4590
-5398
-6398
-6125
-3449
164
3847
7529
9241
7811
4930
1685
-2384
-5929
-7410
-7548
-6972
-5431
-3547
-2704
-1797
355
2717
4791
6565
6789
4497
1021
-2870
-7099
-9924
-10328
-9027
-6946
-4725
-2868
-925
1380
3415
4967
5646
5054
3440
1434
-843
-2941
-4127
-3953
-2972
-2552
-2568
-2030
345
5143
10239
12034
11477
10166
7113
2199
-1758
-2622
-1887
-2483
-4017
-5068
-6295
-6626
-4294
-273
3619
7268
9356
8318
5191
1812
-1805
-5290
-7051
-7083
-6521
-5339
-3582
-2645
-2069
-210
2367
4389
5663
5895
4953
3217
-62
-4933
-9035
-10426
-10129
-8703
-6228
-3077
-318
1873
3711
5065
5580
5746
5495
4155
2271
104
-2114
-2884
-2103
-1796
-2046
-1563
-562
1807
6992
11525
11983
10498
8345
4598
-246
-3122
-2836
-1940
-2944
-4190
-4916
-6143
-5910
-2425
2049
5760
8664
9215
6735
3162
12
-3225
-6003
-7216
-7138
-6571
-5478
-4558
-4115
-2812
-345
2225
4043
4729
4688
4406
2714
-1459
-5805
-8561
-9827
-9530
-7622
-4593
-1476
805
2779
4553
5089
5403
5700
4548
2655
1201
-1286
-3320
-3293
-3054
-3640
-3515
-2764
-2259
210
6187
11576
11929
9955
7662
3731
-1228
-3512
-2686
-1673
-2715
-4379
-5839
-7632
-7777
-4197
1055
5237
7924
7944
5257
1664
-1115
-3477
-5537
-6791
-6626
-5694
-5073
-4538
-3468
-1571
945
3548
5249
5866
5214
3638
2201
760
-1821
-4853
-7392
-8690
-8115
-6173
-3121
838
4143
5938
6267
5475
4487
3444
2831
2520
1330
-745
-2104
-3300
-4497
-4557
-3632
-2809
-949
4056
10196
12592
10680
7662
4032
-145
-2774
-2002
-135
-846
-3643
-5673
-7455
-8809
-6335
-301
4525
6839
7314
5395
2262
612
-256
-2298
-4237
-4931
-5163
-5504
-4960
-3691
-2068
241
3090
5030
5360
5180
5106
4298
2305
-210
-3466
-6568
-8219
-8069
-6287
-3730
-1277
1525
3506
4026
4528
4558
3548
3136
3063
1470
-526
-1815
-3050
-4231
-4823
-4719
-4042
-2728
1451
8100
11711
9973
6941
4049
409
-2329
-1541
1121
835
-2901
-5849
-7527
-9190
-7606
-1723
3492
5399
5743
4570
2163
814
537
-606
-2310
-3500
-4494
-5240
-4755
-3461
-2198
-383
2195
3953
4181
3913
3603
3602
3652
2027
-1769
-5540
-7843
-8504
-7256
-4724
-2061
445
2175
2903
3319
3418
3406
3805
4148
3135
852
-1680
-3277
-4128
-4935
-4912
-3709
-2948
-981
4833
10525
10818
7754
5181
2666
156
-194
2131
2876
-683
-5132
-7236
-8802
-8854
-4492
1452
4244
4384
3740
2389
1615
2035
2130
761
-1254
-3113
-4278
-4435
-3694
-2559
-1107
299
1488
2096
1881
1605
1897
2566
2694
1649
-798
-3766
-5978
-6447
-5027
-2870
-503
1695
2615
2252
1863
1721
1951
3182
4325
3282
664
-1633
-3196
-4188
-4219
-3478
-2775
-2456
-1021
3560
9256
10826
8031
5066
3209
1433
963
2705
3385
-22
-4945
-7352
-8304
-8461
-5199
72
2411
2192
1929
1254
592
1502
2560
1691
-258
-2404
-4021
-4114
-2964
-2080
-1521
-700
90
400
718
1270
1901
2217
2159
1973
420
-2561
-4710
-4949
-4210
-2870
-1398
-107
617
75
-240
871
1556
2167
3619
3389
953
-813
-1585
-2552
-2987
-3172
-3198
-3207
-2492
1319
7548
9970
7089
3979
2489
1132
801
3106
4687
1635
-4085
-7137
-8013
-8392
-5812
-616
1769
892
331
4
-381
1012
3156
3044
1089
-1174
-2599
-2457
-1148
-308
-110
41
150
444
979
1452
2001
2721
2607
2131
1457
-510
-3405
-4554
-3834
-2512
-878
370
850
381
-345
90
1356
2342
3764
4252
2260
5
-942
-2441
-3788
-3409
-3092
-3598
-3484
-974
4418
9278
8382
4219
2004
1325
756
2437
5521
4670
-1351
-6572
-7731
-7839
-6541
-2029
1555
487
-1151
-983
-768
237
3161
4722
3192
869
-908
-1351
-157
1032
895
532
11
-497
57
1370
1917
1889
1674
1072
80
-1363
-2980
-3440
-2365
-1153
-657
-330
183
284
-200
-247
284
206
391
1405
799
-1117
-1561
-1814
-3349
-3865
-3333
-3537
-3519
-2670
-223
4947
8657
6159
2042
1168
1523
1720
3579
5301
3069
-2327
-5751
-5793
-5632
-4716
-1351
613
-1526
-3118
-2311
-1135
1099
4530
5623
3863
1781
598
838
2015
2437
1609
473
-651
-993
-256
487
543
168
-335
-794
-1443
-2488
-3097
-2753
-1702
-619
76
375
503
-16
-957
-1373
-1432
-1623
-1139
-242
-391
-1143
-1224
-981
-1321
-1497
-1674
-2486
-3293
-2689
690
5955
7471
3458
365
973
2124
3410
6551
7998
3981
-2202
-4388
-3788
-3806
-2600
-24
-776
-3684
-3494
-1374
453
3526
6621
5995
3021
942
581
1460
2653
2445
829
-1015
-2041
-1653
-655
-439
-706
-497
-884
-1916
-1944
-1308
-1307
-1067
-448
-347
-855
-1514
-1498
-1278
-2442
-3556
-3284
-2949
-1914
146
900
630
1151
843
-357
-609
-1105
-2274
-2955
-2432
907
5259
4784
1175
715
2253
3071
5245
8130
7211
2159
-1865
-2074
-1878
-2393
-1227
-239
-2623
-4345
-2681
-891
671
3683
4925
2535
-66
-755
75
1677
2571
1605
-183
-1739
-2231
-1263
-133
-8
-135
-284
-137
270
-430
-2172
-2959
-2877
-2553
-2199
-2316
-2326
-2737
-3867
-3747
-2844
-2459
-465
2465
2757
1907
2229
2216
1634
1352
511
-1591
-4001
-5210
-2883
2405
5060
2612
376
1014
2441
4415
7775
9333
6320
1303
-810
-618
-1495
-2070
-908
-1515
-3964
-3697
-1811
-1004
564
2960
2352
-195
-1526
-968
668
2211
2135
675
-950
-1891
-1239
265
838
347
249
119
-646
-1445
-1752
-2571
-3242
-3005
-3081
-3826
-4140
-3741
-3069
-2827
-2881
-1996
-646
1012
3198
4012
3195
3019
2780
1403
507
-550
-3034
-4857
-4294
-987
3687
4749
1717
656
2592
4050
5811
8812
9088
4943
631
-289
-547
-1872
-1445
2
-1654
-4154
-3686
-2442
-1892
-31
1487
-131
-2404
-2593
-1188
594
1785
1401
75
-1087
-1137
279
1803
2122
1661
700
-770
-1643
-2027
-2807
-3929
-4647
-4841
-5003
-5363
-4597
-2957
-2232
-1939
-882
-147
612
2743
4287
3714
2881
2796
2104
1340
733
-588
-2648
-3414
-1070
3138
4557
2363
1222
2037
2855
4448
7416
8170
4908
690
-376
231
71
286
1141
-516
-3259
-3272
-2296
-2262
-1403
-67
-1081
-3274
-4361
-3736
-1964
-130
319
-114
-694
-861
334
2242
2779
1872
1217
527
-451
-1022
-1442
-2564
-3522
-4108
-4656
-4708
-3997
-2825
-1831
-1587
-1639
-1173
-321
1524
3460
3627
3054
3214
2720
1848
2229
2001
151
-1324
-1032
1538
5045
5149
2353
1122
1812
2657
4132
5748
5364
2395
-221
271
1293
706
271
309
-1585
-3402
-2820
-2098
-2328
-1766
-1451
-3063
-4880
-5171
-3723
-1416
154
190
-387
-970
-795
886
2814
3071
2259
1587
613
-439
-754
-1212
-2437
-3484
-3881
-3828
-3737
-3393
-2605
-2158
-2131
-1616
-880
8
1706
2926
2523
2094
2491
2478
2566
3012
2145
220
-514
1061
3969
5087
2981
817
586
1133
1855
3412
4172
2366
-521
-755
700
513
-231
105
-720
-2575
-2732
-2108
-2376
-2314
-1815
-2526
-4073
-5091
-4572
-2618
-754
-171
-455
-1051
-1252
161
2374
3389
2635
1435
724
537
399
-59
-896
-1895
-2730
-3178
-3283
-3040
-2331
-1684
-1290
-985
-974
-779
493
1697
1655
1560
2062
2160
2255
3017
2950
1360
-133
262
2832
5257
4519
2060
796
879
1599
2688
3455
2783
549
-966
-37
738
-61
-239
-232
-1856
-2844
-2230
-2053
-1999
-1308
-1523
-2956
-4236
-4522
-3258
-1157
-159
-433
-895
-1169
-445
1424
2856
3004
2713
2142
1460
1292
1041
54
-1095
-1845
-2143
-2414
-2675
-2103
-1137
-1103
-1351
-1261
-1658
-1452
248
1336
1189
1451
2186
2421
2770
2997
1913
334
92
2233
5108
5126
2357
543
577
1120
2093
3167
2730
541
-1347
-632
638
-6
-689
-452
-1611
-3058
-2417
-1644
-1846
-1616
-1589
-2825
-4112
-4770
-4075
-2116
-877
-1050
-1257
-1150
-866
515
2284
2935
2982
2723
1637
755
917
944
152
-1041
-1843
-2224
-2698
-2448
-1124
-870
-1878
-2086
-2093
-2170
-765
892
939
840
1495
1633
1617
1984
1795
676
-88
1177
3797
4619
2664
1078
917
1204
1695
2680
2972
1634
-668
-1208
-35
-29
-843
-782
-1417
-2991
-2711
-1338
-1218
-1564
-1707
-2643
-3859
-4332
-3807
-2241
-753
-487
-759
-690
-447
579
2439
3674
3360
2587
2310
2205
2296
2307
1535
201
-839
-1555
-1569
-1058
-797
-960
-1457
-2276
-2653
-2115
-932
186
452
260
739
1430
1720
2183
2360
1143
466
2464
4982
4736
3122
2172
1281
819
1774
2987
2461
220
-1765
-1585
-875
-1047
-844
-460
-1773
-3080
-2370
-1270
-1102
-1293
-1789
-2784
-3599
-3714
-2713
-1300
-827
-1169
-1258
-930
-188
1293
2741
3094
2703
2512
2415
2275
2290
2107
1145
-142
-1012
-1428
-1697
-1877
-1841
-1926
-2483
-3122
-3104
-2391
-1382
-684
-625
-722
-457
133
793
1377
1292
505
888
3066
4482
3587
2383
1721
1032
940
1968
2765
1704
-881
-2110
-1398
-1170
-1301
-251
-103
-2032
-3089
-2430
-1764
-1439
-1241
-1905
-2989
-3417
-2760
-1293
-313
-587
-1068
-731
190
1585
2869
3176
2576
2383
2810
2916
2723
2506
1581
351
-80
-574
-1484
-1844
-1663
-1662
-1843
-2428
-2900
-2441
-1394
-627
-707
-1191
-1215
-896
-310
767
1444
875
975
2942
4696
4259
3250
2747
2321
2205
2669
3279
2856
840
-1093
-1062
-571
-733
-254
597
-218
-1914
-2589
-2222
-1442
-626
-545
-1403
-2300
-2463
-1511
-316
-227
-1003
-1034
-148
1105
2297
2756
2151
1336
1356
1966
2251
1900
1293
609
104
-165
-819
-1548
-1642
-1613
-2059
-2532
-2969
-3419
-3148
-2216
-2011
-2577
-2713
-2197
-1607
-629
466
1014
2049
3937
4492
3236
2729
3173
3146
2810
3144
3280
2049
135
-358
100
-301
-679
119
436
-656
-1576
-2013
-2503
-2634
-2006
-1491
-1639
-2134
-2176
-1458
-647
-507
-875
-752
72
1270
2211
2297
1279
435
499
1031
1518
1461
832
5
-508
-716
-796
-870
-1048
-1702
-2313
-2528
-3093
-3610
-2863
-1911
-2229
-2744
-2467
-1999
-1391
-462
242
1370
3256
4061
3200
2934
3306
3181
3065
3677
3963
3209
1642
690
1007
1361
1123
985
881
-184
-1250
-1611
-1818
-2239
-2459
-2651
-2698
-2626
-2506
-1751
-704
-443
-920
-829
-162
638
1364
1784
1518
1171
1071
927
587
304
481
715
452
-102
-469
-815
-869
-745
-1210
-2208
-2934
-3220
-2972
-2358
-2057
-1965
-1433
-814
-576
-301
914
2904
4094
3505
2898
3366
3914
3749
3614
4023
4089
3050
2014
2114
2059
1620
1902
2486
1841
461
-646
-1277
-1499
-1824
-2534
-3149
-3550
-4067
-3927
-2755
-1631
-1628
-1511
-485
206
-194
-225
436
805
824
594
513
351
-317
-1005
-701
-242
-303
-457
-529
-825
-1380
-1974
-2308
-2382
-2907
-3460
-3178
-2346
-1810
-1144
-628
-407
653
2693
3564
3009
2811
3246
3858
4317
4548
4353
3454
2034
1698
2278
2313
1829
1734
1461
953
646
72
-383
-515
-1356
-2835
-3597
-4039
-4266
-3699
-3005
-3167
-3488
-3152
-2125
-851
27
323
250
129
-93
-330
-275
38
-150
-660
-770
-821
-1137
-1240
-944
-728
-893
-1396
-1891
-2003
-1919
-2012
-2024
-1778
-1593
-1589
-1004
798
2723
3092
2421
2577
3627
4541
4897
5064
5020
4503
3624
3314
3327
2815
2051
1791
1756
1376
820
259
45
279
179
-812
-1928
-2744
-3214
-3137
-2775
-2886
-3243
-3292
-3021
-2344
-1474
-1027
-655
56
436
325
251
68
-306
-404
-298
-236
-322
-579
-772
-825
-1166
-1544
-1641
-1571
-1348
-1190
-1544
-1807
-1446
-1320
-1068
367
1832
1824
1504
2020
3037
4124
4809
4995
5139
4889
4073
3967
4369
3917
3098
2708
1970
804
-139
-749
-876
-582
-713
-1493
-2395
-3127
-3203
-2739
-2429
-2594
-3030
-3353
-3067
-2418
-2091
-1908
-1642
-1376
-1198
-1197
-1134
-724
-417
-476
-651
-937
-1152
-891
-443
-384
-671
-1158
-1554
-1428
-1115
-1138
-1382
-1450
-1291
-1042
-689
-53
879
1285
1138
1431
2491
3426
3804
4117
4600
4890
4557
4132
4044
4144
4029
3601
2921
2158
1314
430
-85
-363
-1032
-2237
-3204
-3521
-3343
-3092
-3138
-3594
-3928
-3800
-3156
-2217
-1502
-1540
-2069
-2116
-1513
-852
-721
-931
-1098
-1057
-967
-830
-577
-290
-203
-345
-402
-415
-603
-599
-150
33
-295
-754
-1075
-1043
-546
229
1185
2073
2049
1452
1618
2819
3960
4265
4229
4340
4438
4335
4340
4389
4193
3785
3399
2993
2491
1932
1414
1015
618
107
-784
-1919
-2855
-3139
-3084
-3228
-3642
-4123
-4358
-4042
-3135
-2230
-1799
-1802
-1815
-1529
-1289
-1246
-1280
-1284
-1204
-1249
-1405
-1273
-1002
-924
-815
-630
-658
-691
-448
-251
-165
-168
-432
-673
-467
-307
-406
-135
710
1470
1747
1838
2105
2457
2648
2962
3499
3888
3835
3509
3133
2990
3116
3125
2703
2018
1571
1364
1111
774
432
-20
-647
-1308
-1801
-2040
-2210
-2624
-3348
-4031
-4332
-4057
-3366
-2740
-2525
-2473
-2132
-1548
-1080
-885
-1001
-1294
-1528
-1561
-1289
-976
-997
-1271
-1417
-1340
-1022
-584
-238
-79
-60
-75
-42
43
117
181
142
66
257
852
1468
1823
1883
1820
2014
2404
2782
3067
3205
3044
2797
2745
2757
2723
2592
2358
1891
1513
1431
1423
1305
967
491
47
-163
-344
-518
-766
-1303
-2057
-2542
-2593
-2602
-2561
-2352
-2207
-2077
-1652
-1154
-855
-710
-784
-992
-1057
-1058
-1112
-1059
-943
-1065
-1209
-1133
-1033
-975
-787
-371
70
285
270
182
133
111
226
523
711
669
551
601
944
1462
1898
1981
1897
1869
1931
2099
2247
2239
2070
1794
1435
1184
1160
1161
1048
881
733
720
826
804
573
258
-75
-265
-282
-392
-666
-926
-1266
-1636
-1744
-1622
-1489
-1383
-1276
-1169
-1059
-981
-1056
-1167
-1167
-1224
-1321
-1377
-1402
-1475
-1529
-1501
-1439
-1395
-1222
-858
-515
-410
-492
-565
-647
-603
-324
-62
-15
-118
-195
-25
327
727
978
1028
965
1058
1345
1446
1371
1292
1211
1062
887
686
547
621
764
801
644
431
336
358
432
538
557
334
96
98
110
9
-11
-178
-545
-691
-456
-294
-356
-431
-458
-539
-584
-513
-408
-430
-611
-740
-658
-505
-500
-588
-646
-682
-626
-352
10
179
53
-143
-252
-183
24
217
273
175
16
4
265
607
846
901
881
943
996
982
990
979
830
647
596
640
633
605
595
499
340
250
274
320
226
13
-117
-206
-290
-241
-286
-528
-709
-674
-631
-633
-616
-722
-882
-832
-610
-439
-234
-81
-58
14
178
287
292
365
414
249
44
36
49
-11
-35
-3
-11
-27
2
116
196
120
84
165
202
181
226
336
464
532
440
210
61
-13
-106
-107
-78
-234
-470
-486
-280
-100
-62
-192
-434
-584
-499
-342
-333
-558
-840
-1025
-1069
-972
-842
-879
-1039
-1106
-1091
-1060
-1037
-1051
-1046
-934
-693
-352
-4
297
534
719
808
899
997
1181
1367
1231
803
404
284
291
311
447
602
622
609
733
902
1057
1176
1225
1179
1183
1274
1248
1027
858
762
552
392
380
292
15
-227
-264
-160
-67
-54
-215
-400
-452
-451
-368
-331
-487
-855
-1155
-1170
-1056
-1047
-1096
-1091
-1124
-1160
-1002
-878
-1016
-1150
-1053
-840
-701
-523
-247
15
269
527
756
892
985
1052
1093
1138
1044
715
363
221
124
62
173
337
415
441
435
410
515
756
972
1024
909
725
631
637
632
558
336
2
-231
-284
-334
-435
-551
-623
-664
-737
-807
-886
-917
-865
-778
-726
-805
-967
-1060
-1013
-878
-707
-666
-744
-723
-619
-574
-600
-591
-506
-416
-328
-257
-181
-9
281
561
830
1026
1065
1118
1264
1333
1260
1012
623
258
65
11
-67
-209
-361
-387
-275
-100
55
153
202
367
584
672
635
493
240
106
204
211
-33
-343
-643
-883
-953
-865
-795
-939
-1157
-1199
-1110
-948
-658
-423
-415
-473
-426
-282
-109
-38
-5
1
46
157
322
450
487
558
668
728
759
804
748
820
1080
1304
1389
1501
1603
1604
1576
1532
1353
1072
861
704
445
118
-139
-276
-306
-284
-193
-97
-27
76
213
293
285
200
108
45
11
-82
-231
-408
-640
-947
-1276
-1455
-1499
-1525
-1579
-1602
-1556
-1557
-1585
-1456
-1141
-884
-768
-702
-627
-492
-389
-275
-174
-98
6
206
423
531
556
585
611
530
434
451
536
578
594
687
839
946
1053
1171
1194
1114
964
865
859
766
515
169
-135
-317
-256
-49
145
205
76
-74
52
345
436
329
132
-78
-161
-93
-64
-186
-461
-804
-1089
-1166
-1136
-1121
-1192
-1368
-1496
-1492
-1322
-1119
-998
-972
-920
-806
-689
-539
-433
-389
-322
-109
198
495
698
708
632
565
555
509
490
428
341
231
212
255
698
989
393
-332
-365
121
307
190
306
925
827
150
-181
80
294
317
331
533
669
689
654
619
733
671
458
439
653
845
974
977
692
324
157
16
-63
-78
-154
-321
-437
-641
-753
-593
-420
-339
-316
-344
-277
-136
-38
85
98
-12
-154
9
316
547
405
141
113
237
-13
-451
-675
-735
-848
-1018
-896
-673
-314
-284
-634
-824
-600
-348
-162
-111
-167
-165
-115
-219
-128
63
75
108
90
-41
-25
369
473
299
12
233
573
657
284
363
750
813
510
332
235
107
74
-56
60
-39
-84
-71
39
-281
-254
-127
-11
28
23
88
58
298
193
230
297
511
316
103
11
-76
-255
-619
-944
-1166
-1205
-1353
-1369
-1391
-1346
-1259
-1296
-1103
-904
-613
-312
-183
-158
-175
-179
-192
-34
80
192
15
-35
179
220
74
212
473
555
661
680
587
800
1035
998
905
1003
804
887
683
630
928
1139
880
486
550
626
675
489
453
480
619
559
485
511
593
602
488
477
641
638
311
31
-60
-170
-386
-638
-864
-1030
-1312
-1295
-1280
-1041
-986
-1025
-1131
-1049
-743
-272
42
-111
-118
-88
-249
-360
-84
-107
-37
-326
-185
-24
-153
-196
167
327
200
451
645
587
542
567
592
699
415
243
468
666
573
720
651
383
133
251
442
498
211
40
29
1
330
-20
53
125
16
-326
77
254
-273
-423
-429
-183
-839
-1006
-555
-680
-1429
-1834
-904
-656
-1471
-1389
-800
-624
-796
-505
-559
95
-373
-177
-511
-675
547
-177
-538
-578
358
-435
-55
-545
647
405
-400
384
927
385
40
633
644
592
-227
359
796
206
225
1302
522
-263
349
444
720
664
-209
144
382
-190
-5
461
-38
-32
485
131
-184
-801
651
424
-698
-551
794
-515
-1396
-120
-417
64
-1177
-306
-184
-201
-1320
-35
579
-23
-266
462
237
59
-673
1259
528
-510
105
40
966
103
114
972
1104
-424
624
1473
1109
462
914
331
1627
334
469
343
1308
226
121
778
1158
-123
1084
381
159
345
-357
915
-477
-590
-598
1328
-1279
-599
75
-328
-372
-1128
-488
724
-770
-1621
400
113
-1292
-921
-579
889
-736
-1199
-518
664
61
-1389
-279
935
296
-1303
-50
-371
278
-745
-86
284
78
-1116
548
131
-326
369
263
513
190
-746
600
478
320
-1085
1056
447
-751
-67
-434
1552
-1732
385
-468
285
-872
816
-1178
639
202
-660
322
-671
-70
70
-338
-1287
313
-1773
-1003
-1179
-87
-932
-1667
-341
-818
-672
-548
-60
-413
-445
206
260
-624
-398
1028
312
-650
806
-766
1544
219
-990
790
2694
-790
-1245
2749
-122
137
-364
713
1588
-181
-879
923
1228
140
-145
1120
596
662
295
1403
101
-43
846
94
-224
-415
543
726
-375
-870
1269
-580
752
-1198
431
92
-1188
975
-1065
609
-404
-70
-994
262
113
-1244
928
-57
-503
-566
1019
191
463
-841
1264
1943
-1319
-1387
2130
1932
-1574
526
921
681
1243
-1570
1179
1480
2550
-1717
-399
1822
324
362
-1052
572
426
1448
-1422
130
842
-351
972
-633
-686
395
864
-1206
-441
-842
-14
-331
-1058
153
-1447
-453
205
-1853
-1420
124
-842
-371
-1692
-1703
70
-105
-1120
-1397
497
-1222
-1661
-1076
1451
-1278
150
-600
-984
2394
-1106
-961
780
1968
-1771
1543
-387
-189
2165
-472
679
19
1115
-1737
3385
-734
-1132
2952
-204
816
-1555
1472
608
1557
-812
-1094
1912
-837
728
-29
-864
16
1975
-627
-2453
179
2351
-307
-3672
476
1597
-411
-3979
2066
-1368
1315
-2858
-619
742
-1405
-1134
-1151
2259
-2442
-239
-1384
1971
-1683
-729
-1442
350
32
-2
-1997
1325
628
1424
-1483
-478
3262
1021
-641
8
3122
485
-139
-86
3127
653
-591
633
4073
-435
383
283
3459
1221
-1068
904
807
1733
-188
-543
-681
2149
-1207
-843
-252
2514
-1269
-1084
862
1288
-791
-1325
1524
-1058
780
-2669
313
205
-1864
-1162
938
-2371
-730
148
-2327
-853
-434
290
343
-2488
-725
3045
-825
-1872
-570
4802
-1204
-1887
416
3222
-499
-1007
1685
1268
1483
-2036
2878
717
-364
-577
835
1498
-308
-2266
3425
-370
-1068
1758
-1470
1279
-508
916
-1565
1321
-1875
175
-961
16
109
-1951
624
-1469
748
-1814
-1055
399
541
-3760
299
753
-2609
-2876
2389
-1309
-2206
-1559
-13
265
-3177
-636
39
1733
-3532
700
-314
1702
-2811
1171
324
-357
1972
205
-1426
2241
1467
-611
907
-870
4373
83
-1166
240
5146
-3061
848
-827
2146
230
-1236
980
118
1760
-3664
1357
497
2601
-4258
1068
1995
-540
-2645
1078
14
1278
-62
-1893
1541
441
-2640
143
2629
-418
-918
-1190
-83
340
-687
-621
1051
807
-2058
-414
1031
-2313
117
2518
-941
924
521
-588
106
1602
1013
1193
-191
888
2011
1039
423
104
2071
1580
1984
-2172
446
3464
2119
-2794
876
759
1726
-856
-2566
1419
1661
-253
-2642
2121
-1169
18
-2875
1603
945
-1979
-213
26
754
-3437
667
284
-156
-1450
242
-947
-189
-941
-953
966
-2281
1050
-2402
217
-776
-666
-808
1387
69
-4814
2157
-95
-15
-1973
132
2024
97
-1101
-538
1181
405
-441
1118
760
164
421
801
271
-651
-92
1994
814
-1860
201
345
291
-137
-171
-780
1117
-1290
-548
-639
-1271
345
768
-1515
-1049
154
-1403
-1684
10
586
-164
-114
-1097
-655
1050
-1412
-1050
588
451
232
-948
-1254
1335
-305
-171
431
1172
-1693
-309
590
728
-578
-45
257
2226
452
-3299
1448
2142
916
-375
1936
-381
611
1408
-460
367
2035
1040
1245
-715
-1229
1734
33
-133
353
1240
283
-1736
-1911
2144
1157
-2002
-302
1315
463
-1796
-2877
2689
2183
-2633
-2014
2210
-197
-1081
-1282
1648
1932
-2459
151
-218
1059
-2505
1442
1883
1257
-3310
-1331
3197
992
-2347
259
1779
1091
-840
-3027
1950
3037
-259
-1169
2991
-58
-1344
571
1521
128
1726
-1403
1557
502
-195
-1226
1796
2134
-379
-1195
-191
919
-1004
1065
-1293
373
711
-931
-3100
1072
-562
-571
-134
-713
-1072
-361
-3215
329
1151
-2018
-2028
1812
121
-4544
177
-682
2424
-1426
-710
-1196
307
1387
-2206
-1180
1854
1289
-1839
115
-23
-621
298
-469
1499
-849
-1125
692
1579
-642
-1532
1804
1861
-316
-205
1336
-449
374
706
974
453
-320
678
1297
-777
-2157
1464
1155
-298
-220
-266
898
-1763
-475
358
892
-947
217
-71
-2110
45
-1075
-624
1269
-636
11
-85
-1656
-853
175
-314
975
223
-884
-144
258
383
-1333
1852
1477
-126
-1051
1224
-652
1354
-1002
2271
2136
-2091
-868
1650
1310
-1159
1162
589
3466
-3097
2032
347
-537
1351
2667
708
-1066
885
-850
2419
-1398
1526
-95
-138
1081
-310
-721
-632
1056
-1412
1246
-1392
-142
174
-2348
200
204
-937
-1222
540
-1075
-1015
-313
-644
-251
-357
-1032
820
-960
-585
420
-1033
354
-739
661
-107
-474
-229
165
1562
-1855
702
687
567
-1053
783
-163
339
123
233
659
386
660
-1387
1853
-811
148
-319
2045
-173
519
-189
-71
1269
-894
-121
190
1498
-1882
773
-2228
1788
-611
-1232
-155
79
-309
-1360
-677
-385
148
-1934
691
-532
-1167
-1742
1088
-1453
-358
487
-1669
936
-1411
-19
70
-523
-319
727
1239
-2124
1620
-33
-758
653
1123
61
582
726
-683
1147
298
4
935
380
491
950
477
-925
213
879
1396
-168
97
1651
207
322
-1478
1422
374
513
-1501
2058
682
-1889
-1295
2006
-603
-627
487
-405
1974
-3090
-1676
1710
1519
-4598
2302
234
-1399
-1116
-720
1245
-990
-750
-760
2131
-2264
-293
-1691
1926
427
-81
641
-722
734
-280
1552
-309
1287
-923
2626
-480
-604
1215
1207
-517
460
1723
-1093
671
-1356
1991
502
536
-376
102
896
548
-394
-141
1059
599
-950
717
-125
550
-323
-132
-28
402
-451
-958
1063
-1992
-1
142
22
-1889
-430
-398
316
16
-2330
710
-518
268
-1534
-1225
899
-357
-150
-667
174
-641
100
-1086
-1122
2346
-707
-987
305
2125
-1158
-770
306
1860
141
-816
-40
757
12
-1106
1814
-770
825
-1029
551
934
-1549
-175
1070
888
-991
-1050
-214
1225
-111
-1682
464
792
-495
-477
-540
613
-578
-260
1192
-1435
-54
-429
144
316
-1162
-1390
1594
96
-2183
1075
132
662
-906
-292
491
1622
-1613
-383
1920
-335
-699
-408
2470
-62
840
-1522
1520
1269
-463
-1718
2309
1996
-277
-526
-1053
1326
533
-624
455
791
-756
817
-978
653
-1673
1096
1240
879
-1656
-574
521
-460
743
-1718
869
737
-312
-241
-987
198
2
-349
247
411
1008
-2751
447
433
-265
-1224
324
810
54
-482
-2148
2586
-230
-461
-180
1003
560
-619
-856
535
1233
14
-189
819
140
196
-226
910
959
-118
782
82
169
-77
-433
150
1876
-1321
-46
-1200
1146
-875
863
-1120
-351
555
-311
-167
-1750
-732
354
1814
-2600
-179
-474
-719
-630
793
78
-2091
996
309
82
-897
-1267
-81
950
314
-1349
-209
-493
533
-19
-430
673
-239
-49
431
-249
496
-268
-97
966
1373
-608
871
-1067
2155
-652
-383
1839
1184
-586
-443
470
232
1728
-1462
50
1164
1570
-1818
-1318
927
1512
-698
-1249
692
1607
-1289
-3145
1582
1419
-451
-3181
2738
194
-1271
-2811
-283
2322
-597
-1387
-273
2855
-3090
226
-993
2305
-1531
495
-559
751
-471
-161
-150
4
928
-184
1304
-1079
105
-98
1186
-105
1278
-595
715
-480
1187
935
-1232
795
968
961
-1134
1384
-472
57
-1137
2694
-156
95
-1404
567
1405
-1022
-1002
-551
596
-140
900
-2252
197
-444
-480
-561
311
-765
-78
-305
-1430
354
-945
-790
756
-1216
-180
309
-240
-1761
-210
220
962
754
-2487
587
526
87
-1245
737
799
-269
-613
189
819
-42
-650
-269
1099
1662
-452
-444
-1037
1364
2003
128
-1131
-209
1716
405
-370
-1280
1793
518
67
-119
-695
1651
-826
-1310
749
1470
-531
-1415
-696
476
1423
-1627
-1590
1663
241
-747
-1780
300
953
-1164
-858
458
1109
-710
-993
-983
1250
680
-1299
224
197
601
-175
215
-326
659
57
69
-252
985
-51
-39
728
584
-174
55
448
489
874
-768
1131
373
250
-320
824
807
140
0
1074
71
-1041
173
1581
466
-1044
294
-90
1569
-1453
-303
1160
53
-449
-58
355
-883
-849
492
67
-432
306
169
-813
-1185
159
1151
-358
-1193
-195
1608
-166
-1094
-449
-330
1384
-390
-582
-331
746
-682
-664
396
755
-206
-470
-842
1375
443
-1763
-416
928
1076
-1033
-1097
-33
488
-415
11
-8
422
-506
710
-1111
413
-743
-71
-412
673
-828
88
-436
-1023
528
-802
640
-1260
282
-361
-112
-737
373
-674
-491
234
-635
331
116
-1068
735
-212
248
193
-216
258
-248
260
-252
1689
-555
-24
-554
426
1593
-301
-1162
364
2004
-414
-429
105
636
39
-586
661
698
163
-1416
171
1280
333
-785
-436
370
967
175
-981
-286
433
621
-138
-830
-190
554
-609
-933
1014
417
-627
-1428
373
906
-221
-690
-575
721
467
-258
-977
-35
362
650
85
376
-26
78
-142
632
402
811
448
67
240
342
412
-262
627
619
1092
-185
-371
-178
777
844
-162
-137
187
236
315
309
-306
176
486
164
-10
6
-460
246
-247
652
-54
-668
-618
109
-113
137
-674
-226
-50
-404
79
-820
-1122
-464
477
577
-340
-1263
-349
392
-306
-696
-417
-32
734
-416
-268
15
-627
-128
306
373
543
-429
-186
813
438
-290
-167
274
496
472
477
-83
-528
-142
913
298
-217
-56
-42
343
-153
-389
60
-5
-575
-26
-33
-92
-529
-295
-144
252
-91
-845
-83
-181
298
-311
-502
-517
-458
-22
-136
-78
-599
-29
-451
-459
-374
-42
46
-64
-296
-230
-125
-126
-292
-49
124
81
-81
-6
-11
-19
359
365
243
550
311
-301
570
789
477
313
-49
530
542
57
-506
592
718
181
487
-29
245
-374
107
516
691
480
-191
-410
-238
99
330
597
-378
71
361
-62
-550
-704
204
593
95
-225
107
-16
-788
-412
87
404
-26
-237
171
268
87
-379
87
192
692
270
524
331
132
-2
275
189
293
597
308
111
119
702
438
10
176
411
150
89
-175
116
332
198
311
5
-686
-383
-114
141
146
-258
-329
-332
-337
-644
-733
-376
-226
-351
-179
-179
-615
-763
-668
-597
-277
31
-468
-889
-803
-421
43
-941
-948
-1
-138
-698
-647
-429
-186
-295
-197
83
-189
-261
-247
-122
16
353
286
-71
301
400
160
132
127
146
419
652
239
-9
400
334
273
-76
244
72
237
-105
-58
412
12
-366
-184
89
367
-13
-327
-178
-28
225
179
-57
-237
199
-8
41
-88
-239
-7
186
272
28
-82
-342
-32
4
221
226
78
155
177
246
206
17
272
365
197
510
501
214
224
525
338
444
428
650
549
435
291
572
255
389
576
364
331
178
439
197
165
108
75
237
296
40
-62
-188
-200
-19
74
-81
-171
28
-136
-72
-212
-154
29
-266
-17
58
-147
-308
-274
-327
-78
-298
-241
-113
-156
-142
-260
-178
-199
-280
-282
-85
-61
-90
21
-104
-206
-24
9
59
-100
-177
223
320
48
-198
-109
-256
-197
-491
-320
-466
-546
-453
-544
-733
-1012
-688
-836
-550
-822
-648
-789
-880
-835
-709
-510
-471
-448
-393
-216
-414
-176
-138
37
39
308
362
644
529
393
548
868
879
1222
1141
992
1488
1211
1466
1113
1243
1254
1291
1090
750
689
287
307
-67
-136
-413
-639
-613
-685
-886
-1333
-1137
-1192
-1399
-1434
-1410
-1237
-1554
-1547
-1509
-1651
-1439
-1413
-1116
-787
-720
-815
-831
-565
-474
-255
-175
-123
-63
348
214
128
277
503
1026
1363
2322
2950
2965
2745
2743
2872
2810
2571
3001
3198
3272
2713
2164
1617
1041
901
496
558
731
547
-55
-521
-953
-1145
-1479
-1516
-1741
-1470
-1026
-1408
-1793
-2040
-1990
-2091
-1313
-976
-757
-788
-878
-1047
-1208
-1306
-1654
-1394
-1368
-1048
-1486
-1721
-1733
-1781
-1774
-1333
-1085
-1050
-657
-315
51
-8
473
1672
2823
3012
3284
3407
3250
2755
2432
2741
3273
3362
3022
2765
2343
1826
853
268
-163
-115
35
-539
-1039
-1573
-2036
-2510
-3070
-2883
-2800
-2461
-2002
-1599
-1382
-1875
-1839
-1764
-1102
-782
-332
-146
107
251
-101
-634
-961
-1026
-979
-974
-989
-1056
-1007
-1235
-1600
-1824
-1950
-1703
-1516
-1041
-813
-256
-70
-51
286
1335
2496
3323
3970
4035
3719
3578
3453
3261
3379
3572
3452
3225
2787
2081
1098
-208
-472
-497
-261
-655
-1183
-1621
-2004
-2514
-3167
-3236
-3203
-2618
-2208
-1612
-1493
-1203
-934
-812
-357
5
494
621
700
893
990
836
-117
-655
-759
-880
-1068
-1035
-965
-1054
-972
-1229
-1588
-1942
-1812
-1490
-1165
-370
93
307
653
960
1236
2147
3454
3987
4180
4604
4834
4191
3565
3377
3577
3373
2717
2483
2222
1320
420
-449
-973
-1050
-1426
-1769
-1825
-1688
-2142
-2771
-3299
-3325
-3242
-3042
-2665
-2090
-1517
-1104
-865
-694
-406
-82
254
408
613
629
506
-94
-502
-1223
-1648
-1587
-1657
-1634
-1500
-1415
-1480
-1802
-1949
-2108
-1892
-1653
-1171
-419
8
320
478
737
836
1315
2251
3522
4170
4333
4678
4459
3792
3107
2616
2610
2613
2293
2073
1554
873
-480
-1327
-1480
-1801
-1968
-2051
-1601
-1643
-2068
-2632
-3066
-3479
-3395
-2904
-2113
-1647
-1045
-388
-159
115
97
219
138
411
664
1043
911
343
15
-625
-1008
-1356
-1686
-1604
-1129
-997
-854
-884
-1327
-1706
-1768
-1342
-1015
-587
198
848
1210
1156
1089
1562
2496
3340
3794
4642
5015
4602
4017
3200
2613
2362
1862
1806
1569
1458
767
-73
-727
-1212
-1623
-2125
-1953
-1761
-1401
-1909
-2060
-2486
-2686
-2689
-2627
-1907
-1463
-436
-64
547
836
882
714
666
681
754
657
629
471
80
-389
-1070
-1496
-1920
-1863
-1630
-1421
-1278
-1207
-1357
-1581
-1764
-1594
-1293
-872
-309
298
932
1117
1073
1421
2246
3079
3584
4093
4352
4062
3637
3079
2408
1982
1783
1364
1283
872
314
-245
-830
-1416
-1821
-2154
-2373
-2241
-1967
-1891
-2261
-2568
-2808
-2805
-2759
-2527
-1928
-1132
-696
-380
171
692
755
438
462
625
501
16
-275
-287
-553
-1140
-1645
-1761
-1760
-1963
-1986
-1724
-1649
-1742
-1762
-1777
-1459
-1330
-1105
-426
-5
468
897
1184
1233
1588
2565
3399
3962
4354
4539
4326
3831
3228
2694
2387
2044
1588
1375
1418
846
102
-438
-877
-1130
-1479
-1704
-1520
-1354
-1345
-1716
-1939
-2121
-2266
-2245
-2008
-1506
-904
-391
9
419
600
1114
1105
807
685
811
473
51
-260
-723
-1022
-1303
-1522
-1509
-1338
-1483
-1393
-1311
-1291
-1336
-1240
-979
-748
-383
84
386
672
960
1216
1338
1605
2379
3520
4164
4407
4702
4633
4176
3481
2748
2442
2066
1649
1367
1271
919
283
-204
-880
-1483
-1734
-1811
-2094
-2016
-1966
-2029
-2301
-2427
-2731
-2880
-2674
-2355
-1899
-1522
-1030
-578
-70
-95
-110
46
143
91
-216
-532
-657
-1019
-1427
-1834
-1866
-1822
-1899
-1829
-1685
-1486
-1596
-1510
-1282
-957
-758
-452
-16
520
796
950
1212
1308
1299
1554
2388
3369
3748
4034
4281
4190
3669
2982
2370
1771
1292
1100
906
829
472
29
-447
-972
-1361
-1806
-2303
-2501
-2161
-2123
-2250
-2337
-2449
-2620
-2783
-2732
-2760
-2407
-1909
-1322
-554
1
300
445
453
397
295
143
-106
-232
-311
-474
-511
-723
-700
-658
-546
-445
-420
-339
-483
-333
-184
-117
96
553
827
1139
1446
1390
1389
1356
1503
2020
3020
3595
3856
4209
4463
4216
3599
2867
2261
1703
1317
1191
1071
839
332
-14
-255
-928
-1542
-2239
-2477
-2389
-2348
-2436
-2411
-2283
-2557
-2544
-2456
-2507
-2423
-1983
-1342
-551
101
561
951
1196
1201
972
584
231
111
-77
-166
-202
-381
-550
-542
-521
-696
-900
-1149
-1168
-1165
-1019
-753
-675
-323
25
396
540
580
723
697
834
1190
2107
2776
3044
3476
3864
3803
3277
2457
1752
1208
612
161
190
6
-381
-694
-863
-1122
-1977
-2682
-3012
-2912
-2821
-2838
-2668
-2372
-2365
-2420
-2250
-2132
-2101
-1944
-1415
-673
-65
399
982
1481
1740
1680
1329
968
527
-136
-487
-543
-758
-928
-806
-576
-550
-679
-944
-974
-1014
-1085
-1127
-944
-567
-209
206
553
954
1066
1013
884
919
1206
1864
2437
2877
3665
4158
4080
3474
2827
2084
1180
405
-14
-59
-148
-392
-280
-167
-516
-1133
-1607
-1761
-1892
-1948
-2106
-1805
-1476
-1413
-1439
-1177
-928
-967
-776
-442
94
453
808
1183
1683
1966
2003
1679
1377
1141
476
-223
-612
-784
-1045
-1027
-767
-593
-544
-714
-945
-1085
-1323
-1593
-1538
-1217
-713
-375
-113
270
290
91
-34
-75
36
512
1261
1847
2464
3069
3177
2759
2334
1843
1185
611
60
-224
-202
-175
-113
55
25
-227
-513
-841
-1180
-1429
-1675
-1637
-1399
-1273
-1184
-1024
-837
-882
-786
-570
-357
-156
175
656
1185
1490
1556
1603
1570
1132
433
-176
-662
-1019
-1513
-1696
-1505
-1349
-1348
-1413
-1395
-1400
-1616
-1753
-1836
-1716
-1598
-1346
-952
-557
-267
-171
-109
-136
-85
8
554
1372
1968
2492
3194
3504
3344
2955
2446
1988
1410
851
672
685
493
360
555
642
366
12
-233
-381
-770
-1069
-1359
-1477
-1563
-1656
-1507
-1273
-1129
-1021
-731
-407
11
236
565
937
1320
1494
1525
1268
976
645
-8
-457
-877
-1291
-1541
-1521
-1475
-1426
-1318
-1193
-1139
-1083
-1207
-1295
-1376
-1236
-1060
-896
-552
-243
82
329
601
809
1012
1317
1787
2276
2616
3070
3496
3651
3426
3026
2605
2070
1574
1092
932
818
623
516
499
420
73
-223
-600
-881
-1198
-1626
-1992
-2163
-2270
-2249
-2014
-1738
-1341
-973
-595
-264
102
345
384
514
576
705
686
514
312
79
-345
-838
-1364
-1825
-2067
-2232
-2241
-2173
-2012
-1848
-1783
-1704
-1619
-1762
-1866
-1747
-1463
-1213
-783
-400
-154
149
469
728
857
1165
1672
2259
2638
3037
3400
3511
3312
2970
2702
2355
1825
1329
1106
975
611
323
250
119
-135
-360
-655
-894
-1106
-1468
-1740
-1882
-1845
-1796
-1659
-1240
-882
-567
-170
219
516
626
608
664
872
823
619
440
225
-155
-626
-1043
-1328
-1713
-1972
-1990
-1849
-1814
-1798
-1670
-1482
-1244
-1152
-1009
-808
-560
-393
-178
154
461
718
1098
1438
1679
1834
1996
2429
2942
3201
3419
3669
3800
3712
3420
2970
2531
1978
1340
996
743
386
116
47
22
-180
-438
-722
-998
-1247
-1504
-1765
-1970
-1994
-1896
-1741
-1538
-1408
-1241
-961
-593
-512
-496
-347
-230
-101
-132
-176
-208
-297
-422
-670
-978
-1284
-1665
-2060
-2164
-2070
-2041
-1867
-1518
-1100
-926
-900
-822
-705
-673
-538
-419
-197
138
352
621
874
908
866
918
893
1000
1434
1848
2030
2255
2623
2652
2334
1952
1632
1223
768
361
223
89
0
57
124
156
45
-120
-312
-501
-750
-1050
-1270
-1329
-1342
-1346
-1145
-941
-890
-703
-499
-441
-418
-313
-121
145
360
492
505
530
392
-21
-421
-734
-1044
-1330
-1344
-1210
-1157
-1164
-1018
-744
-685
-701
-708
-610
-510
-450
-499
-405
-129
19
51
161
320
450
491
614
783
1039
1614
2024
2311
2649
2903
2818
2548
2396
2154
1741
1452
1406
1395
1250
1155
1238
1189
964
676
444
189
-69
-358
-709
-893
-1095
-1270
-1366
-1345
-1346
-1325
-1174
-969
-772
-612
-393
-311
-153
105
191
151
89
41
-209
-500
-787
-1063
-1323
-1463
-1466
-1484
-1465
-1412
-1361
-1211
-1178
-1169
-1080
-959
-769
-745
-676
-544
-521
-624
-554
-336
-280
-110
178
436
704
1132
1602
1907
2235
2539
2583
2529
2439
2252
2055
1728
1381
1188
1031
801
635
610
449
232
10
-179
-435
-877
-1300
-1556
-1770
-2087
-2252
-2211
-2069
-1913
-1640
-1296
-911
-555
-243
-22
201
347
308
287
247
122
-41
-309
-540
-752
-1036
-1254
-1410
-1468
-1542
-1482
-1367
-1173
-1000
-920
-857
-817
-789
-810
-776
-657
-542
-415
-178
127
388
571
770
954
1204
1555
2008
2432
2630
2928
3172
3290
3176
3020
2877
2647
2288
1903
1636
1372
1106
988
963
773
522
305
22
-300
-692
-1082
-1348
-1465
-1541
-1534
-1333
-1113
-958
-641
-314
-82
105
270
409
536
625
592
504
406
283
-27
-441
-777
-1102
-1449
-1725
-1880
-1968
-2084
-1933
-1848
-1801
-1743
-1727
-1689
-1560
-1429
-1378
-1244
-1041
-784
-564
-327
-156
37
296
617
814
990
1218
1596
2072
2432
2690
2975
3220
3281
3131
2875
2549
2242
1839
1572
1349
1013
793
696
614
371
72
-198
-445
-763
-1069
-1264
-1433
-1582
-1612
-1683
-1715
-1723
-1742
-1590
-1334
-1161
-1017
-769
-529
-462
-534
-546
-619
-832
-1057
-1317
-1631
-1923
-2174
-2368
-2463
-2457
-2409
-2307
-2093
-1942
-1817
-1606
-1345
-1080
-807
-498
-248
-21
229
520
717
904
1180
1477
1831
2091
2287
2437
2560
2749
2926
3077
3102
3207
3285
3300
3176
2949
2723
2459
2148
1798
1381
1051
704
388
118
-132
-370
-611
-798
-946
-1148
-1421
-1647
-1765
-1922
-1992
-1923
-1875
-1748
-1569
-1334
-1188
-1018
-854
-630
-501
-375
-257
-169
-177
-319
-381
-592
-900
-1142
-1258
-1361
-1440
-1386
-1205
-954
-713
-449
-181
-14
161
341
551
657
769
974
1097
1212
1368
1390
1372
1400
1388
1365
1361
1408
1451
1518
1677
1883
1903
1926
1982
1980
1767
1473
1205
892
585
216
-24
-150
-325
-491
-556
-627
-804
-1001
-1083
-1201
-1292
-1420
-1533
-1573
-1629
-1756
-1821
-1745
-1683
-1527
-1307
-1097
-848
-623
-421
-231
-92
-40
-109
-106
-157
-360
-594
-813
-990
-1204
-1348
-1382
-1302
-1145
-967
-727
-476
-279
-132
30
173
281
375
416
473
436
312
308
375
376
421
561
683
733
787
838
827
805
867
957
1019
1130
1218
1225
1182
1166
1138
1025
890
838
779
636
469
432
276
102
-66
-194
-243
-349
-503
-603
-660
-787
-877
-908
-882
-867
-849
-772
-651
-529
-380
-256
-128
50
168
257
265
207
92
-77
-309
-567
-741
-852
-868
-849
-702
-460
-233
-87
89
248
292
248
208
265
240
205
196
223
208
198
195
261
373
485
598
654
796
897
910
1016
1285
1423
1483
1615
1750
1766
1744
1693
1593
1485
1299
1121
920
621
300
131
-77
-312
-448
-485
-616
-814
-969
-1093
-1242
-1460
-1622
-1667
-1612
-1641
-1635
-1539
-1365
-1258
-1164
-980
-806
-701
-610
-459
-333
-380
-435
-465
-615
-787
-939
-991
-994
-1004
-988
-788
-642
-567
-445
-311
-270
-274
-222
-135
-98
-125
-85
0
67
97
173
260
347
412
518
690
873
978
1085
1248
1453
1572
1557
1534
1535
1522
1411
1285
1214
1127
943
805
673
458
187
-36
-152
-322
-530
-673
-760
-854
-962
-1005
-1056
-1102
-1134
-1133
-1110
-1100
-1093
-1044
-907
-757
-623
-515
-406
-327
-194
-49
43
132
239
233
135
29
-105
-274
-390
-465
-436
-394
-343
-189
2
151
244
380
479
547
585
639
674
676
680
702
793
791
846
928
990
1041
1099
1177
1219
1244
1250
1336
1379
1284
1153
1065
991
767
574
519
477
353
241
171
96
-101
-323
-400
-500
-716
-832
-815
-881
-960
-1013
-1054
-1153
-1233
-1231
-1258
-1272
-1271
-1246
-1170
-1009
-855
-683
-465
-214
14
177
308
423
460
441
405
342
230
141
63
-6
-56
-122
-143
-56
-18
-48
57
168
192
164
160
88
-68
-192
-250
-259
-260
-279
-266
-152
-103
-106
-57
12
28
1
-20
-84
-148
-258
-310
-258
-299
-353
-315
-270
-279
-245
-231
-228
-253
-313
-370
-397
-489
-601
-647
-644
-703
-729
-655
-575
-485
-378
-299
-212
-116
-59
60
216
380
522
723
910
1138
1346
1458
1537
1598
1568
1459
1343
1196
973
724
546
369
192
63
-4
-4
-18
-25
-3
-11
-20
-17
19
12
-33
-87
-127
-203
-296
-408
-506
-558
-575
-574
-560
-510
-513
-509
-491
-447
-441
-371
-303
-259
-131
10
112
171
283
369
427
436
475
542
522
506
465
379
268
150
60
16
7
19
88
136
207
272
291
358
402
427
478
533
603
641
712
828
970
1050
1065
1062
978
769
512
272
-1
-254
-529
-732
-869
-1001
-1065
-1034
-1001
-1008
-988
-922
-875
-921
-985
-1003
-1045
-1138
-1262
-1350
-1420
-1434
-1445
-1404
-1262
-1127
-998
-832
-664
-538
-435
-294
-117
-6
65
157
264
359
394
453
556
634
700
744
766
736
659
608
518
393
264
228
184
153
207
278
329
391
495
619
754
823
886
969
1029
1039
1042
1053
1078
1035
929
895
810
663
515
345
109
-100
-350
-543
-619
-745
-802
-807
-804
-789
-774
-773
-754
-775
-807
-820
-804
-817
-849
-849
-840
-823
-779
-725
-680
-612
-528
-437
-330
-175
-76
-8
73
147
190
217
246
296
368
443
557
630
628
633
681
666
642
618
565
542
522
449
437
481
459
490
579
694
756
830
880
897
882
857
830
777
750
702
659
644
631
559
534
518
452
368
288
180
43
-167
-392
-546
-711
-891
-1019
-1062
-1116
-1116
-1088
-1020
-981
-956
-919
-924
-957
-1030
-1094
-1146
-1224
-1290
-1338
-1360
-1325
-1269
-1176
-1051
-881
-741
-604
-497
-421
-364
-351
-366
-306
-228
-176
-94
71
238
337
451
607
691
741
784
808
844
828
765
734
758
753
751
799
890
1006
1117
1220
1327
1383
1380
1351
1328
1267
1214
1182
1148
1051
946
880
781
626
479
384
277
102
-108
-257
-464
-723
-900
-1043
-1179
-1274
-1319
-1298
-1271
-1301
-1311
-1308
-1325
-1347
-1397
-1399
-1410
-1432
-1411
-1362
-1318
-1250
-1166
-1081
-935
-773
-620
-434
-318
-204
-83
-7
54
118
225
299
360
472
598
730
873
1017
1160
1296
1364
1403
1430
1440
1437
1412
1400
1446
1464
1455
1500
1523
1527
1530
1491
1427
1397
1316
1158
1044
922
748
616
480
276
91
-71
-244
-439
-584
-685
-812
-943
-1098
-1218
-1296
-1394
-1513
-1561
-1589
-1626
-1614
-1569
-1490
-1420
-1366
-1314
-1252
-1223
-1186
-1152
-1131
-1104
-1078
-1011
-959
-879
-794
-698
-613
-541
-462
-396
-304
-246
-164
-71
15
128
237
372
484
583
711
878
1024
1097
1216
1334
1373
1362
1359
1315
1232
1193
1148
1125
1105
1066
1044
1043
1017
968
976
968
899
786
672
564
419
243
101
3
-91
-164
-206
-202
-197
-218
-238
-244
-290
-368
-442
-516
-583
-671
-759
-811
-848
-888
-923
-961
-961
-958
-952
-932
-926
-947
-1004
-1056
-1133
-1178
-1216
-1218
-1182
-1119
-1003
-853
-705
-558
-377
-171
0
151
264
362
426
430
455
532
575
640
729
798
871
911
965
1010
1021
1043
1074
1073
1076
1090
1112
1126
1111
1117
1129
1114
1093
1096
1113
1140
1151
1126
1120
1063
962
851
740
589
416
273
125
-18
-153
-296
-407
-530
-659
-792
-909
-1014
-1128
-1233
-1325
-1400
-1495
-1544
-1564
-1616
-1651
-1654
-1610
-1574
-1546
-1512
-1448
-1380
-1349
-1264
-1181
-1155
-1084
-993
-907
-811
-745
-644
-541
-441
-349
-226
-106
-23
60
146
214
283
379
499
652
768
913
1049
1183
1322
1393
1468
1574
1662
1723
1764
1794
1809
1806
1784
1790
1800
1738
1676
1645
1578
1424
1267
1134
974
752
541
382
226
24
-159
-284
-403
-542
-653
-704
-768
-836
-898
-943
-1021
-1093
-1124
-1158
-1173
-1197
-1230
-1264
-1313
-1365
-1405
-1439
-1461
-1500
-1493
-1470
-1435
-1357
-1286
-1186
-1063
-941
-810
-690
-581
-464
-353
-270
-187
-54
46
148
254
384
533
653
759
878
1028
1139
1251
1327
1366
1420
1450
1438
1415
1412
1393
1369
1366
1357
1327
1279
1222
1148
1074
957
830
733
655
507
379
299
219
126
63
20
-38
-113
-193
-250
-331
-426
-513
-558
-625
-702
-745
-790
-834
-901
-965
-999
-1057
-1138
-1174
-1172
-1190
-1199
-1200
-1202
-1210
-1205
-1187
-1183
-1148
-1124
-1100
-1047
-995
-995
-960
-888
-834
-748
-626
-516
-402
-284
-170
-66
26
109
180
261
335
431
520
607
680
780
850
898
932
964
1005
1081
1134
1153
1168
1155
1144
1072
1022
977
952
963
957
976
1013
1031
1001
965
958
944
898
840
792
732
620
528
437
348
283
207
135
72
33
-39
-127
-207
-254
-314
-392
-484
-568
-655
-746
-816
-897
-980
-1051
-1132
-1202
-1231
-1249
-1261
-1266
-1253
-1266
-1266
-1242
-1216
-1156
-1059
-965
-861
-761
-679
-597
-517
-423
-326
-225
-118
-36
-4
89
153
214
327
430
543
659
735
797
890
917
945
945
965
1009
1043
1076
1109
1108
1136
1166
1173
1186
1164
1132
1120
1106
1058
1013
935
844
751
672
573
465
402
356
306
254
167
87
-30
-166
-302
-476
-652
-834
-996
-1162
-1282
-1395
-1491
-1568
-1615
-1625
-1643
-1610
-1590
-1552
-1479
-1440
-1420
-1377
-1322
-1265
-1187
-1116
-1034
-935
-849
-749
-635
-539
-464
-363
-276
-195
-136
-61
25
101
204
299
368
435
522
607
705
798
900
978
1036
1080
1117
1171
1227
1269
1288
1339
1351
1339
1328
1317
1304
1260
1213
1173
1142
1095
1061
985
888
798
712
615
550
479
378
288
185
68
-87
-248
-405
-520
-624
-698
-752
-800
-827
-881
-916
-935
-946
-971
-970
-971
-987
-990
-954
-925
-911
-904
-870
-828
-802
-751
-672
-604
-533
-468
-427
-395
-358
-337
-283
-216
-160
-80
-13
71
136
219
308
410
498
581
653
680
704
737
751
799
851
894
929
926
915
895
873
842
810
786
762
708
665
621
565
515
483
429
360
308
233
161
123
61
-6
-75
-137
-227
-267
-334
-404
-447
-506
-569
-630
-655
-705
-749
-800
-846
-915
-934
-949
-963
-965
-960
-961
-959
-912
-875
-844
-802
-777
-776
-745
-735
-730
-669
-597
-537
-468
-389
-285
-210
-148
-89
-45
9
66
94
126
185
223
279
335
376
430
480
508
533
583
607
632
666
689
722
723
726
717
697
684
685
673
692
729
717
699
674
641
596
539
477
424
361
303
246
189
129
61
20
-14
-34
-56
-103
-152
-194
-219
-248
-271
-273
-291
-328
-354
-384
-379
-350
-355
-335
-314
-309
-304
-299
-268
-240
-207
-157
-107
-64
-5
47
70
78
111
139
158
173
181
174
161
174
161
181
226
213
234
235
233
229
211
185
170
174
139
103
90
79
62
50
61
81
67
77
84
77
85
59
52
38
5
-11
-46
-45
-78
-110
-138
-194
-241
-284
-332
-359
-378
-407
-436
-439
-430
-437
-424
-416
-393
-354
-341
-318
-284
-272
-233
-176
-121
-84
-27
15
33
51
74
67
56
24
-24
-43
-71
-101
-124
-135
-135
-164
-178
-195
-223
-249
-256
-233
-241
-218
-228
-219
-217
-211
-194
-191
-159
-145
-136
-92
-39
-33
20
59
95
135
151
174
203
218
226
246
266
250
237
217
173
163
158
161
177
212
239
256
266
296
306
289
301
328
346
380
424
495
536
561
618
635
644
638
607
563
549
526
487
447
393
337
265
187
103
18
-50
-139
-216
-264
-329
-367
-366
-368
-385
-394
-404
-409
-418
-400
-384
-368
-321
-273
-232
-211
-213
-235
-241
-243
-257
-268
-258
-275
-290
-256
-244
-216
-173
-128
-63
-19
4
10
19
39
33
31
69
93
99
117
155
200
248
284
316
368
374
369
370
347
341
351
377
389
366
339
307
263
211
160
102
37
-45
-123
-194
-260
-338
-430
-484
-519
-540
-552
-542
-546
-543
-534
-559
-553
-523
-514
-482
-471
-451
-442
-461
-463
-462
-463
-465
-429
-421
-402
-401
-419
-421
-400
-359
-312
-257
-201
-145
-89
-24
40
102
160
206
241
297
332
375
425
453
491
533
554
566
581
583
590
603
626
643
640
637
610
581
584
573
561
551
519
486
418
377
316
272
263
221
174
129
66
-23
-77
-122
-164
-198
-195
-194
-205
-212
-213
-208
-180
-165
-167
-145
-133
-156
-184
-202
-242
-276
-284
-274
-244
-239
-218
-191
-152
-117
-87
-41
2
17
36
64
85
113
144
182
207
245
267
272
287
294
303
312
311
293
262
232
188
145
120
92
72
57
59
71
70
72
61
37
32
5
-32
-57
-105
-177
-209
-241
-279
-287
-308
-329
-328
-335
-342
-319
-329
-335
-334
-347
-353
-373
-379
-348
-319
-295
-271
-256
-250
-258
-265
-260
-244
-250
-261
-273
-274
-287
-310
-282
-269
-270
-226
-194
-161
-119
-88
-43
-15
9
13
25
32
52
77
102
127
129
129
113
104
103
96
85
104
126
138
142
154
173
162
186
207
214
229
255
258
246
236
235
220
221
228
216
232
236
227
235
249
232
204
186
160
134
110
112
99
84
84
82
76
74
73
67
65
54
27
13
-15
-43
-54
-85
-85
-86
-95
-66
-32
2
23
60
97
136
161
178
209
220
204
192
167
140
136
123
117
106
96
91
73
62
80
87
85
104
108
97
114
102
104
115
106
97
91
81
60
78
92
100
122
133
124
115
102
73
38
8
-31
-84
-130
-179
-226
-251
-259
-290
-298
-304
-327
-328
-327
-325
-347
-354
-362
-406
-410
-406
-388
-365
-341
-329
-301
-265
-254
-225
-196
-164
-134
-107
-92
-87
-109
-126
-143
-176
-171
-180
-193
-197
-202
-198
-190
-181
-188
-159
-131
-124
-109
-92
-68
-43
-11
20
37
45
49
55
61
73
79
88
119
125
120
113
108
92
88
76
64
66
47
38
25
12
-14
-18
-20
-35
-37
-19
-17
-22
-4
25
49
75
118
139
153
168
175
186
197
208
222
251
273
285
295
282
260
232
225
214
191
204
193
181
204
205
189
199
191
169
170
181
189
201
225
233
247
259
246
253
254
247
244
257
252
244
215
194
180
148
142
119
73
40
16
-8
-16
-24
-18
-11
-12
-17
-16
-16
-24
-34
-42
-37
-22
-11
0
-7
-5
-39
-69
-101
-116
-127
-153
-147
-145
-146
-149
-145
-150
-161
-186
-222
-242
-276
-296
-302
-299
-293
-285
-273
-282
-276
-280
-280
-261
-246
-229
-214
-201
-206
-196
-184
-183
-171
-185
-180
-181
-194
-196
-211
-220
-213
-216
-224
-225
-233
-253
-253
-251
-263
-261
-254
-260
-242
-218
-208
-181
-155
-132
-102
-94
-72
-41
-20
-4
6
3
22
26
34
53
38
48
42
35
34
40
54
58
72
109
134
173
195
199
208
228
236
218
227
239
239
257
277
295
324
344
360
370
383
387
364
360
370
349
350
358
358
365
352
346
344
328
297
257
225
181
138
110
102
89
80
75
58
44
37
33
21
23
6
-19
-12
-6
6
17
30
38
40
43
41
53
49
28
19
8
-25
-37
-55
-86
-106
-109
-131
-146
-123
-112
-101
-90
-88
-101
-110
-107
-102
-114
-106
-116
-123
-117
-118
-107
-98
-84
-60
-63
-61
-76
-99
-106
-115
-121
-117
-89
-115
-115
-98
-113
-108
-110
-139
-152
-172
-208
-206
-216
-239
-241
-256
-280
-288
-295
-278
-260
-253
-235
-221
-213
-203
-200
-181
-154
-134
-115
-80
-63
-79
-64
-56
-59
-54
-52
-53
-50
-67
-72
-77
-57
-26
7
37
68
94
102
103
101
114
118
120
121
118
115
118
141
161
186
229
236
260
265
264
245
218
226
228
221
212
218
210
211
216
197
198
186
143
124
83
36
10
-14
-29
-42
-37
-44
-28
-38
-54
-49
-51
-48
-26
-15
-16
-11
-1
-7
-10
-9
1
23
43
73
114
133
140
143
133
130
141
132
129
131
122
109
120
153
157
161
179
176
158
136
111
120
136
162
180
182
180
154
115
90
83
61
42
21
-28
-70
-99
-136
-159
-178
-197
-214
-246
-310
-359
-394
-424
-424
-415
-418
-428
-451
-469
-462
-461
-448
-416
-403
-385
-369
-362
-365
-345
-307
-282
-239
-209
-200
-178
-147
-123
-80
-28
14
48
69
101
117
133
157
196
223
247
277
281
295
307
313
329
347
357
365
361
345
338
335
303
291
287
263
239
217
185
157
144
109
87
56
19
-19
-58
-80
-84
-97
-104
-120
-137
-168
-211
-224
-226
-234
-227
-215
-211
-197
-194
-171
-156
-151
-125
-106
-83
-72
-59
-39
-52
-38
-19
-2
6
40
65
83
112
124
148
176
203
218
221
232
245
244
250
271
288
306
322
337
333
332
324
312
289
265
252
233
212
192
181
146
124
99
72
33
-5
-43
-69
-104
-141
-144
-173
-181
-192
-214
-212
-221
-233
-237
-232
-234
-247
-242
-253
-263
-258
-269
-261
-246
-245
-252
-228
-222
-214
-220
-229
-217
-210
-209
-203
-186
-178
-169
-166
-153
-129
-120
-127
-118
-112
-93
-75
-54
-20
3
21
21
17
29
29
30
53
45
40
47
40
34
32
44
29
15
12
-11
-16
-8
-9
-6
5
-9
-28
-17
-12
-7
19
41
66
115
144
156
165
161
161
149
161
180
174
186
198
194
196
200
205
201
203
195
179
187
185
183
186
183
171
155
132
97
76
77
66
68
79
95
80
77
74
43
10
10
7
-8
3
-2
-12
-24
-15
-19
-17
-31
-48
-73
-93
-118
-134
-132
-129
-107
-96
-84
-75
-60
-49
-45
-34
-22
-20
-23
-20
-16
-21
-14
5
21
34
35
36
49
38
25
17
-1
-9
-9
-6
8
17
4
2
-19
-23
-26
-29
-30
-47
-69
-79
-77
-71
-84
-87
-91
-107
-124
-141
-152
-146
-155
-171
-163
-179
-188
-184
-187
-168
-143
-127
-119
-140
-148
-164
-183
-174
-166
-148
-118
-103
-98
-99
-90
-102
-102
-100
-102
-87
-83
-74
-55
-33
-10
13
25
34
38
9
4
1
-5
11
28
48
73
89
83
101
111
131
137
159
176
174
183
196
207
208
224
229
224
228
232
209
209
213
203
198
186
176
162
145
141
136
134
132
130
117
96
76
58
57
62
83
114
111
111
106
100
59
40
23
-6
-33
-42
-48
-55
-46
-53
-49
-39
-36
-48
-57
-67
-89
-95
-105
-109
-93
-82
-89
-74
-53
-55
-55
-58
-59
-64
-77
-71
-74
-83
-65
-46
-44
-27
-2
4
9
14
11
7
8
4
9
14
13
-4
-26
-35
-38
-42
-42
-34
-22
-15
-2
-3
-16
-21
-22
-23
-32
-40
-43
-46
-41
-29
-21
-15
-8
-11
-17
-42
-62
-86
-103
-99
-88
-89
-97
-94
-116
-128
-123
-130
-141
-144
-151
-151
-157
-147
-137
-119
-110
-108
-110
-117
-117
-120
-108
-100
-89
-87
-78
-70
-76
-54
-47
-33
-14
11
23
38
48
43
61
61
77
97
99
110
123
115
123
138
159
171
179
186
183
170
155
147
149
161
175
182
189
184
175
172
164
160
148
134
135
116
87
93
80
69
70
55
39
36
16
10
10
14
26
21
4
-4
-26
-59
-68
-72
-82
-61
-45
-43
-23
-26
-33
-41
-39
-36
-39
-51
-51
-57
-54
-32
-27
-7
10
26
41
52
55
45
43
52
53
47
46
48
51
60
71
73
77
77
66
64
52
38
24
12
-1
0
13
18
6
-4
-14
-38
-50
-54
-55
-69
-71
-65
-66
-60
-60
-55
-58
-56
-56
-60
-71
-88
-89
-94
-107
-115
-107
-118
-127
-125
-139
-141
-146
-145
-132
-116
-113
-106
-107
-114
-116
-122
-117
-112
-98
-90
-84
-65
-43
-37
-33
-15
-16
-13
-8
-2
-6
-7
-5
-7
-10
-20
-10
-9
-5
9
13
6
7
-1
-11
-15
-26
-16
-10
-3
8
16
31
41
53
70
88
94
98
98
94
93
84
88
99
100
107
111
112
104
99
98
105
110
120
119
117
114
110
104
98
106
95
93
86
77
59
53
39
32
30
28
23
10
11
4
-3
-1
-8
-13
-23
-40
-45
-66
-81
-78
-62
-63
-60
-58
-68
-71
-72
-64
-60
-59
-54
-50
-42
-28
-13
-7
2
8
17
33
39
57
65
72
76
62
70
70
68
81
80
88
82
75
72
72
76
75
69
51
47
32
20
16
2
2
-3
-21
-36
-42
-57
-65
-67
-77
-84
-95
-106
-118
-123
-131
-137
-144
-153
-158
-170
-171
-170
-162
-152
-146
-139
-118
-121
-123
-112
-103
-93
-83
-68
-65
-61
-64
-53
-55
-53
-37
-27
-10
-3
5
11
18
16
16
31
32
28
31
24
32
44
50
62
65
62
64
56
59
61
58
77
83
89
92
86
77
78
76
73
75
77
68
57
50
53
52
55
68
69
72
75
74
82
88
87
98
104
95
101
100
97
101
95
98
101
109
108
106
107
107
100
97
97
90
83
76
69
63
61
54
41
27
14
10
-7
-24
-31
-37
-37
-47
-60
-70
-81
-95
-101
-103
-106
-112
-112
-108
-113
-111
-117
-125
-125
-127
-122
-126
-125
-129
-130
-128
-138
-130
-129
-132
-125
-112
-105
-91
-81
-65
-58
-43
-39
-32
-26
-30
-8
2
25
40
53
61
63
60
55
58
59
72
79
83
74
66
50
34
38
40
39
36
26
11
2
-14
-23
-34
-42
-46
-52
-55
-58
-67
-73
-73
-83
-97
-102
-107
-123
-123
-122
-123
-120
-117
-109
-102
-99
-102
-102
-108
-110
-107
-100
-92
-88
-78
-69
-55
-32
-11
7
24
30
37
44
55
82
100
123
142
146
156
162
167
177
186
192
193
187
182
174
179
180
189
197
191
183
175
164
151
147
137
126
119
109
103
99
100
96
103
106
94
83
66
50
37
24
20
15
7
-6
-23
-35
-44
-52
-57
-58
-66
-73
-83
-95
-100
-100
-93
-86
-78
-76
-71
-72
-76
-68
-59
-56
-43
-30
-29
-26
-28
-31
-25
-28
-29
-25
-35
-36
-34
-28
-20
-19
-19
-14
-10
-17
-20
-25
-38
-35
-40
-41
-50
-52
-51
-56
-59
-59
-58
-59
-56
-57
-60
-66
-74
-74
-74
-73
-67
-68
-67
-69
-74
-85
-92
-94
-97
-102
-95
-99
-100
-97
-100
-91
-83
-75
-69
-61
-55
-47
-54
-52
-37
-32
-17
-3
0
4
7
3
10
15
19
34
37
35
41
40
44
53
55
65
72
72
76
85
82
83
82
86
100
103
106
111
112
112
106
105
99
98
95
99
100
111
117
122
125
122
117
113
114
110
114
107
96
92
87
80
75
67
61
49
42
45
33
31
31
24
24
17
10
7
5
6
-5
-10
-20
-34
-44
-47
-50
-46
-45
-44
-42
-40
-43
-44
-46
-50
-47
-55
-62
-59
-61
-68
-65
-68
-67
-63
-63
-64
-63
-68
-72
-70
-68
-73
-68
-66
-72
-69
-68
-59
-57
-50
-40
-35
-32
-32
-35
-38
-35
-35
-37
-34
-31
-30
-33
-30
-25
-22
-21
-9
-12
-10
-2
1
2
6
8
4
0
-5
-4
-3
-2
-6
0
6
7
5
8
5
5
9
9
4
5
5
0
-3
-5
-7
-5
-6
-6
-2
-3
-6
-1
3
-1
4
0
-7
-3
-11
-12
-10
-13
-9
0
3
5
11
11
11
11
8
0
-1
-2
-1
5
12
18
22
25
26
24
23
23
27
28
30
34
33
40
40
40
46
52
51
48
49
45
39
37
38
38
35
34
31
28
27
30
30
31
27
30
33
31
23
21
22
22
22
30
33
30
34
28
25
17
17
15
10
13
15
10
8
10
5
3
5
6
7
6
8
9
2
0
-5
-15
-18
-25
-26
-23
-28
-32
-30
-34
-34
-28
-27
-29
-31
-32
-36
-43
-51
-51
-50
-52
-53
-49
-48
-46
-47
-50
-46
-48
-44
-45
-50
-47
-49
-47
-37
-31
-22
-18
-18
-14
-16
-17
-17
-20
-23
-24
-25
-28
-25
-21
-17
-9
-12
-19
-19
-24
-23
-17
-14
-11
-13
-16
-13
-12
-17
-8
1
-2
-4
-1
-7
-10
-7
-9
-4
0
9
9
11
11
13
19
25
41
38
42
45
37
36
42
43
47
50
53
54
55
61
60
66
69
68
65
60
52
47
49
48
49
46
40
34
28
29
30
22
22
12
0
-3
-10
-14
-13
-15
-17
-19
-24
-20
-20
-17
-12
-10
-9
-10
-15
-14
-11
-12
-9
-9
-8
-11
-18
-18
-17
-12
-8
-7
-3
-6
-5
-4
-2
0
1
7
9
5
5
8
5
8
15
17
17
23
20
17
21
22
23
19
16
15
17
13
13
8
1
0
-7
-11
-7
-10
-16
-20
-20
-20
-22
-24
-26
-29
-28
-25
-26
-21
-21
-20
-24
-27
-23
-26
-28
-27
-32
-36
-35
-35
-36
-36
-39
-40
-38
-38
-37
-34
-29
-24
-22
-21
-22
-26
-20
-19
-21
-24
-25
-26
-25
-22
-14
-7
-3
-3
1
4
-2
-3
-3
-1
-2
-2
-2
-3
-3
-1
1
3
9
14
15
14
15
15
16
22
26
28
32
30
29
29
30
28
30
33
33
29
24
20
17
11
13
14
14
15
12
14
15
15
18
18
19
16
12
15
12
14
17
19
18
22
20
12
9
6
9
12
14
18
19
17
18
23
26
27
27
28
23
21
21
16
14
17
20
26
31
35
37
40
36
30
25
21
18
17
19
22
24
24
21
18
15
9
2
1
-1
-7
-11
-16
-21
-25
-28
-33
-33
-37
-43
-44
-47
-49
-53
-54
-56
-60
-60
-59
-62
-58
-54
-56
-57
-56
-52
-55
-53
-50
-49
-49
-46
-46
-44
-43
-45
-44
-44
-41
-40
-37
-34
-32
-28
-21
-22
-15
-4
3
2
2
0
-1
-1
-2
3
4
5
11
9
12
17
18
24
27
26
24
22
23
23
29
30
32
35
37
34
35
37
33
31
31
34
32
28
31
31
30
35
37
41
43
37
33
29
26
23
18
13
12
9
11
13
15
15
13
8
8
9
10
12
10
11
13
13
12
13
9
10
13
5
5
5
0
2
4
9
13
15
16
20
19
16
16
13
8
6
9
5
3
3
6
7
6
5
6
4
-4
-6
-8
-12
-11
-7
-7
-7
-7
-13
-18
-21
-27
-32
-31
-32
-29
-28
-35
-36
-36
-37
-35
-35
-35
-38
-42
-45
-49
-49
-47
-49
-47
-43
-40
-41
-42
-42
-40
-36
-31
-28
-25
-29
-31
-30
-28
-22
-19
-11
-6
-9
-8
-8
-10
-10
-4
3
7
11
12
12
12
13
18
22
25
27
25
25
20
18
22
23
27
31
33
32
30
28
28
33
34
36
35
36
37
36
35
31
32
30
25
24
22
18
17
17
22
23
24
23
23
20
15
14
13
14
14
12
8
8
4
-1
1
7
9
9
11
7
7
5
4
4
5
9
6
4
4
2
0
1
3
9
11
13
14
9
10
9
11
15
16
15
9
6
12
9
11
16
14
14
9
8
5
6
5
1
-4
-5
-10
-18
-16
-15
-16
-17
-17
-19
-26
-26
-30
-36
-38
-43
-45
-44
-43
-42
-42
-44
-48
-52
-53
-53
-55
-57
-59
-58
-57
-58
-56
-56
-53
-52
-49
-46
-46
-46
-42
-38
-37
-31
-26
-27
-24
-23
-18
-15
-11
-5
-7
-6
-4
-4
-3
-1
1
6
11
13
17
21
20
23
25
25
26
29
26
27
27
27
31
34
38
39
40
38
36
36
37
37
40
47
48
47
50
48
48
49
47
46
43
40
38
38
41
44
47
47
48
43
43
40
40
43
42
46
42
38
37
32
36
39
42
43
43
40
37
30
22
18
13
13
11
8
7
3
-1
-3
-3
-7
-13
-15
-20
-26
-25
-28
-28
-25
-28
-32
-32
-35
-38
-37
-38
-41
-43
-46
-50
-50
-49
-47
-45
-42
-41
-39
-42
-46
-48
-48
-46
-42
-36
-35
-34
-31
-31
-28
-25
-23
-28
-34
-38
-43
-47
-44
-41
-38
-32
-29
-26
-27
-27
-26
-26
-27
-27
-26
-28
-28
-28
-25
-22
-25
-19
-19
-20
-20
-21
-16
-14
-11
-8
-5
-6
-8
-9
-9
-9
-6
-2
1
3
0
0
0
-2
2
6
8
10
10
12
18
23
25
29
30
29
29
33
34
35
38
39
37
34
36
35
33
38
38
43
47
47
54
56
57
58
56
53
49
46
46
46
48
49
57
61
61
62
57
56
54
50
50
47
45
42
39
38
40
42
45
44
43
40
34
29
28
25
21
22
18
13
13
10
9
8
7
8
4
-7
-15
-22
-27
-31
-33
-32
-30
-31
-30
-28
-28
-27
-30
-35
-38
-44
-48
-47
-45
-45
-44
-49
-51
-53
-57
-56
-53
-48
-46
-46
-47
-48
-48
-46
-44
-43
-41
-40
-40
-44
-46
-50
-51
-51
-49
-48
-47
-45
-41
-44
-45
-46
-51
-49
-46
-46
-45
-43
-42
-45
-42
-39
-38
-38
-39
-37
-34
-32
-29
-26
-23
-19
-19
-16
-12
-12
-5
-6
-7
-4
-2
5
12
16
18
21
23
22
26
28
31
32
35
34
37
36
37
40
44
48
48
51
50
52
56
57
57
58
56
57
55
55
56
60
62
64
62
60
56
50
50
48
48
48
50
48
47
46
40
42
43
43
39
39
34
33
35
32
35
34
34
32
32
29
26
23
22
19
19
17
13
14
9
7
6
4
0
-3
-3
-3
-4
-6
-7
-9
-10
-12
-16
-19
-22
-23
-21
-21
-21
-20
-25
-29
-33
-37
-38
-39
-37
-38
-38
-40
-39
-44
-46
-48
-49
-50
-49
-50
-53
-53
-55
-55
-52
-52
-55
-57
-58
-57
-58
-57
-57
-59
-58
-52
-50
-46
-41
-42
-43
-41
-40
-41
-38
-34
-30
-25
-21
-22
-20
-19
-17
-18
-14
-10
-10
-11
-11
-12
-13
-7
-6
-3
-1
1
3
5
8
7
12
13
12
14
15
14
15
16
19
22
27
32
32
36
39
38
37
36
34
36
39
42
43
47
46
47
45
45
45
43
42
45
46
47
45
43
43
40
41
39
36
34
33
28
28
26
28
31
30
31
31
30
26
24
25
24
21
20
23
18
16
15
16
15
18
18
14
12
8
6
7
8
7
8
7
8
6
2
-3
-4
-4
-4
-4
-2
-4
-7
-7
-5
-6
-6
-5
-11
-15
-17
-18
-21
-19
-20
-19
-18
-20
-19
-21
-24
-25
-24
-23
-26
-27
-30
-33
-34
-36
-38
-37
-39
-39
-39
-39
-36
-35
-36
-34
-35
-40
-37
-38
-36
-35
-29
-26
-26
-24
-27
-27
-22
-21
-20
-19
-19
-23
-22
-18
-17
-15
-11
-9
-9
-9
-8
-10
-10
-8
-10
-8
-5
-6
-7
-6
-3
-1
1
3
4
5
5
4
5
7
7
9
12
13
12
11
12
12
10
10
8
9
6
11
11
12
13
11
11
12
9
10
14
13
15
17
16
14
14
15
18
18
22
21
20
22
23
23
22
25
19
19
21
22
26
26
27
25
26
28
28
28
26
23
19
22
21
23
23
20
18
16
18
20
22
20
19
18
16
17
18
20
18
17
13
9
8
6
4
4
6
7
8
8
6
4
3
4
3
0
2
-1
-3
-3
-3
-2
-3
-4
-4
-5
-6
-9
-12
-16
-22
-21
-24
-25
-22
-19
-19
-18
-18
-20
-24
-26
-28
-32
-33
-36
-37
-38
-37
-37
-38
-38
-40
-40
-41
-44
-46
-45
-43
-42
-39
-37
-37
-36
-34
-36
-34
-31
-27
-29
-25
-24
-25
-25
-23
-22
-20
-15
-12
-12
-11
-8
-6
-3
0
0
2
4
1
3
4
6
10
14
16
16
20
20
18
18
20
19
20
20
20
20
20
20
21
20
22
23
23
25
28
29
29
29
29
29
27
27
27
26
27
29
29
30
31
31
30
28
27
27
28
31
34
30
29
29
27
26
28
27
27
24
20
18
17
15
13
14
15
14
16
15
14
13
13
11
10
10
8
5
4
2
0
2
1
2
4
2
1
-1
-6
-7
-7
-7
-10
-8
-8
-7
-8
-6
-5
-5
-6
-9
-11
-11
-11
-12
-11
-9
-12
-20
-19
-20
-24
-21
-24
-27
-26
-27
-27
-24
-24
-27
-27
-30
-33
-33
-32
-30
-32
-32
-35
-36
-38
-39
-39
-38
-39
-40
-40
-39
-38
-38
-35
-33
-38
-35
-34
-38
-37
-34
-36
-31
-29
-27
-23
-22
-21
-18
-15
-15
-14
-14
-11
-8
-7
-1
4
7
11
12
11
12
10
13
15
19
27
29
31
32
31
33
35
38
40
42
41
40
42
42
42
44
44
43
43
43
42
43
44
43
43
40
39
36
35
36
35
35
34
34
33
29
26
26
22
20
17
16
17
14
12
13
12
12
10
8
7
4
0
1
3
1
2
1
-3
-4
-5
-7
-7
-6
-7
-7
-7
-7
-8
-7
-8
-6
-3
-5
-4
-6
-5
-7
-9
-10
-13
-13
-13
-11
-12
-11
-10
-10
-12
-12
-13
-15
-19
-22
-23
-24
-25
-24
-24
-22
-22
-23
-23
-26
-25
-27
-27
-22
-23
-22
-21
-23
-21
-23
-23
-20
-19
-16
-17
-17
-17
-20
-22
-20
-20
-20
-19
-21
-21
-20
-18
-15
-15
-11
-10
-9
-8
-5
-6
-8
-8
-8
-6
-8
-3
-3
0
4
4
6
5
6
5
4
5
5
4
6
8
8
10
8
6
6
7
9
12
15
14
15
14
14
13
14
16
16
15
15
16
17
19
21
22
20
21
19
18
19
14
14
15
16
20
19
19
20
16
15
12
13
15
14
16
17
14
13
13
11
10
8
7
7
7
7
8
8
7
7
6
6
4
4
2
1
-2
-1
0
-1
0
2
1
0
0
-1
-1
-2
-2
-2
-1
-1
-1
-1
2
-1
-3
-4
-7
-8
-7
-6
-2
1
2
5
7
3
3
5
4
3
2
2
0
1
1
2
3
4
3
4
3
2
5
3
2
2
-2
-3
-5
-7
-6
-6
-8
-7
-10
-14
-15
-15
-18
-18
-19
-20
-21
-23
-23
-25
-24
-24
-26
-26
-26
-28
-29
-30
-31
-33
-31
-28
-28
-25
-22
-25
-27
-26
-25
-24
-20
-16
-15
-14
-15
-14
-11
-12
-8
-6
-4
-4
-1
1
0
3
7
7
12
14
14
14
13
11
13
15
17
19
21
22
21
19
21
22
22
22
24
23
23
23
22
22
22
21
21
23
22
20
19
20
18
17
18
15
16
18
16
18
18
17
16
14
14
12
11
9
6
5
6
5
3
5
6
3
5
4
3
3
2
3
4
3
3
2
1
1
-2
-2
-1
-6
-6
-7
-7
-7
-8
-9
-9
-9
-9
-10
-12
-11
-11
-11
-10
-9
-10
-10
-9
-11
-10
-11
-12
-12
-13
-12
-8
-5
-2
-1
-1
-2
-2
-3
-4
-4
-3
-4
-3
-4
-3
-1
1
-2
0
2
-1
-3
-3
-5
-7
-7
-6
-6
-6
-5
-7
-8
-8
-9
-8
-7
-7
-7
-7
-7
-10
-10
-11
-13
-15
-11
-15
-15
-11
-11
-10
-8
-7
-7
-4
-5
-4
-2
-2
-2
-3
0
0
2
5
5
4
4
6
7
9
13
13
15
17
18
18
17
19
21
22
22
21
20
17
16
16
16
17
18
17
16
15
15
15
16
16
15
12
11
7
4
6
6
6
6
4
2
-2
-5
-6
-9
-8
-6
-6
-8
-9
-9
-9
-7
-8
-7
-5
-4
-7
-8
-10
-13
-12
-11
-9
-6
-5
-1
0
0
1
2
2
-1
0
0
-4
-5
-2
-5
-7
-4
-4
-5
-5
-5
-4
-3
-4
-8
-11
-15
-18
-19
-18
-15
-15
-13
-15
-17
-18
-18
-19
-18
-17
-16
-18
-19
-20
-20
-18
-16
-13
-11
-8
-8
-8
-7
-6
-5
-3
-2
-2
-2
-2
0
3
4
7
9
11
12
14
13
13
12
14
16
16
16
19
18
16
15
17
15
16
16
15
18
18
18
20
17
16
18
17
15
16
15
12
13
10
9
7
8
8
9
12
14
12
11
12
11
11
10
9
9
9
10
10
11
14
14
14
14
15
13
13
14
14
13
15
12
11
12
9
9
10
9
7
8
5
3
1
-1
-3
-3
-5
-7
-6
-8
-9
-11
-12
-13
-11
-12
-12
-12
-13
-15
-16
-20
-22
-24
-26
-24
-25
-27
-27
-26
-27
-25
-26
-26
-27
-28
-26
-26
-27
-26
-26
-24
-23
-20
-20
-19
-19
-20
-19
-19
-18
-19
-20
-22
-20
-21
-20
-20
-20
-20
-19
-18
-16
-15
-13
-15
-14
-12
-12
-9
-7
-6
-5
-4
-4
0
1
3
5
7
7
6
9
10
14
17
19
21
21
22
23
24
26
29
31
32
34
33
33
31
32
33
35
34
32
33
31
30
32
32
34
35
33
29
26
22
18
18
17
15
14
12
11
9
7
5
3
3
2
1
-1
-2
-4
-7
-8
-9
-9
-9
-7
-7
-6
-7
-8
-7
-7
-6
-5
-4
-2
-1
-2
0
1
-1
-1
0
2
4
4
7
6
6
4
3
2
3
3
2
2
2
3
3
5
4
3
-1
-4
-7
-10
-10
-12
-14
-13
-13
-15
-16
-17
-18
-17
-21
-22
-22
-24
-26
-26
-25
-26
-25
-25
-25
-26
-28
-27
-27
-25
-23
-22
-20
-20
-21
-21
-21
-18
-17
-15
-13
-14
-15
-14
-14
-12
-10
-7
-6
-3
-3
-3
-3
-3
-1
-2
1
0
-1
0
2
3
4
7
6
10
9
11
10
14
14
13
13
14
13
12
15
12
15
16
17
19
21
21
19
20
20
21
23
24
27
27
24
22
22
22
21
21
23
26
25
26
28
27
26
26
24
23
22
22
19
16
14
13
12
14
15
14
13
9
8
8
7
6
7
6
6
3
1
3
1
2
3
0
-1
-2
-4
-6
-7
-8
-10
-12
-14
-13
-12
-11
-10
-9
-8
-10
-9
-9
-11
-12
-14
-13
-14
-12
-14
-13
-13
-14
-14
-16
-17
-18
-18
-21
-19
-19
-20
-20
-19
-19
-23
-23
-25
-25
-26
-25
-24
-24
-23
-25
-27
-27
-26
-26
-23
-19
-18
-18
-16
-16
-14
-14
-14
-13
-14
-18
-16
-15
-15
-12
-8
-8
-7
-6
-5
-3
-5
-4
-2
-3
-2
0
-1
1
2
4
6
8
8
7
7
7
6
8
9
10
12
12
13
13
11
13
14
15
17
17
16
16
15
16
15
17
18
19
20
20
20
19
19
21
22
25
25
23
23
22
21
23
24
26
26
27
27
27
26
26
25
23
22
21
21
19
19
17
15
15
14
13
12
12
11
12
9
10
10
9
8
6
5
6
5
6
8
6
4
6
3
1
1
-1
-2
-3
-3
-5
-5
-7
-7
-8
-7
-7
-8
-6
-9
-8
-9
-11
-10
-11
-12
-12
-12
-13
-14
-15
-17
-17
-19
-21
-19
-21
-23
-24
-24
-24
-23
-26
-28
-30
-33
-32
-33
-35
-33
-32
-30
-29
-30
-31
-33
-32
-33
-30
-29
-29
-27
-28
-28
-26
-27
-26
-23
-22
-20
-18
-18
-16
-14
-15
-12
-10
-9
-7
-7
-5
-2
-4
-3
-2
-3
-1
1
0
0
2
3
5
6
9
12
12
12
13
13
15
17
18
20
20
20
20
21
22
22
22
22
23
21
22
23
25
25
25
26
28
26
27
27
28
26
27
31
31
31
31
31
31
31
30
29
29
30
30
32
34
34
36
36
36
33
32
29
25
24
21
17
17
20
18
19
19
16
15
12
11
8
6
4
3
3
2
0
-1
-3
-5
-6
-8
-9
-9
-11
-13
-16
-17
-18
-18
-18
-20
-18
-18
-18
-18
-20
-21
-24
-25
-25
-26
-28
-28
-28
-28
-27
-27
-28
-28
-29
-32
-33
-36
-37
-39
-38
-36
-35
-33
-33
-33
-34
-35
-36
-35
-35
-35
-34
-33
-33
-37
-38
-39
-36
-36
-31
-31
-32
-31
-30
-30
-26
-25
-24
-23
-23
-20
-17
-12
-9
-6
-6
-2
-2
0
1
4
7
9
11
14
16
18
19
20
22
24
26
25
26
27
29
32
35
37
39
41
41
40
38
38
40
40
41
44
41
41
42
41
42
42
42
41
40
37
36
37
35
35
35
34
32
32
32
31
29
29
28
27
25
25
25
26
26
25
23
18
18
16
14
13
13
11
10
9
7
5
2
1
-1
-4
-4
-5
-6
-7
-7
-7
-12
-12
-13
-15
-17
-17
-19
-19
-23
-27
-27
-28
-30
-30
-31
-32
-34
-34
-33
-32
-33
-33
-33
-36
-36
-36
-37
-37
-38
-34
-33
-32
-30
-29
-29
-31
-30
-32
-32
-30
-28
-23
-22
-21
-19
-18
-17
-16
-14
-14
-12
-11
-12
-12
-13
-15
-14
-15
-13
-12
-11
-10
-9
-8
-7
-8
-8
-10
-10
-8
-8
-7
-7
-7
-6
-6
-5
-6
-4
-4
-2
2
2
3
6
9
10
12
11
12
13
12
14
14
14
15
16
16
18
19
21
21
24
23
23
24
20
18
19
20
22
24
23
23
26
24
23
23
23
23
24
26
27
24
25
23
24
25
24
24
22
20
19
18
18
18
18
20
21
21
22
21
22
22
22
20
20
20
18
17
18
19
20
23
22
18
16
14
11
11
12
11
12
12
12
11
8
5
3
1
0
-4
-5
-9
-13
-13
-14
-13
-13
-13
-13
-17
-19
-21
-22
-23
-26
-24
-26
-27
-30
-33
-33
-35
-34
-34
-33
-32
-34
-33
-32
-31
-32
-32
-33
-35
-36
-35
-34
-34
-32
-30
-28
-28
-28
-29
-27
-27
-28
-26
-24
-25
-25
-23
-23
-23
-23
-21
-21
-19
-18
-18
-19
-20
-19
-17
-15
-11
-9
-8
-7
-6
-6
-5
-5
0
2
5
7
7
7
7
8
9
13
15
16
16
16
18
21
22
23
25
24
24
25
23
25
25
26
25
26
26
28
27
28
31
30
30
29
31
32
29
28
27
25
22
24
25
23
22
20
19
18
19
20
20
19
20
17
15
15
14
16
17
16
17
19
18
19
19
19
18
15
13
11
11
12
12
14
13
10
7
7
4
5
3
4
4
1
3
0
0
-3
-5
-6
-8
-9
-9
-10
-11
-12
-11
-13
-15
-17
-19
-21
-24
-25
-26
-27
-26
-24
-23
-23
-24
-26
-26
-25
-27
-27
-28
-29
-30
-30
-30
-29
-27
-27
-26
-27
-27
-28
-29
-28
-28
-26
-24
-23
-25
-24
-23
-23
-22
-20
-19
-19
-17
-18
-19
-18
-19
-18
-18
-14
-13
-12
-12
-11
-10
-8
-5
-5
-4
-2
-1
0
3
7
7
9
11
11
13
15
16
17
19
19
20
20
21
22
25
26
27
27
30
28
29
29
27
27
28
28
27
29
29
27
25
25
23
23
25
27
25
24
21
18
17
17
16
16
17
16
14
14
11
9
9
9
8
8
7
3
2
2
2
3
5
4
5
3
0
-1
1
2
3
4
3
1
2
0
1
1
3
4
5
5
3
-1
-3
-3
-3
-1
1
0
1
-1
-5
-4
-4
-5
-5
-6
-5
-5
-7
-8
-8
-9
-12
-14
-16
-18
-18
-20
-20
-18
-20
-20
-22
-23
-22
-23
-22
-21
-21
-20
-20
-20
-21
-22
-22
-22
-20
-19
-17
-17
-18
-17
-17
-16
-15
-15
-15
-17
-15
-14
-14
-12
-11
-10
-10
-11
-11
-10
-10
-8
-7
-5
-3
0
1
3
3
4
2
1
2
3
3
6
6
7
7
6
8
9
10
10
14
13
12
13
13
13
14
14
16
17
18
18
20
20
19
17
17
18
17
16
18
18
19
20
