SAMPLES:	23336
BITSPERSAMPLE:	16
CHANNELS:	1
SAMPLERATE:	16000
NORMALIZED:	FALSE
20
20
19
17
16
13
13
12
10
11
9
12
10
9
9
7
6
7
5
3
3
2
0
-1
-1
-2
-4
-5
-6
-7
-10
-10
-10
-9
-9
-10
-8
-9
-11
-13
-13
-15
-15
-14
-15
-16
-16
-17
-17
-17
-18
-16
-17
-18
-18
-20
-22
-23
-22
-21
-21
-22
-22
-21
-22
-22
-21
-19
-19
-18
-19
-20
-20
-20
-21
-18
-18
-18
-16
-16
-16
-17
-15
-15
-14
-13
-12
-12
-12
-12
-10
-10
-7
-7
-7
-7
-7
-8
-7
-6
-4
-3
-3
-2
-1
-1
-1
0
0
0
0
1
1
2
3
3
3
5
6
7
8
11
11
13
14
14
13
14
17
16
19
19
20
21
21
21
20
20
20
21
22
23
23
23
24
23
23
23
21
21
21
21
21
21
21
21
22
21
19
18
18
16
14
14
12
11
9
8
8
8
8
8
6
5
4
2
3
2
0
1
1
0
-1
-2
-2
-2
-3
-4
-5
-5
-8
-8
-8
-9
-9
-7
-6
-7
-8
-8
-10
-9
-8
-8
-9
-10
-11
-12
-12
-12
-12
-12
-13
-15
-16
-15
-15
-16
-16
-16
-17
-19
-18
-19
-19
-19
-19
-17
-17
-18
-17
-18
-16
-16
-16
-15
-15
-15
-17
-17
-17
-16
-14
-14
-14
-13
-14
-13
-12
-12
-10
-8
-8
-8
-6
-7
-6
-5
-4
-3
-1
1
1
3
2
2
4
4
5
6
6
8
7
9
9
11
12
13
13
13
15
14
15
17
18
20
21
21
21
21
19
20
19
21
20
21
22
21
22
21
20
21
19
17
16
16
15
16
15
14
14
14
14
13
12
12
10
8
8
7
5
5
5
4
3
2
0
-1
-1
-2
-3
-5
-5
-6
-8
-10
-10
-11
-11
-9
-8
-8
-9
-12
-12
-13
-14
-14
-13
-13
-13
-13
-14
-12
-12
-13
-11
-11
-12
-14
-12
-14
-13
-13
-12
-11
-12
-12
-12
-11
-12
-12
-12
-13
-12
-11
-11
-11
-9
-9
-9
-7
-7
-8
-6
-6
-7
-6
-5
-5
-3
-2
-2
-1
1
2
3
2
3
2
3
4
6
6
6
6
8
8
9
10
11
10
11
11
9
10
11
12
13
14
14
13
15
15
15
15
16
15
13
13
10
9
9
7
7
8
8
9
9
9
9
7
7
8
5
4
5
3
2
2
1
3
1
2
2
2
3
2
3
3
3
2
2
0
-3
-3
-4
-5
-3
-2
-1
-2
-3
-4
-5
-5
-5
-6
-7
-7
-8
-10
-10
-10
-11
-11
-10
-11
-11
-11
-11
-12
-13
-13
-11
-10
-11
-9
-10
-9
-10
-11
-11
-9
-10
-10
-9
-11
-12
-12
-12
-9
-8
-7
-7
-7
-7
-5
-6
-4
-4
-3
-4
-4
-5
-6
-5
-4
-3
-1
1
1
2
1
0
-1
0
1
1
0
1
2
2
2
4
4
3
4
4
5
5
6
7
7
8
9
8
9
9
10
11
11
12
11
12
12
13
14
14
14
14
14
16
15
15
15
16
15
15
15
15
17
15
14
14
12
12
13
11
11
12
11
11
10
9
9
7
5
5
4
3
4
2
2
1
-1
-2
-4
-6
-6
-7
-8
-9
-9
-8
-8
-8
-8
-10
-12
-14
-14
-15
-14
-13
-13
-12
-12
-13
-13
-13
-12
-12
-10
-11
-11
-11
-11
-12
-12
-11
-12
-10
-11
-9
-9
-8
-7
-8
-7
-8
-8
-8
-8
-6
-6
-6
-5
-5
-5
-4
-3
-4
-4
-3
-3
-5
-6
-7
-7
-5
-6
-5
-3
-2
-3
-5
-4
-4
-5
-5
-5
-5
-6
-5
-5
-4
-1
-2
-1
-1
-1
-2
-2
-1
0
1
2
2
2
2
2
3
5
5
7
8
7
6
7
7
7
9
11
12
11
11
10
10
11
11
11
11
10
10
10
11
10
11
12
11
11
12
12
13
14
14
15
13
13
12
10
9
9
9
10
9
9
8
10
9
8
7
7
7
6
3
2
2
0
2
1
2
1
2
2
2
3
2
2
1
0
-1
-2
-4
-4
-4
-3
-3
0
1
-1
-2
-3
-4
-5
-5
-4
-5
-4
-4
-4
-3
-1
-3
-3
-3
-4
-3
-3
-4
-3
-2
-2
-3
-3
-2
-2
-4
-2
-4
-4
-4
-4
-5
-5
-4
-4
-3
-6
-6
-6
-6
-5
-7
-7
-9
-10
-11
-12
-11
-12
-10
-9
-11
-11
-12
-13
-12
-12
-14
-12
-11
-10
-10
-10
-9
-10
-11
-10
-11
-11
-10
-10
-9
-7
-8
-7
-8
-8
-9
-10
-9
-10
-9
-8
-8
-8
-6
-7
-7
-5
-5
-5
-4
-3
0
0
1
1
2
3
3
2
4
5
5
8
8
7
7
8
8
8
9
9
9
11
11
13
14
14
15
17
17
19
20
21
21
20
21
20
20
21
21
21
21
20
19
19
18
18
17
17
16
16
16
16
14
13
11
9
8
8
7
6
5
4
3
2
4
1
2
0
-2
-3
-3
-4
-3
-4
-2
-4
-5
-5
-7
-6
-6
-5
-6
-6
-8
-8
-9
-9
-9
-9
-8
-7
-8
-6
-5
-5
-7
-7
-7
-8
-9
-9
-9
-9
-9
-8
-8
-7
-6
-7
-8
-8
-9
-10
-9
-10
-11
-11
-12
-11
-12
-10
-10
-10
-10
-9
-10
-10
-11
-12
-11
-11
-10
-9
-9
-9
-8
-10
-9
-8
-10
-11
-10
-10
-10
-8
-8
-8
-6
-5
-5
-3
-4
-3
-2
-1
0
-1
-2
-1
-1
0
1
2
3
4
4
4
6
5
4
4
4
6
8
7
8
7
6
7
8
9
8
11
10
10
11
11
11
11
13
12
12
12
10
11
12
11
12
13
14
13
14
14
15
16
14
15
14
17
17
16
16
16
15
14
13
12
12
12
11
11
11
11
11
10
10
8
8
6
4
3
1
1
1
-1
-1
-3
-2
-3
-3
-4
-5
-5
-5
-7
-8
-8
-9
-9
-9
-9
-10
-10
-11
-12
-11
-10
-10
-9
-10
-11
-12
-13
-11
-11
-9
-7
-8
-9
-9
-11
-12
-11
-12
-11
-12
-11
-10
-10
-10
-11
-11
-9
-11
-9
-9
-10
-10
-12
-13
-13
-14
-15
-15
-14
-14
-13
-13
-12
-11
-12
-10
-9
-10
-9
-10
-8
-10
-9
-8
-6
-5
-5
-4
-4
-3
-3
-2
-2
-2
1
-1
1
1
1
2
4
6
7
8
10
9
8
8
8
8
8
9
9
10
11
10
12
11
12
12
14
13
13
13
13
12
12
15
14
15
16
15
16
17
15
16
14
13
13
12
12
13
12
12
14
14
12
11
10
9
8
8
9
8
7
7
7
7
6
8
8
7
6
6
5
4
5
4
3
4
2
1
1
0
-1
-1
0
-1
-1
-2
-2
-3
-4
-3
-1
-2
-2
-2
-3
-3
-4
-5
-6
-5
-7
-7
-8
-9
-11
-9
-9
-9
-9
-9
-9
-10
-9
-9
-9
-8
-9
-11
-12
-13
-13
-13
-11
-10
-12
-12
-12
-13
-15
-14
-13
-13
-12
-13
-15
-15
-14
-14
-13
-11
-10
-10
-9
-8
-10
-10
-11
-13
-12
-11
-10
-9
-7
-7
-7
-6
-6
-5
-4
-3
-4
-5
-4
-3
-2
-1
0
1
1
1
2
0
2
4
3
3
4
6
7
9
9
9
11
11
11
11
12
11
10
10
12
12
12
13
14
15
16
15
15
14
15
15
15
15
14
14
14
13
13
13
13
12
12
11
10
10
10
10
10
10
10
10
10
9
7
7
6
6
5
8
7
7
7
6
4
2
2
1
0
0
0
-1
1
0
-1
-2
-3
-2
-4
-3
-4
-4
-3
-3
-2
-1
-1
-1
-2
-4
-5
-5
-6
-6
-4
-4
-4
-3
-5
-5
-5
-5
-6
-7
-8
-8
-8
-8
-9
-9
-8
-8
-9
-10
-10
-10
-11
-11
-12
-12
-11
-11
-11
-10
-10
-10
-9
-8
-9
-9
-9
-9
-8
-8
-7
-7
-7
-7
-8
-7
-7
-6
-5
-5
-5
-4
-3
-5
-4
-5
-6
-5
-3
-3
-2
-1
-2
-2
-1
0
0
2
1
2
2
2
2
3
3
3
3
3
3
4
4
5
5
6
5
3
3
2
3
4
5
7
7
7
8
7
6
6
6
6
7
8
8
6
7
7
7
8
9
10
9
8
8
6
7
7
6
6
6
8
7
7
7
6
4
3
2
1
1
0
0
0
0
0
2
2
1
0
0
-1
-4
-4
-5
-6
-4
-3
-3
-3
-2
-2
-2
-1
0
0
0
-1
0
0
0
1
1
3
4
5
3
4
5
5
5
4
3
2
3
4
4
5
6
5
3
3
3
3
1
1
3
3
1
2
0
-1
-1
-1
-3
-2
-4
-4
-6
-7
-7
-7
-8
-9
-9
-9
-10
-11
-11
-11
-11
-11
-12
-12
-11
-12
-13
-11
-11
-10
-9
-10
-8
-8
-9
-9
-8
-9
-8
-7
-8
-6
-6
-7
-6
-5
-6
-5
-4
-4
-2
-2
1
2
2
2
2
2
3
5
6
3
4
3
2
2
3
3
5
5
4
5
7
6
5
4
3
4
5
7
7
8
7
6
6
6
6
6
7
6
6
6
8
9
8
9
8
7
7
6
6
6
4
6
4
3
4
3
3
4
4
5
5
5
4
5
4
3
2
2
3
4
4
3
4
4
4
4
2
3
2
1
2
2
1
0
2
1
1
1
1
1
0
0
0
-1
-2
-3
-2
-3
-3
-4
-4
-5
-6
-4
-6
-6
-5
-6
-6
-5
-5
-4
-4
-4
-6
-7
-7
-8
-8
-6
-6
-8
-8
-9
-10
-10
-9
-8
-9
-8
-7
-7
-7
-8
-10
-9
-9
-8
-8
-10
-7
-7
-9
-8
-8
-8
-6
-7
-6
-6
-6
-5
-5
-5
-3
-3
-3
-2
0
0
2
3
3
2
3
3
3
4
5
6
7
6
8
9
10
11
11
12
11
11
10
11
11
10
12
11
9
10
9
9
10
11
12
11
11
10
8
8
8
7
8
7
5
5
5
5
5
5
4
4
2
2
1
1
-1
-2
-3
-4
-3
-4
-2
-1
-2
-3
-3
-2
-5
-4
-5
-4
-3
-3
-4
-4
-4
-4
-4
-4
-5
-4
-4
-4
-5
-5
-4
-4
-2
0
1
-1
0
-1
-2
-1
-1
-1
-1
0
0
-1
1
0
3
3
4
2
3
4
2
2
2
2
3
2
3
1
1
1
1
2
2
0
0
0
0
0
-1
-1
0
-1
-1
-3
-1
-2
-2
-4
-3
-3
-3
-3
-5
-5
-5
-6
-6
-6
-5
-6
-6
-6
-6
-5
-5
-5
-4
-4
-4
-4
-3
-4
-6
-6
-6
-6
-5
-6
-3
-4
-3
-4
-4
-3
-3
-3
-4
-4
-4
-5
-3
-3
-2
0
1
2
1
2
0
-1
0
-1
-2
0
2
2
2
2
3
2
2
2
3
2
2
1
1
2
1
2
3
4
4
5
4
2
2
2
3
4
2
3
2
1
2
2
1
2
1
1
2
3
5
5
5
5
5
4
3
2
2
2
0
1
1
3
3
3
4
4
5
5
7
6
8
8
7
7
7
6
6
6
6
7
5
5
5
5
6
5
5
5
5
4
4
3
1
1
1
1
0
0
0
-1
-2
-2
-1
-1
-2
-1
-3
-3
-3
-4
-5
-5
-4
-5
-6
-8
-8
-8
-8
-7
-7
-6
-7
-7
-8
-7
-6
-5
-5
-5
-5
-5
-5
-5
-4
-2
-2
1
-1
-1
-1
-2
0
-1
-1
-1
-1
-2
-1
-2
-2
-2
0
0
-1
-1
-1
-1
0
0
1
1
0
0
0
0
1
1
1
0
0
-2
-4
-4
-4
-3
-3
-2
-2
-3
-4
-4
-4
-4
-3
-4
-4
-3
-4
-4
-4
-3
-4
-3
-2
-2
-3
-3
-3
-2
1
2
3
3
3
3
2
3
2
3
3
2
2
3
2
1
3
4
4
5
6
6
5
5
4
5
5
5
7
8
8
8
7
7
7
7
8
9
8
8
9
8
9
8
8
7
7
8
6
6
6
6
5
3
3
3
1
1
2
1
0
-1
-1
-1
-2
-2
-4
-5
-7
-8
-8
-9
-8
-8
-9
-10
-11
-10
-10
-10
-11
-9
-10
-11
-10
-11
-9
-10
-7
-7
-7
-6
-6
-5
-6
-3
-5
-6
-5
-4
-4
-2
0
1
2
2
2
1
1
0
1
1
2
2
3
3
2
3
3
3
4
4
3
2
1
0
1
2
2
3
3
3
3
4
3
3
3
4
3
4
4
2
3
2
3
3
3
3
3
3
3
3
3
4
5
3
4
4
2
4
3
2
3
3
3
3
3
2
2
2
1
1
-2
-1
-1
-2
-2
-2
-1
-1
-2
-1
-2
-4
-3
-3
-4
-4
-4
-4
-3
-1
-2
-1
1
2
2
2
2
1
-1
-1
-2
0
-1
-1
0
0
0
1
1
1
1
1
0
0
-2
-1
-3
-4
-3
-2
-1
0
-3
-5
-4
-5
-3
-5
-4
-4
-5
-5
-6
-6
-6
-6
-6
-6
-7
-6
-5
-5
-4
-4
-5
-5
-5
-5
-4
-5
-5
-3
-3
0
0
0
1
2
3
2
3
4
4
5
6
6
8
9
10
10
9
11
9
10
10
9
9
10
9
9
8
9
9
8
8
7
6
6
6
6
5
5
5
5
4
4
3
3
1
1
0
-1
-1
-1
-1
-2
-2
-2
-3
-3
-4
-5
-4
-2
-3
-3
-3
-5
-6
-6
-4
-3
-3
-3
-2
-2
-4
-5
-4
-3
-4
-3
-4
-3
-4
-4
-3
-2
-4
-4
-3
-3
-2
-2
-1
-1
-1
-2
-1
-2
-3
-2
-3
-2
-3
-3
-2
-4
-4
-2
-3
-3
-3
-6
-5
-6
-5
-5
-5
-4
-5
-6
-5
-5
-5
-4
-4
-5
-6
-7
-7
-8
-7
-7
-6
-6
-5
-4
-4
-4
-4
-3
-2
-3
-2
-1
0
1
-1
0
0
1
2
2
3
4
3
4
5
7
9
9
9
7
8
8
8
9
10
10
11
12
11
11
10
11
11
12
12
12
13
13
13
12
12
14
13
13
14
13
14
14
14
13
12
11
9
7
6
5
5
6
7
7
6
5
4
4
2
2
2
1
0
0
-1
-2
-2
-2
-2
-3
-3
-5
-7
-7
-7
-8
-8
-8
-8
-7
-6
-7
-8
-8
-9
-9
-10
-9
-9
-10
-11
-11
-11
-10
-12
-11
-9
-11
-10
-10
-10
-12
-13
-11
-13
-11
-11
-10
-10
-8
-8
-9
-8
-9
-9
-9
-11
-10
-9
-9
-10
-8
-8
-10
-9
-11
-10
-9
-7
-7
-8
-9
-8
-10
-9
-8
-8
-8
-6
-5
-4
-3
-1
0
1
2
1
1
2
1
1
1
1
3
3
4
5
4
4
3
5
5
4
5
4
4
5
5
6
6
7
7
8
7
9
9
9
10
10
8
9
10
11
12
13
13
13
14
14
12
13
12
12
12
12
13
13
13
15
15
14
16
15
15
15
16
15
14
15
15
15
15
15
13
13
14
13
11
10
9
8
7
7
7
5
7
6
4
4
3
1
0
-1
-2
-3
-4
-3
-4
-6
-7
-7
-8
-8
-8
-8
-8
-9
-9
-9
-9
-10
-10
-11
-12
-12
-13
-13
-12
-14
-13
-14
-14
-14
-14
-15
-15
-16
-15
-16
-16
-16
-14
-14
-15
-15
-16
-18
-19
-17
-16
-15
-13
-13
-13
-13
-12
-12
-12
-12
-11
-11
-11
-11
-10
-11
-9
-10
-9
-8
-8
-6
-4
-4
-3
-2
-1
-2
-3
-3
-3
-2
1
2
3
4
3
4
5
4
5
6
6
7
6
5
5
5
5
5
8
7
9
9
8
8
9
7
8
8
9
8
7
6
8
8
10
10
11
11
11
12
13
15
14
15
15
14
15
14
15
15
15
15
15
15
14
15
17
18
18
18
17
14
15
16
13
14
14
15
14
11
12
11
10
8
7
6
5
5
4
4
3
2
1
-1
-2
-3
-4
-5
-6
-8
-10
-11
-11
-11
-12
-11
-13
-13
-13
-14
-15
-15
-16
-16
-15
-16
-16
-17
-16
-16
-16
-15
-15
-16
-15
-16
-16
-16
-17
-17
-15
-15
-13
-12
-12
-11
-10
-10
-10
-10
-10
-9
-9
-9
-8
-8
-8
-8
-8
-7
-5
-6
-3
-4
-3
-3
-3
-3
-3
-3
-3
0
1
1
2
1
0
0
1
1
0
1
1
0
0
-1
2
2
2
3
4
4
4
3
3
2
3
5
5
6
6
5
6
7
7
10
10
9
10
9
10
10
9
9
10
10
9
10
10
10
11
12
12
11
12
12
11
13
12
11
13
13
13
12
12
12
11
12
14
12
13
12
13
11
11
13
11
11
10
10
10
8
8
6
7
6
4
3
2
3
4
3
3
1
0
-1
-1
-2
-3
-3
-4
-5
-6
-6
-6
-6
-6
-6
-5
-8
-9
-10
-10
-12
-12
-12
-11
-12
-13
-13
-13
-13
-12
-13
-13
-14
-15
-14
-15
-16
-15
-14
-15
-15
-16
-15
-15
-15
-14
-15
-14
-13
-14
-14
-14
-14
-15
-13
-13
-12
-12
-12
-10
-12
-10
-9
-8
-9
-8
-7
-8
-8
-6
-4
-5
-5
-5
-5
-5
-5
-3
-3
-2
-2
-2
-2
-2
-1
1
1
2
1
2
2
2
3
4
4
5
4
6
5
6
6
7
7
7
8
9
9
9
8
8
8
12
10
11
12
11
12
12
12
13
12
14
14
13
15
14
14
14
15
13
12
12
12
11
12
11
12
14
14
13
13
12
11
11
12
11
13
13
13
13
12
11
11
11
11
9
10
10
8
9
7
6
7
5
5
7
6
5
6
6
6
5
5
5
4
2
1
0
0
0
0
1
0
-1
-3
-5
-5
-5
-6
-7
-6
-7
-7
-9
-11
-11
-13
-13
-13
-15
-16
-16
-16
-15
-15
-15
-14
-16
-16
-17
-18
-18
-17
-17
-18
-17
-18
-18
-18
-18
-16
-17
-18
-17
-17
-19
-19
-19
-19
-19
-19
-17
-16
-15
-13
-12
-11
-11
-11
-10
-9
-9
-10
-10
-10
-9
-8
-7
-6
-7
-4
-3
-2
0
1
0
0
2
2
3
5
6
7
7
7
8
6
7
9
10
13
11
12
12
11
12
11
12
14
13
13
14
14
12
12
11
13
14
13
14
14
13
12
11
12
11
11
11
10
10
10
11
9
10
10
11
11
11
12
13
13
12
10
10
10
11
11
12
12
12
12
11
11
11
11
9
10
8
6
7
6
5
6
7
8
7
7
5
4
3
2
0
0
0
-3
-2
-3
-3
-2
-1
-3
-5
-5
-5
-7
-6
-6
-7
-9
-9
-10
-12
-12
-10
-11
-10
-10
-10
-12
-12
-11
-13
-13
-12
-14
-13
-15
-16
-14
-13
-13
-12
-11
-14
-14
-16
-17
-16
-15
-14
-14
-14
-15
-15
-15
-14
-15
-15
-14
-15
-15
-16
-15
-14
-14
-13
-12
-11
-10
-10
-9
-8
-8
-8
-7
-6
-6
-6
-5
-3
-2
-1
1
1
2
3
3
5
7
9
9
11
11
10
11
12
13
14
14
15
15
18
18
18
19
19
17
19
18
18
18
17
18
18
19
19
19
19
20
17
16
17
17
17
16
15
14
15
13
14
13
12
13
10
10
9
7
7
6
4
3
4
2
3
2
4
2
1
-1
-3
-3
-5
-4
-5
-4
-4
-6
-6
-7
-9
-11
-11
-12
-13
-11
-12
-12
-12
-12
-12
-13
-12
-14
-17
-16
-18
-17
-17
-17
-18
-17
-17
-16
-16
-16
-15
-14
-14
-13
-13
-12
-11
-11
-9
-9
-8
-7
-6
-6
-5
-5
-4
-4
-4
-2
-1
0
-2
0
1
2
2
1
1
2
2
3
3
4
4
5
6
6
5
7
7
8
8
7
6
7
8
8
7
8
7
6
6
6
5
5
7
6
7
8
7
7
7
7
8
9
9
9
9
9
8
8
8
9
8
10
8
7
7
6
6
5
5
5
5
3
1
3
1
1
2
4
2
1
1
0
0
0
0
0
-1
-2
-2
-1
-3
-3
-4
-4
-4
-5
-6
-5
-4
-5
-5
-5
-5
-5
-5
-5
-5
-4
-4
-4
-5
-4
-6
-7
-7
-6
-7
-6
-6
-6
-7
-8
-8
-5
-5
-4
-4
-1
-2
-3
-1
-3
-3
-1
-1
-1
0
0
0
-1
1
0
2
1
1
0
0
-2
-1
1
2
2
1
0
-1
-2
-1
-1
-1
-1
1
1
-1
-2
-2
-1
-1
-1
-1
-2
-2
-4
-4
-2
-2
-1
0
-3
-3
-3
-4
-3
-3
-3
-3
-1
-3
-4
-3
-1
0
2
3
3
4
2
0
1
1
3
4
3
4
4
2
3
3
3
4
3
1
2
3
2
4
3
4
4
2
2
3
3
3
3
1
2
1
2
4
4
3
6
6
3
4
5
4
5
6
4
8
7
4
4
6
3
5
6
4
6
7
5
5
7
4
6
7
4
7
6
3
4
5
4
6
4
0
0
-3
-6
-3
-3
-4
-3
-6
-8
-7
-8
-8
-5
-5
-5
-3
-4
-9
-7
-9
-10
-7
-6
-8
-9
-7
-10
-9
-7
-6
-5
-5
-4
-7
-4
-5
-6
-3
-4
-3
-1
0
-1
2
-2
-1
-1
-5
-4
-3
-7
-4
-1
-2
-2
-2
-5
-4
-3
-8
-4
-4
-5
-3
-2
-4
-6
-4
-5
-7
-2
0
-1
2
-2
-4
-2
-5
-7
-4
-4
-4
2
2
2
4
2
-5
0
2
1
6
6
8
7
7
2
8
6
3
11
7
10
9
11
7
7
6
4
3
7
11
9
10
7
6
7
3
5
11
12
8
11
9
4
5
7
4
4
8
9
3
6
9
5
6
5
2
3
3
0
5
7
1
3
2
-4
-1
1
0
7
4
-1
-4
-5
-4
-9
-1
-5
-5
0
-8
-9
-2
-4
-12
0
-12
-11
-1
-14
-5
-1
-9
-6
-4
-14
-7
-5
-13
-2
-6
-10
-3
-11
-6
-4
-9
-8
-4
-9
-7
-3
-7
-3
-6
-5
-3
-6
-5
-7
-2
-3
-6
-1
2
-3
0
-1
-4
-6
-3
-6
3
3
2
6
-3
5
2
-5
2
9
-1
4
5
0
-1
4
-5
6
9
0
14
5
4
3
8
0
4
6
0
-3
6
8
2
4
7
-2
12
2
0
23
4
7
12
4
2
9
0
10
6
7
13
7
6
6
3
0
9
3
8
9
2
6
6
2
8
8
7
-2
9
5
1
7
-1
7
-8
5
7
0
-2
-1
2
-4
-2
-5
2
6
-10
-10
6
-12
-10
5
-4
-7
-1
-6
-11
1
-7
-8
6
-17
-3
-8
-8
-6
-13
-7
-14
-1
-21
-2
-8
-6
-4
-14
-3
-18
-3
-13
-9
0
-14
-1
-15
-2
-11
-13
-7
-11
7
-14
-6
-5
-10
-15
-9
-1
-5
-7
0
-1
-8
-8
-7
-6
-8
8
-11
-2
7
-5
-4
1
0
-5
-3
2
8
4
5
1
0
-2
2
-6
8
7
-3
24
-2
1
28
-13
9
16
-2
7
12
10
13
14
-6
18
2
-2
17
14
11
13
12
9
-2
7
3
3
19
1
16
4
3
5
0
5
10
1
8
18
-6
10
6
-4
10
2
6
20
-3
3
10
6
-1
4
13
1
13
3
14
1
4
-1
3
14
-5
16
10
1
9
1
-3
7
2
1
13
1
-2
9
-7
-14
15
-18
0
-1
-5
1
-10
5
-13
-1
-10
-8
-18
-5
-9
-14
11
-11
-12
3
-17
-10
3
-20
-3
-8
-16
-1
-18
-4
-1
-28
5
-12
-9
-11
5
-19
2
-7
-31
8
-26
-4
-11
-7
-8
-1
2
-19
-3
-5
-12
-6
4
-16
6
-6
-19
-4
-2
-16
12
-17
0
15
-28
10
12
-25
3
5
-24
3
12
-27
7
11
-10
5
7
1
-5
9
-2
9
5
12
-1
6
8
-7
9
15
1
11
14
5
7
19
-4
13
6
10
8
5
18
1
13
3
1
10
8
-2
14
24
11
9
8
-3
7
8
-7
13
8
13
15
-4
17
4
-3
0
18
-9
18
3
-8
18
-1
-1
-1
12
7
1
5
12
-5
15
8
-10
24
-14
12
6
-8
18
5
4
-9
14
-7
-2
3
10
-4
13
4
-15
30
-24
-4
40
-19
0
29
-8
-15
30
-30
3
16
-10
11
-13
29
-30
-2
10
-28
7
-10
-13
-11
-24
17
-39
6
-9
-29
11
-28
-7
-29
-3
-39
-18
-23
-14
-34
-16
-3
-49
8
-32
-10
-15
-19
-32
-4
-25
-17
-30
-35
26
-67
13
-7
-42
27
-49
-16
15
-50
20
-13
-35
24
-16
-15
-1
12
-11
12
-10
-11
22
-8
4
-1
15
3
7
-5
16
13
18
28
11
21
5
39
-23
26
56
-32
51
40
5
-4
67
2
-12
93
-29
42
18
16
15
19
49
-17
56
24
16
5
40
9
-8
76
-32
49
13
5
13
7
28
-20
34
-17
44
-35
38
-13
-1
33
-19
8
-15
15
-28
-6
0
-24
2
-4
-12
13
-6
-5
-14
0
-2
-29
11
-21
-14
-9
-21
5
-7
-10
8
3
-14
-5
-3
-32
15
-8
-17
8
-19
1
-16
-6
-3
-19
3
-25
-4
2
-27
-4
-8
-22
11
-20
-25
18
-37
-6
-9
-13
-21
26
-49
6
7
-64
44
-32
-12
-11
5
-50
9
-3
-59
54
-56
9
-13
-18
-17
-17
4
-40
15
-14
0
-27
3
-5
-30
16
-5
-5
2
7
-6
-2
10
-9
7
2
9
-18
37
-32
26
25
-20
37
8
1
9
28
-36
55
-17
24
8
-1
19
21
-1
10
52
-33
58
1
11
31
11
14
24
25
8
30
23
7
20
23
7
6
50
-33
46
26
-14
25
42
-37
38
9
-7
18
2
21
-14
32
-19
8
-6
-13
13
-19
24
-13
5
16
-21
34
-33
14
-9
-10
1
-4
-6
4
-10
-2
18
-38
44
-45
13
14
-20
4
6
-6
-11
34
-39
18
25
-15
23
7
5
1
-2
21
-27
30
-8
8
2
-8
15
-38
12
-20
-12
9
1
-30
13
-18
-27
-6
-22
-17
3
-14
-21
-3
-17
-39
-16
-9
-29
-19
-8
-23
-26
10
-54
-3
-35
-24
-4
-41
-9
-27
-26
-25
0
-46
4
-16
-33
2
-12
-22
-8
-10
-18
-10
-19
-18
-20
-12
-13
-8
-5
-15
-8
-12
-15
1
-15
-8
1
-2
-23
8
-14
-22
14
-8
-10
0
1
-20
7
-4
0
-2
14
13
-5
22
18
-3
28
22
1
30
4
18
14
8
32
20
33
20
32
21
20
21
22
28
12
36
26
14
34
27
20
33
20
33
12
17
26
10
23
22
21
35
26
24
17
13
21
5
23
8
28
14
7
34
7
13
3
16
16
8
16
18
21
7
10
11
4
-9
13
10
-9
7
11
1
-2
11
8
-5
6
-4
-7
1
3
-12
-2
-9
-12
-10
-28
-5
-11
-12
-8
-13
-16
-18
-28
-33
-19
-33
-37
-20
-28
-33
-29
-34
-37
-29
-44
-40
-41
-41
-35
-51
-18
-44
-40
-36
-37
-30
-29
-24
-33
-22
-27
-31
-23
-31
-25
-26
-15
-24
-28
-2
-31
-22
-14
-11
-19
0
-6
-13
2
-7
-2
-1
6
-1
-1
7
3
8
3
12
14
22
16
22
21
13
29
23
24
32
23
28
28
19
26
42
33
29
37
35
28
30
32
35
30
37
40
39
35
40
22
32
34
37
34
31
42
21
25
29
16
31
21
18
17
20
12
7
18
3
12
5
6
-2
0
-1
-12
-2
-14
-6
-17
-14
-12
-13
-2
-18
-10
-20
-21
-23
-23
-20
-22
-18
-23
-17
-30
-17
-13
-18
-8
-4
-8
-10
-9
-12
-20
-5
-15
-7
-6
-13
-3
-15
2
-12
-2
12
-8
4
3
-1
1
0
2
1
0
1
2
-8
-2
-2
-3
-5
3
-5
-11
0
-13
-3
-8
-9
-5
-10
-17
-12
-11
-6
-13
-11
-7
-20
-8
-14
-16
-6
-15
-8
-13
-12
-2
-15
4
-8
-3
1
-7
-7
0
-6
0
-2
-3
3
-5
4
-4
-5
3
1
9
3
8
3
-1
10
3
4
6
16
1
14
21
7
14
18
5
19
17
17
13
15
9
15
15
19
22
15
26
13
10
23
14
18
18
13
12
13
7
13
12
10
11
-1
2
-4
-18
-9
-15
-32
9
21
4
22
1
-61
5
-21
9
111
84
118
22
-147
-153
-101
-107
17
-22
-44
-66
-159
-115
-96
-76
-36
-74
-69
-58
-47
-26
8
-13
-3
-41
-38
44
23
89
81
42
38
70
4
87
30
23
52
23
24
41
-21
-46
-59
4
40
63
94
42
69
-7
47
31
82
-35
124
48
84
80
11
69
26
-42
-42
39
-55
113
7
5
44
-41
46
1
32
-26
-14
-22
7
-2
22
26
-43
-14
29
14
19
21
-12
8
76
-73
59
-39
-69
53
-10
-9
33
5
-34
41
-153
-11
64
-26
-29
-52
9
-135
51
209
168
-28
-122
-185
7
34
-133
67
-140
-125
-136
-98
-42
-35
-98
-60
-100
-42
-47
-108
-18
-49
-64
-84
-16
-85
40
52
1
-47
10
55
48
85
-17
-32
10
61
14
33
-100
-85
-37
35
33
103
-3
67
8
-41
158
-72
-13
121
-12
59
50
-19
58
24
25
-30
-22
50
46
-5
70
-50
-1
71
16
45
-15
-45
-2
63
-17
12
-61
-14
32
3
-16
17
-36
30
65
-64
47
-24
-34
149
-93
16
82
15
171
62
9
61
22
69
172
23
51
-14
-5
105
-3
66
30
-25
96
77
41
42
-84
-3
81
24
25
26
-14
1
0
-16
0
37
-32
-68
-18
-43
-5
-39
-58
-66
-36
7
11
-64
-35
-29
-27
2
-39
8
-19
26
-15
-28
4
-25
15
-15
-64
-57
-61
-13
13
-41
-11
-51
-47
-2
-44
-40
-18
-76
-16
-38
-14
-7
-57
-25
-54
-24
-23
-6
-39
-58
-58
-40
-34
-22
-6
-24
-50
-39
-54
-50
-4
-32
-2
-24
-22
9
-4
1
16
-7
8
10
19
15
-2
56
-11
29
-14
34
61
-12
5
18
26
5
33
-12
-8
3
-5
20
-16
1
-28
-9
-8
-30
-18
-27
-8
-4
-22
-17
2
-47
-5
-1
-26
16
10
43
30
6
10
37
20
68
54
37
69
62
93
75
44
44
55
80
68
42
45
23
26
41
24
4
13
-12
31
6
-41
-10
-50
-26
-73
-70
-60
-71
-94
-61
-87
-80
-67
-97
-47
-77
-71
-38
-32
-34
-24
-16
21
8
39
49
83
140
144
186
223
209
248
260
253
292
286
291
341
307
305
298
223
263
240
199
176
127
89
58
34
-29
-113
-148
-197
-257
-297
-393
-467
-509
-533
-565
-585
-618
-608
-611
-612
-554
-540
-511
-437
-443
-397
-335
-316
-227
-167
-104
-49
51
133
173
287
389
408
478
520
530
601
639
652
676
690
728
738
690
719
685
627
608
529
477
392
284
182
38
-41
-149
-282
-349
-496
-579
-632
-710
-756
-790
-806
-834
-824
-841
-816
-803
-785
-761
-731
-673
-628
-566
-542
-532
-501
-450
-431
-357
-313
-247
-74
90
196
323
516
610
626
649
776
912
1017
1103
1149
1255
1351
1391
1381
1292
1294
1296
1221
1102
974
833
646
463
232
3
-157
-313
-530
-690
-778
-929
-1008
-1055
-1148
-1124
-1067
-1077
-1050
-1012
-930
-861
-823
-782
-727
-636
-513
-416
-337
-283
-213
-204
-223
-215
-235
-210
-144
-99
-160
-84
147
232
279
478
639
679
702
758
856
1013
1156
1256
1336
1455
1588
1584
1511
1447
1400
1372
1213
1082
925
686
476
202
-156
-443
-655
-903
-1256
-1445
-1313
-1456
-1569
-1679
-1867
-1810
-1580
-1647
-1472
-1249
-1359
-1247
-1168
-1103
-1064
-902
-788
-631
-539
-477
-445
-440
-366
-407
-365
-362
-380
-371
-229
141
339
297
475
800
870
939
1021
1050
1327
1684
1843
1929
2081
2208
2217
2195
2069
1973
1974
1899
1634
1398
1150
774
343
-149
-541
-838
-1069
-1342
-1601
-1835
-2001
-2124
-2259
-2317
-2210
-1972
-1806
-1725
-1656
-1566
-1490
-1452
-1433
-1365
-1112
-835
-661
-535
-403
-371
-407
-424
-490
-500
-392
-252
-196
-168
-15
440
805
823
943
1367
1713
1647
1613
1871
2264
2609
2823
3039
3137
3249
3376
3199
2874
2853
2832
2479
2115
1822
1373
847
289
-497
-1168
-1453
-1674
-2150
-2575
-2759
-2931
-3082
-3103
-3207
-3070
-2753
-2485
-2272
-2069
-1961
-1891
-1746
-1702
-1560
-1264
-814
-514
-383
-271
-298
-457
-557
-505
-594
-548
-324
-217
-206
-145
235
618
713
1004
1536
1854
1941
1899
2099
2585
2835
2882
3077
3388
3619
3572
3319
2900
2717
2696
2274
1717
1332
990
466
-73
-843
-1629
-2182
-2433
-2848
-3330
-3417
-3495
-3531
-3517
-3491
-3374
-3040
-2621
-2397
-2127
-1728
-1526
-1467
-1304
-1040
-753
-462
-206
-4
168
359
89
-173
-192
-280
-190
-71
-80
-167
-115
133
627
888
941
1340
1825
2005
1916
1874
2318
2737
2778
2914
3287
3470
3565
3389
2944
2615
2683
2514
2036
1575
1258
786
-46
-761
-1577
-2095
-2390
-2748
-3128
-3353
-3269
-3356
-3487
-3445
-3337
-3068
-2546
-2208
-2077
-1741
-1464
-1464
-1318
-1102
-790
-408
-92
137
301
390
250
59
-180
-289
-231
-186
-124
-177
-130
-53
-151
86
546
749
1063
1693
1957
1779
1759
2115
2570
2852
2985
3298
3515
3566
3499
3084
2673
2707
2715
2177
1680
1566
1097
236
-490
-1359
-2158
-2365
-2528
-2979
-3215
-3119
-3097
-3186
-3112
-3086
-2808
-2239
-1746
-1605
-1163
-671
-732
-741
-705
-601
-276
92
343
479
354
211
-246
-1027
-1301
-1328
-1304
-1071
-914
-1173
-1273
-1155
-516
765
1589
2192
3438
4200
3636
3015
3199
3662
3962
4038
4283
4194
3550
2934
1836
607
191
143
-457
-878
-734
-1141
-2291
-3184
-3914
-4577
-4283
-3660
-3492
-3100
-2167
-1660
-1626
-1369
-1048
-506
466
1323
1405
1296
1309
820
-151
-1069
-1525
-1760
-1632
-1687
-2078
-2226
-2281
-2591
-2956
-2783
-2436
-1912
-1124
-671
-476
-276
-47
-250
-120
1636
4380
6081
6971
7696
7235
5537
3736
2446
1964
2095
1979
1385
92
-1725
-3129
-4279
-5037
-4436
-2502
-693
457
1351
1412
666
97
-202
-343
312
1275
1464
1111
522
-470
-1675
-2179
-2006
-1586
-626
305
205
-630
-1325
-2285
-3333
-3428
-2960
-2321
-1200
-456
-662
-865
-1043
-1505
-1701
-1344
-850
-296
539
989
737
110
-416
-1205
-1404
844
4395
6180
6668
7130
5737
2680
456
-102
434
1499
2313
2042
435
-1612
-3024
-3754
-3607
-1763
1039
2816
3458
3560
2313
130
-1291
-1904
-2157
-1469
-448
-705
-1498
-1834
-2235
-2207
-1135
269
1451
2579
2781
1412
-351
-2091
-3941
-4974
-4948
-4738
-4336
-3270
-2601
-2552
-2022
-1144
-568
-97
702
1265
1230
1437
1600
664
-389
-974
-2031
-1352
2543
5684
5972
6407
6275
3219
-282
-1308
-391
1145
2388
2767
1532
-984
-2847
-3453
-3372
-1877
1429
4043
4595
4332
3184
703
-1647
-2806
-3360
-2824
-1525
-1241
-2059
-2470
-2323
-1916
-725
1137
2800
3912
4012
2524
-150
-2727
-4658
-6289
-6787
-6037
-5018
-3445
-1402
-256
551
1701
2107
1569
1454
1493
781
142
96
-528
-1603
-2285
-2436
-651
3423
6194
6182
6368
6401
3794
559
245
1863
2668
2612
2057
-391
-3554
-4504
-4234
-3882
-1573
2405
4668
4528
3879
2238
-450
-2173
-2965
-3639
-3110
-1804
-1702
-2626
-2682
-1746
-425
1479
3512
4421
4193
3106
571
-2860
-5442
-6635
-7163
-6757
-5547
-4114
-2251
-227
1143
2023
2839
2962
2048
1071
320
-742
-1181
-650
-474
-1224
-901
2112
5693
6594
5859
5594
4929
2993
1002
1082
2777
3328
2023
331
-2245
-5017
-4812
-2675
-1414
625
3944
5353
4323
3118
1615
-640
-2017
-2375
-3149
-3724
-3365
-3365
-3889
-3547
-1768
438
2484
4251
4942
3952
2046
-659
-4000
-6493
-7678
-7739
-6876
-5396
-3541
-1311
421
1530
2432
2843
2843
2560
1532
213
-960
-1794
-1837
-1711
-1793
-1771
-790
2313
6576
8234
7764
7854
6967
3716
1021
1049
1840
1194
-274
-1954
-4600
-6638
-5940
-3559
-1468
1594
5189
6331
5205
3809
1800
-1085
-3111
-4211
-5027
-5327
-4929
-4703
-4524
-3390
-1308
978
3092
4321
4325
3294
1271
-1322
-3909
-6445
-7886
-7392
-6313
-5008
-3035
-708
1397
2625
2908
3610
3649
2423
1951
1066
-1065
-1864
-1566
-2296
-2598
-1744
-1264
604
5312
9084
9606
9359
8555
5520
1537
-228
309
592
-487
-1752
-3468
-6028
-6865
-4932
-2080
1163
5047
7498
6936
4811
2397
-484
-3098
-4551
-4953
-4654
-4155
-3979
-3771
-2963
-1340
1049
3553
5270
5830
5571
3932
310
-3656
-6329
-7937
-8384
-7302
-5264
-2941
-697
1501
3188
3938
4422
4659
3794
2306
1189
-306
-1977
-2396
-2097
-2482
-2538
-2182
-1733
1081
6442
9834
9784
9015
7463
3618
-623
-2019
-1176
-971
-2092
-3011
-4486
-6580
-6474
-3358
15
3178
6552
7802
5847
2867
244
-2576
-5048
-6082
-5818
-5098
-4409
-3927
-3171
-1867
9
2245
4267
5329
4967
3666
1527
-1486
-4657
-7184
-8606
-8668
-7589
-5614
-3157
-444
2108
3618
3860
3838
3385
2221
1467
830
-466
-1463
-1758
-2349
-3014
-2936
-2441
-526
4082
9022
10361
9293
7946
5019
366
-2421
-1997
-962
-1458
-2584
-3538
-5442
-6660
-4582
-707
2596
5917
8239
7404
4411
1828
-358
-2721
-4499
-5163
-4983
-4486
-3983
-3477
-2555
-899
1377
3485
4707
4741
4025
2786
444
-2837
-5669
-7304
-7784
-7283
-5509
-3031
-534
1998
4134
4912
4876
4892
4211
2882
1892
657
-1050
-1826
-1996
-2731
-3218
-2707
-2349
-933
3599
8952
10833
9708
7779
4609
154
-2703
-2315
-897
-1070
-2122
-2997
-4907
-6497
-4725
-673
2963
6075
7740
6280
2960
107
-1983
-4051
-5872
-6455
-5801
-4995
-4592
-4027
-2570
-462
2033
4357
5628
5301
3935
2324
83
-2840
-5009
-5581
-5639
-5875
-5582
-4294
-2284
479
3304
5237
6168
5689
3598
1712
836
131
-460
-768
-1550
-2803
-3802
-4100
-3642
-2564
557
6400
11104
11265
8732
5117
846
-2716
-3648
-1899
-183
-1075
-3041
-4892
-7364
-7736
-3754
1306
4580
6564
6208
3256
388
-985
-2227
-3575
-4107
-4194
-4482
-4794
-4423
-3357
-1716
776
3551
5363
5842
5060
3492
1617
-355
-1970
-3530
-5672
-7120
-6741
-5265
-3059
-143
2838
4959
5502
4581
3220
1821
1143
1392
845
-706
-1942
-3174
-4561
-4723
-3711
-2883
-1082
3674
9307
11292
9395
6219
2472
-1326
-2914
-1258
865
336
-2179
-4452
-6841
-8138
-5404
-105
3778
5884
6510
4673
1836
374
-208
-1319
-2506
-3253
-3691
-4043
-3978
-3252
-1991
-29
2561
4713
5484
4866
3556
2511
1440
-447
-2250
-3423
-5298
-7066
-6698
-4906
-2567
399
3271
4906
4664
3196
2167
1526
1184
1463
711
-1304
-2868
-4195
-5373
-4628
-2990
-1745
1570
7192
10385
9343
6643
3588
668
-986
-294
1679
1806
-1293
-4593
-6808
-8457
-6976
-1896
2556
4575
5399
4208
1600
352
624
472
-493
-1757
-2993
-3947
-4363
-3923
-2589
-781
1228
3107
3929
3598
3032
2904
2241
160
-2582
-4853
-6497
-7022
-6000
-4168
-2273
-387
1407
2773
3311
3057
2646
2089
1611
1226
-242
-2269
-3266
-3618
-4114
-3754
-2902
-1954
1389
6797
9491
8123
5769
3606
1235
-255
744
2683
1938
-1799
-4922
-6871
-8192
-6282
-1307
2628
4272
4679
3404
1367
830
1451
1053
-448
-2117
-3451
-4184
-4180
-3478
-2150
-571
1000
2660
3812
3790
2820
1997
1445
254
-1586
-2889
-3973
-4996
-4607
-3029
-1667
-375
1032
1935
2099
2054
1955
1579
1587
1785
858
-792
-1651
-2376
-3071
-2900
-2298
-2224
-1559
1862
7371
10554
9129
5845
2991
705
-426
966
2976
1725
-2565
-5718
-7252
-7956
-5472
-294
3229
3967
3481
1574
-434
-191
1401
1591
301
-1403
-2961
-3634
-3098
-2007
-989
-232
615
1482
1607
1215
1070
1480
1567
487
-1059
-1608
-2115
-3718
-4417
-3680
-3031
-1668
309
1417
1878
1593
589
666
1598
1843
1555
359
-1260
-2288
-3371
-4216
-3490
-2832
-1534
3234
8398
8912
6336
3625
1234
-34
476
2655
3972
1295
-3642
-6457
-7623
-7241
-3580
935
2282
1576
570
-644
-521
1343
2746
2377
886
-1290
-2479
-1978
-936
-250
74
-272
-272
1095
2273
2198
2221
2434
1348
-517
-2398
-4204
-5307
-4814
-3438
-2355
-1488
-378
643
1254
1772
2026
1682
1574
2144
1717
-77
-1573
-2466
-3434
-3828
-3287
-2732
-1009
3617
7861
7541
4915
3067
1644
826
2003
4141
4095
343
-4179
-6329
-6811
-5611
-1832
1744
2303
1495
546
-246
493
2279
2675
1597
14
-1600
-1863
-469
767
917
526
-5
300
1379
2064
2020
2230
2430
1227
-1322
-3384
-4503
-4996
-4408
-3228
-2417
-1823
-1087
-221
822
1760
2215
1866
1489
1664
1093
-754
-1927
-2568
-3874
-4578
-4001
-3586
-2015
2838
7776
8253
5792
3532
1920
1364
2331
4031
4188
780
-4141
-6284
-6215
-5343
-2358
1165
1728
773
165
-328
433
2372
3032
2011
377
-1399
-1457
512
1945
1699
910
-129
-709
89
1038
970
632
122
-1048
-2234
-2850
-3405
-4292
-4328
-3307
-2724
-2294
-963
609
1311
1295
1049
498
128
777
1296
96
-1481
-2568
-4001
-4741
-3674
-2737
-2149
1225
6613
8935
7146
4749
2962
2001
2191
3587
4954
3340
-1846
-5281
-5253
-4779
-3253
116
1604
414
-482
-822
-283
1736
3354
2809
1206
-535
-1006
597
2456
2632
1299
-650
-1956
-1192
295
797
622
50
-1385
-2817
-3721
-4325
-4463
-4083
-3243
-2312
-1939
-1254
449
1390
1403
1410
380
-905
-369
360
-300
-1121
-1872
-2905
-3362
-2673
-1743
-760
1962
6385
8507
6861
4766
3419
2309
2242
3740
4873
3171
-1281
-4183
-4292
-4020
-2536
578
1660
235
-624
-854
-490
985
1997
1303
72
-1131
-1316
266
2147
2309
931
-722
-1595
-784
818
1375
340
-1025
-2076
-3115
-4073
-4246
-4026
-3795
-3220
-2564
-2413
-2047
-748
560
1016
754
93
-764
-731
300
580
-186
-780
-1624
-2409
-1819
-886
-1051
208
4605
8356
7845
5155
2927
1734
1771
2970
4619
4504
637
-3375
-3519
-2784
-2347
188
2434
1218
-532
-1215
-1430
-503
898
800
-334
-1665
-2383
-896
1610
2545
1638
123
-1208
-843
783
1571
886
-92
-1023
-2045
-3081
-3733
-3923
-4125
-4142
-3607
-3030
-2688
-1572
-158
409
313
-124
-811
-616
465
831
58
-610
-916
-1143
-585
352
189
1118
5116
7790
6166
4151
3487
2352
1308
2236
4027
3554
131
-2249
-1961
-1993
-1731
820
2476
1051
-361
-598
-706
-487
7
-418
-1770
-3208
-3172
-1063
1169
1613
736
-327
-781
-76
1303
2216
1433
-491
-1756
-2193
-2883
-3320
-3572
-4082
-4314
-4213
-4142
-3320
-1956
-949
-352
-285
-853
-1097
-268
882
1030
204
-269
-349
-369
248
1005
393
638
3968
7140
6653
5028
3979
2660
1685
2413
4035
4072
1158
-1437
-1199
-1130
-1496
362
2311
1270
-177
-628
-1109
-1304
-632
-587
-1761
-3127
-3136
-1318
664
1228
529
-362
-870
-150
1270
1712
596
-751
-1617
-2127
-2611
-3018
-3086
-3415
-4066
-3992
-3599
-3448
-2301
-789
-261
-552
-1125
-1320
-280
1087
1430
919
283
-125
20
809
1595
1208
928
3367
6731
7132
5794
4768
3555
2440
2528
3672
4010
1748
-1023
-1123
-896
-1625
-639
1303
916
-488
-904
-1032
-1130
-768
-643
-1496
-2863
-3338
-1958
-174
533
195
-604
-1340
-1106
110
1149
898
-370
-1343
-1607
-1775
-2101
-2286
-2829
-3746
-4044
-3512
-3061
-2283
-905
-386
-982
-1203
-1014
-635
529
1307
692
-157
-438
-261
451
1234
1122
885
2769
6197
7623
6471
5010
3776
2742
2501
3367
4022
2276
-962
-1861
-1351
-2034
-1943
-214
74
-1179
-1689
-1476
-1228
-1036
-1080
-1702
-2994
-3789
-2414
-257
553
143
-520
-1016
-776
102
864
833
-195
-1188
-1289
-1277
-1835
-2144
-2256
-2893
-3482
-3248
-2743
-2076
-1083
-426
-500
-1018
-1261
-623
421
924
623
28
-243
90
777
1641
1828
1557
3218
6361
7215
5813
4936
4188
3076
2785
3599
3868
2135
-514
-1242
-1098
-2141
-2227
-483
-146
-1493
-1914
-1654
-1642
-1387
-975
-1534
-2833
-3363
-2093
-102
786
259
-370
-432
-278
335
1181
1016
-260
-1038
-884
-938
-1542
-2073
-2522
-3091
-3277
-2949
-2537
-1996
-1091
-367
-319
-686
-965
-669
291
1026
790
294
391
685
914
1433
1608
2132
4521
6859
6278
4941
4673
4301
3717
3954
4430
3513
1042
-865
-1042
-1430
-2347
-2107
-1420
-1918
-2514
-2373
-2093
-1744
-1305
-1458
-2493
-3633
-3545
-1660
278
599
-319
-972
-759
-48
544
653
-117
-1287
-1618
-1254
-1198
-1629
-2215
-3029
-3720
-3787
-3141
-2271
-1444
-821
-638
-915
-1280
-861
221
984
960
461
160
482
928
1411
1581
1197
2109
5199
6753
5521
5031
5367
4554
3947
4893
5432
3913
1295
60
-118
-1187
-2173
-1557
-1413
-2633
-2952
-2367
-2204
-2031
-1688
-2110
-3229
-4058
-3434
-1271
221
-8
-499
-552
-662
-69
1211
1347
254
-681
-781
-779
-1557
-2426
-2700
-3274
-3623
-2895
-2397
-2491
-1742
-755
-605
-779
-1082
-1028
227
1424
1336
1116
1230
858
808
1597
2064
3032
5203
6129
4907
4399
5001
5161
4768
4919
5407
4731
2483
1219
1223
147
-1093
-1012
-1582
-3115
-3323
-2897
-2759
-2512
-2590
-3225
-3640
-4176
-4171
-2466
-836
-565
-485
-403
-687
-3
1387
1807
1157
354
-67
-362
-974
-1665
-2252
-3330
-4055
-3590
-2927
-2798
-2211
-1557
-1499
-1369
-1032
-886
-49
1361
1681
1328
1498
1290
784
1107
1855
3170
5035
5109
3370
3094
4208
4680
4442
4405
4367
3652
2437
2189
2212
675
-798
-693
-1188
-2878
-3614
-3538
-3522
-3406
-3460
-3991
-4497
-5015
-4915
-3513
-1936
-1312
-1278
-1093
-380
713
1534
2049
1933
1512
1363
886
-166
-838
-1436
-2151
-2281
-2556
-3225
-3122
-2331
-1860
-1562
-1401
-1507
-1353
-492
761
1689
1992
1992
1885
1331
988
2521
5319
6212
4388
2922
3114
4019
4686
5083
5204
4278
2111
1373
2790
2802
1067
204
-373
-1946
-3001
-3251
-3237
-3094
-3374
-4047
-4272
-4504
-4846
-3962
-2641
-2561
-3213
-2981
-1753
-142
1070
1559
1582
1653
1830
2086
2239
1439
-214
-1301
-1432
-1651
-2026
-2316
-2558
-2560
-2354
-2340
-2274
-1970
-1486
-499
458
1021
1675
2276
2097
2000
3126
5054
5872
4806
3622
3742
4275
3999
4065
4833
4521
2553
1526
2065
2015
1342
1300
857
-858
-2308
-2717
-2591
-2462
-3011
-4211
-5007
-5086
-4733
-3771
-3183
-3930
-5081
-4929
-3639
-2023
-694
61
308
515
1139
1948
2512
2224
1238
224
-479
-1146
-1576
-1601
-1590
-2195
-3193
-3600
-3208
-2635
-1999
-1112
-682
-803
-361
720
2270
4593
6215
5228
3388
3213
4361
5839
6709
6230
4747
3269
2452
2999
3669
2891
1466
541
-178
-707
-943
-1295
-1664
-2035
-2600
-3364
-4071
-4375
-3820
-2984
-2930
-3714
-4621
-4887
-4225
-2936
-1824
-1653
-1996
-1612
-515
499
1357
1946
1874
1486
1264
1033
572
33
-482
-1077
-1816
-2447
-2909
-2846
-2088
-1459
-1505
-1288
-719
68
1936
4293
4867
3827
3367
4075
5311
5949
5986
5884
5425
4411
4236
4467
3826
2744
2046
1427
522
-671
-2038
-2515
-2337
-2316
-2725
-3315
-3958
-3869
-2984
-2698
-3516
-4419
-4272
-3439
-2628
-2327
-2648
-3156
-2992
-2076
-1286
-1022
-957
-649
-8
876
1423
1261
870
788
688
184
-689
-1655
-1958
-1214
-538
-1045
-1931
-2179
-1211
1153
3315
3161
1747
1368
2467
4295
5751
6060
5379
4222
3478
4192
5348
5414
4589
3458
2234
1253
517
-176
-606
-1251
-2663
-4141
-4973
-5025
-4095
-2975
-2930
-3861
-4620
-4538
-3687
-2596
-1819
-1705
-2354
-2714
-2102
-1603
-1810
-2008
-2007
-1942
-1575
-1014
-512
-33
450
753
821
655
278
140
427
698
497
87
-248
-268
608
2041
2560
1935
1365
1557
2584
3773
4290
4154
4114
4118
4305
4718
4703
4259
3834
3445
3088
2786
2034
889
-125
-839
-1328
-2016
-3191
-4189
-4451
-4419
-4501
-4473
-4155
-3848
-3529
-3037
-2593
-2446
-2331
-1785
-1151
-1083
-1380
-1542
-1588
-1488
-1264
-1228
-1480
-1584
-1177
-465
156
374
291
456
1067
1542
1539
1314
1058
955
1199
1779
2277
2176
1383
778
1102
2031
2516
2423
2275
2321
2329
2475
2887
3176
3281
3126
2584
1945
1686
1632
1503
1150
419
-634
-1491
-1803
-1830
-2034
-2632
-3546
-4146
-3936
-3087
-2186
-1852
-2157
-2337
-1991
-1347
-728
-418
-537
-889
-1125
-1107
-859
-752
-907
-1088
-1233
-1284
-1081
-657
-177
194
301
282
426
752
1044
1123
1044
894
854
870
816
744
665
559
539
591
506
417
587
908
1147
1264
1372
1566
1842
2031
2102
2084
1945
1556
1243
1197
1061
685
262
-68
-286
-564
-981
-1319
-1579
-1632
-1402
-994
-737
-802
-907
-717
-371
-212
-298
-561
-845
-1007
-891
-748
-969
-1466
-1898
-1943
-1636
-1382
-1394
-1501
-1530
-1319
-873
-408
-352
-541
-532
-240
147
350
325
106
-138
-271
-299
-212
-83
-6
-70
-105
115
502
916
1243
1485
1695
1878
1988
1918
1756
1604
1580
1658
1596
1305
976
820
929
1035
865
356
-168
-256
152
782
1143
1011
574
308
322
501
596
453
40
-338
-417
-453
-719
-1106
-1303
-1407
-1592
-1715
-1678
-1610
-1558
-1481
-1474
-1437
-1239
-1062
-902
-653
-538
-553
-465
-382
-373
-378
-500
-778
-913
-803
-681
-624
-497
-222
63
350
762
1213
1391
1309
1230
1236
1257
1245
1268
1297
1215
1036
1014
1131
1068
806
450
158
124
360
703
1016
1076
880
845
1026
1115
1080
1017
866
620
413
284
42
-319
-628
-825
-989
-1209
-1444
-1489
-1406
-1250
-1118
-949
-786
-742
-750
-670
-478
-301
-195
-361
-710
-964
-1097
-1242
-1247
-1142
-1308
-1538
-1399
-1106
-822
-405
2
195
292
409
528
633
788
978
1112
1144
1030
879
862
945
901
585
68
-396
-547
-316
129
459
506
355
331
458
597
792
848
677
445
340
355
368
327
210
29
-214
-447
-636
-716
-609
-394
-277
-265
-200
-87
88
330
534
561
501
355
141
-32
-209
-488
-767
-900
-974
-1021
-976
-924
-939
-811
-493
-217
74
353
410
262
243
505
793
950
888
637
395
377
420
231
-188
-544
-766
-786
-468
-38
60
-168
-314
-160
118
281
255
105
1
44
240
350
287
138
62
61
17
-143
-323
-290
-84
120
231
185
63
46
312
774
996
805
447
251
160
44
-147
-336
-470
-610
-676
-663
-603
-505
-325
-118
51
247
356
335
383
500
531
544
632
644
486
381
439
364
52
-339
-712
-994
-1087
-920
-557
-411
-623
-815
-653
-331
-96
-12
-67
-201
-164
182
521
533
259
5
-117
-53
104
188
125
-25
-161
-222
-191
-115
-24
73
189
162
47
22
43
7
-118
-312
-402
-417
-456
-455
-390
-384
-485
-421
-102
292
516
527
429
321
297
424
641
721
587
432
366
399
458
310
-37
-358
-525
-486
-312
-114
-11
-43
-94
-31
101
197
355
567
714
755
804
890
913
925
989
952
712
459
354
399
399
157
-206
-379
-370
-316
-186
-73
-155
-284
-325
-354
-376
-413
-477
-501
-462
-509
-724
-901
-908
-863
-751
-522
-467
-607
-698
-658
-600
-559
-514
-518
-513
-482
-457
-365
-226
-195
-294
-460
-647
-656
-424
-248
-231
-286
-382
-388
-144
206
414
489
537
647
893
1238
1416
1370
1308
1309
1270
1164
1005
856
692
464
270
105
10
16
61
99
112
62
4
67
216
317
263
101
57
131
149
-24
-232
-375
-552
-608
-463
-370
-523
-678
-838
-835
-763
-723
-689
-669
-631
-500
-371
-288
-216
-196
-222
-347
-463
-538
-516
-480
-428
-446
-533
-458
-224
66
294
417
451
554
751
998
1183
1203
1087
871
778
815
693
412
205
60
-93
-129
-121
-171
-167
-25
167
272
329
412
517
637
685
687
667
609
471
354
275
284
363
359
240
49
-120
-182
-92
-77
-174
-272
-288
-161
-14
31
17
47
-38
-223
-248
-238
-374
-620
-810
-854
-821
-776
-751
-707
-701
-700
-590
-400
-253
-137
-81
-98
-133
-191
-299
-358
-402
-542
-673
-845
-1021
-1087
-1051
-1032
-1071
-1053
-956
-752
-454
-176
73
288
397
470
641
852
962
933
868
881
966
1048
1078
1054
954
844
819
843
876
897
886
884
892
847
806
873
1014
1082
1067
934
685
413
303
290
176
-18
-264
-411
-448
-378
-357
-502
-717
-857
-783
-629
-536
-581
-745
-939
-980
-948
-955
-997
-1145
-1349
-1548
-1674
-1733
-1785
-1749
-1588
-1350
-1102
-862
-624
-339
-46
197
411
624
748
743
781
913
1045
1120
1149
1160
1146
1143
1168
1195
1156
933
739
747
930
1089
1125
1146
1199
1310
1454
1475
1300
1082
940
844
754
633
410
108
-95
-200
-292
-402
-609
-780
-793
-715
-698
-795
-947
-1023
-1012
-989
-1038
-1184
-1337
-1452
-1578
-1705
-1794
-1891
-1927
-1825
-1600
-1338
-1111
-924
-750
-540
-265
6
203
328
408
476
536
644
753
869
939
879
744
692
718
747
784
682
562
586
747
968
1096
1162
1215
1239
1190
1203
1260
1171
965
800
678
461
184
5
-46
-78
-157
-333
-564
-667
-592
-489
-523
-639
-731
-732
-623
-562
-635
-831
-1055
-1216
-1296
-1302
-1359
-1417
-1347
-1193
-988
-821
-719
-581
-348
-119
75
204
247
269
343
474
583
632
635
584
548
559
567
570
563
446
277
259
419
630
704
632
616
732
872
1023
1080
971
802
705
717
711
576
337
167
80
40
-37
-240
-461
-508
-462
-406
-358
-358
-404
-394
-264
-170
-257
-405
-521
-643
-766
-816
-816
-809
-787
-707
-567
-463
-406
-303
-142
-38
64
206
309
311
259
305
388
383
344
287
227
201
155
101
68
24
-19
14
111
216
270
244
249
362
459
486
504
469
432
419
408
332
211
91
13
-31
-97
-229
-397
-431
-439
-472
-517
-573
-670
-696
-538
-346
-326
-400
-422
-385
-342
-340
-398
-528
-612
-549
-392
-294
-268
-278
-176
57
220
266
333
363
292
277
301
327
320
244
148
117
216
350
399
328
197
98
97
212
350
328
165
77
115
254
396
414
308
200
175
182
196
212
147
-27
-121
-139
-135
-147
-228
-383
-450
-448
-461
-505
-524
-464
-396
-283
-166
-72
-72
-86
-36
-17
-80
-136
-81
-25
53
164
228
237
268
477
668
768
725
662
614
1117
611
-538
-504
142
271
-38
25
480
939
-116
-761
9
376
-59
-141
121
169
-42
-186
-7
86
-10
-270
-298
-94
69
169
73
-46
-115
-76
-138
-242
-217
-252
-381
-642
-630
-647
-619
-571
-536
-439
-238
-17
212
274
184
122
-158
-323
-31
114
109
226
335
220
452
553
318
166
239
340
255
276
245
420
409
258
-104
-72
122
137
-142
-237
-32
-23
-104
-336
-251
-201
-383
-543
-364
-245
-353
-510
-634
-503
-489
-398
-235
-112
-181
-147
-9
-30
-231
-408
-404
-448
-447
-476
-527
-613
-718
-508
-250
0
-6
-71
29
85
164
167
303
410
433
343
588
823
586
492
654
784
782
630
569
755
579
326
475
476
430
297
152
385
691
390
206
132
351
115
-88
69
135
-190
-346
-203
-292
61
-140
-255
-100
-264
-427
258
197
-389
-182
-39
-252
-93
-505
-448
-164
-860
-523
-384
-686
-942
-419
-776
105
-76
-954
28
290
176
-51
-148
31
1006
423
-405
815
1446
465
21
1013
972
530
522
898
531
415
410
307
822
489
455
492
775
1022
795
273
-487
-683
-438
-522
-915
-922
278
-10
-756
-719
-117
6
-587
-290
20
-83
-601
-239
-685
-333
-416
-1324
-881
-1028
-403
-964
-273
-924
-1399
-1416
-506
-199
-1361
-278
-604
335
-912
-852
-545
1199
-691
-185
1128
619
949
-43
1751
942
1406
-888
1235
1029
101
-165
958
1748
178
247
-54
1305
509
253
-208
992
945
290
-545
1201
152
-127
261
-392
-260
-270
-223
-1335
760
-355
-419
-699
399
-588
-798
167
-615
-557
-984
-662
-1273
-304
-1053
-1026
-182
-1309
-934
-325
-944
-1174
376
356
-1224
312
-36
56
597
76
746
1561
139
334
1825
1451
-474
1211
1846
902
333
505
1512
963
859
-493
887
1049
385
-439
787
912
126
564
-131
-150
474
4
-322
-204
-232
-252
96
-373
-1483
209
1018
-1336
-884
-384
537
-965
-217
-1250
-181
-48
-1817
-119
-121
-726
-883
-568
-336
-488
-811
-436
-517
341
-51
271
-413
1201
790
88
497
608
1816
490
822
545
1990
540
63
660
1614
738
340
53
-13
889
43
-778
156
604
-624
-378
-154
268
164
-706
-630
65
-314
-1162
-1264
406
2
-1257
-541
-569
-620
-208
-957
-952
322
-285
-1331
5
-196
-1044
-739
-137
227
-969
-1061
-389
-49
-394
-571
-439
-437
-146
-408
100
449
-359
402
914
643
446
-221
1289
1226
890
-851
1904
597
-505
331
1128
891
-1283
-64
1037
195
-1547
-640
1372
116
-1511
-893
971
1261
-2137
-1429
1404
1049
-1927
-1201
1257
212
-1110
-193
-128
608
-376
-206
-361
357
170
-78
645
517
-503
-82
742
710
186
-336
140
522
403
-953
-496
551
1069
-338
-251
434
563
714
822
341
736
1668
-228
347
1023
966
83
504
513
353
231
-455
538
445
-150
-768
127
-692
181
-594
-39
-654
-376
5
-336
-62
-1197
1242
-717
-6
-1204
383
168
-382
-485
-201
514
-728
257
-671
38
-89
291
399
-348
-341
249
880
-779
-707
512
-78
536
-1335
-153
46
887
-1121
-653
-31
1281
425
-2254
247
1651
1051
-1710
-381
1096
1727
-1607
-440
893
930
-1312
-255
1268
-1674
-100
-391
465
-1242
273
-1356
271
-203
-1033
885
-1122
-533
49
257
-866
-248
92
-407
202
635
-223
-467
-456
2039
-1469
238
-31
954
-7
-1610
1774
-2
1440
-2846
945
1882
-702
-1135
530
2029
-1432
772
-1584
733
1256
-387
-584
-146
1538
-258
469
-851
1173
301
848
1110
-973
778
-617
1810
-1199
454
-972
1436
327
-1803
1
-678
1356
-1370
355
-886
1186
-1884
-108
980
-1940
760
1112
-929
-1340
1552
349
321
-822
-661
1075
507
-1966
1246
690
-749
1086
-1546
1110
-976
1071
-1205
1812
-304
-632
1037
-172
773
-2007
1670
626
-46
-883
-60
1524
-388
-61
-1474
3313
147
-2178
1718
1431
-619
-951
1885
1060
-834
-908
919
1200
-1879
-133
1486
-497
-683
-653
1875
-3070
-19
1537
-297
-2433
1830
-1944
1023
-409
-924
1222
544
-2660
203
1974
-2380
1125
-154
123
-1034
1582
-1628
275
-1108
1522
35
-1357
-320
1069
1013
-3156
1518
558
205
-2416
1374
960
-754
-1136
-261
1682
-2163
1165
-565
2397
-2554
13
252
450
237
-1833
2211
-1676
2356
-2915
612
519
-59
-1233
-251
1341
-1675
69
-1618
794
1533
-3019
-951
2169
-426
-1916
202
1641
-1172
-623
349
-399
1460
-743
-1003
2462
-1653
1010
-1253
3096
-2045
276
-49
2045
-150
-2076
3469
638
337
-1798
262
3128
308
-2303
1351
2724
-2272
2213
-2324
1570
2070
-1031
-1505
2172
1667
-3858
2815
-629
1046
730
-1076
-1196
3667
-538
-2987
1777
2462
-3332
767
-82
681
1135
-1675
-1123
1361
-133
-2591
556
561
-1669
-1352
1877
-2169
720
-1013
1078
-884
-116
-1300
715
286
-318
202
2220
-3120
1307
442
1178
-1856
591
936
-116
1752
-3413
1633
2286
-773
-2890
1918
-103
-500
106
-498
855
-914
649
-1729
2373
-1425
73
587
-57
804
-1743
1763
-1226
2375
-1580
195
-50
287
-99
406
-1836
1748
802
-2196
1838
-3728
3682
-891
-346
-1889
2452
-390
-1572
234
-2427
3528
-1220
-1359
-270
838
-943
574
-1547
1964
470
-3324
3241
-376
-1746
-1117
2954
-877
39
-1294
-62
1406
552
-4054
2659
757
-1158
9
-372
853
-2763
2928
-823
-588
-975
1960
339
-2016
562
-199
1696
-1147
-539
419
2348
-3633
3007
1552
-1925
861
1038
849
-2212
499
-755
2737
-1085
-524
-1436
2559
-1531
370
-338
-236
717
-245
-53
-2160
3642
-1145
1304
-807
-148
35
1786
-2019
1733
517
594
192
-71
247
-1755
1849
1060
-812
-1188
-802
891
-556
-737
-1002
304
1758
-1393
933
-3687
3333
72
-186
-1400
971
487
-1457
-213
-561
3857
-2226
-1764
2425
-66
-744
-366
-31
1318
-704
290
-821
2239
-1206
645
-403
-15
1829
-1181
-940
1990
-599
845
247
-1690
1804
-187
352
-427
1407
-1554
1513
50
134
-131
-368
1083
462
-948
-443
1362
-813
114
-176
-884
607
-1472
1461
-2178
-883
861
-900
-530
-1669
686
85
-1566
-381
-540
1577
-3389
999
746
-3393
2628
-1818
1087
-2186
2437
-3777
718
2239
-1229
-1226
1055
-575
-737
1405
-1105
607
432
404
-1605
3823
-2810
-327
1348
2064
-2681
1443
-223
1714
629
-1898
138
3133
652
-3812
2653
817
1273
-2024
2729
-1613
1865
1514
-3232
745
2848
-1849
-1020
3996
-4583
2483
-513
-1324
-15
1305
-409
-1062
242
-624
1833
-4547
2165
241
53
-1116
-706
1355
521
-3499
2512
1187
-2036
569
12
11
-2062
2435
463
433
-1494
144
2175
-561
-1142
60
2599
930
-1371
107
929
523
-436
401
2167
-1210
-157
1100
-524
742
405
-91
2935
-2334
-141
876
1398
-1194
-1077
2200
-1753
340
-283
-1512
483
-378
-34
-974
-124
-3145
662
1480
-3299
711
-1060
534
-1638
-1460
555
413
-853
-1816
2977
-2632
-1098
121
920
-357
-1534
3092
-2971
401
-1058
1384
-280
396
3
-561
1830
-1896
1697
1705
-387
-1185
3450
-759
-972
1057
-805
3407
-614
428
-205
2422
-2260
587
2206
-587
2095
-2701
2508
-331
316
-2006
788
844
-633
-393
-1067
1919
-3155
668
384
-758
-990
603
-1642
-343
1122
-2358
1662
-1412
-537
-84
629
-1503
47
-239
1384
-1672
394
-83
42
-1236
1986
-1170
-276
1132
-1300
3600
-3679
2911
-306
1202
-1374
2068
-755
430
1972
-1670
1416
408
1429
-1802
741
593
1532
-885
464
782
-1169
773
-651
1624
-1892
997
1044
-1338
-862
53
431
-44
-377
-1767
2018
-1721
-787
-580
931
-1530
-286
-557
1537
-1307
-2659
1742
1371
-1316
-1536
776
-746
2055
-819
-1685
-425
2895
-162
-2151
-89
2149
6
111
-2709
2907
1004
-817
-2154
3865
347
-719
-1602
712
3316
-2104
-1630
2765
1989
-3856
624
408
2655
-2908
-264
2559
1398
-4029
-690
1581
1281
-11
-2883
1277
2246
-2203
-1488
60
881
831
-982
-1044
-691
526
-866
646
-1191
1209
-349
-726
-1428
491
903
-761
-422
1490
1220
-2707
-239
16
2582
-593
-928
-100
2132
-139
-2449
764
1577
1498
-2137
1013
571
-269
172
295
-1010
1744
1034
-1769
-282
972
-388
-227
-468
666
1227
-2377
-370
-45
2726
-1896
-1420
1432
1819
-2307
-1918
2175
1805
-955
-2326
2604
-1359
1254
-1863
1434
-1318
2414
-1400
-659
466
-670
988
127
-858
612
1385
-3149
2154
-937
2490
-1374
703
7
325
1183
-2833
3236
-308
180
-1116
1385
326
-271
-936
1162
759
-370
-329
58
716
-1946
2209
-987
516
-2618
688
2281
-1971
-2688
2851
848
-1458
-1372
979
69
-990
-1030
-190
2794
-2864
-968
-171
2730
-3465
113
114
1570
-2251
-689
491
-435
1756
-3972
1937
331
-140
-1938
584
-744
603
831
-198
-1025
477
-417
609
337
-1137
3184
-2204
98
-568
1686
727
-1224
1764
-501
925
-1038
39
247
1789
-249
-42
1368
-2402
-94
2063
-388
-735
1105
-505
-861
106
260
1723
-2493
1242
1066
-436
-248
-1398
1295
825
-799
180
1256
-2627
191
1624
-373
926
-1460
-138
1031
-577
-1373
1573
-70
-975
1181
134
-776
-1250
1554
-360
2250
-1006
334
-1152
2474
-2279
2707
443
-2043
2030
821
-139
-2152
2459
372
1206
-429
-1122
741
1353
-1928
-29
-923
3922
-2031
-624
-1473
830
987
-1751
1299
-825
1093
-2974
1214
331
-1367
-1825
2356
591
-1196
-2835
876
87
369
-724
-792
1357
-1307
23
-2000
1315
-1605
1123
-409
-2027
1199
748
-2141
-167
419
1279
-1016
74
493
-484
-532
452
1599
-554
-136
-432
2758
488
-1882
-360
1944
126
1805
-1549
-388
1868
408
-1438
-402
1399
-440
516
-376
-182
-435
-610
42
1999
-1860
-138
490
313
-693
-625
-96
-156
612
-1439
1713
-2030
-22
151
1457
-1605
-1760
791
815
373
-4035
2300
629
-185
-2972
1533
1234
-1248
-828
22
2160
-221
-2245
-249
3577
-716
-1059
471
1275
-70
463
-617
1506
1514
-2231
604
2084
376
-1401
778
1247
357
327
-50
-277
550
-43
-829
2434
-446
-2243
482
2339
-1239
-1306
1148
-1039
1414
-460
-104
-111
-818
205
1211
224
-2217
-105
1943
-1154
-522
-177
456
667
-518
-673
-386
1628
-1665
-207
1520
-610
-178
-1410
1808
-665
29
-277
-275
1228
441
-1304
-613
3013
-358
-1616
620
595
490
195
-1629
2010
1727
-1545
-855
593
1224
180
-713
-659
2059
-1348
-382
310
154
-482
-740
827
266
-68
-3058
152
1760
1440
-3249
-554
-92
1716
-1140
-676
-64
586
-38
-1079
720
-2302
863
40
-168
-1093
727
-761
-1762
424
648
22
-2068
1066
-380
-163
-1338
-228
999
842
-1759
-910
2061
-248
-1521
-183
1798
229
-515
-153
202
-365
764
-66
853
43
-796
587
277
-784
-634
1198
266
59
-123
-1035
482
-490
1015
-783
-109
1177
-464
266
-1907
1300
1408
1117
-2436
-387
2521
-147
-543
-5
392
1235
70
-317
-333
705
231
216
8
286
603
-868
-476
1246
1368
-159
-1327
299
1205
1379
-1267
-866
1691
2237
-941
-2004
1754
1766
-324
-1644
1440
1807
-194
-1421
-1158
2275
1804
-1184
-871
172
1138
-710
-518
-817
998
430
-356
-9
-1754
147
760
-781
-222
1460
-981
-1246
-128
-261
1537
-110
-2659
1358
681
-376
-1173
-263
-839
2464
-132
-2065
410
-104
255
-1682
496
877
397
-1187
-583
-21
914
-770
-115
-574
1242
99
-103
-1169
-1492
1268
1259
540
-2041
936
-808
281
-383
488
363
59
-1425
256
923
-1878
-506
419
892
-460
67
-1445
-955
96
768
14
-526
2
-381
-233
-729
-290
-157
147
1166
-770
-372
-666
259
-356
-577
1237
1099
-263
-820
-821
314
1131
-335
-261
708
786
-487
-798
-659
1223
972
-174
392
81
86
-64
-811
678
854
1097
-653
230
-236
-199
-550
887
189
-144
1009
283
-1002
433
889
-755
782
-424
750
-436
5
-317
595
-467
-1085
590
508
233
-736
-25
102
1007
-449
-701
45
1124
64
471
-190
-277
612
704
-424
284
729
-586
573
140
167
-260
741
133
437
71
-790
664
-597
348
-71
954
-599
-16
663
-29
185
58
235
119
695
-882
212
-126
-551
79
732
392
-195
-502
-386
246
-578
-168
557
-94
-231
410
-315
-794
-449
-440
559
267
-502
-182
-270
-334
-909
-282
256
236
-439
-88
504
-569
-576
-195
-229
114
669
-264
-349
-291
-153
-382
244
-70
9
-753
389
418
-1048
-616
403
510
-200
-24
-682
5
-725
-33
-41
252
134
-93
-388
-303
-407
-101
429
353
43
-628
-468
-364
85
-690
411
606
374
-311
-1180
-190
-90
108
431
449
396
-248
-1224
-238
-99
256
754
796
43
356
-7
-867
-490
895
941
1023
671
141
12
-744
60
175
527
918
862
392
-7
-369
-557
-161
959
1062
387
-78
71
-11
-349
-4
103
728
1015
15
-223
125
-519
-233
315
416
800
-71
-171
-219
50
-374
99
257
322
341
-215
-269
-793
-411
73
212
243
648
44
-458
-513
-465
107
-197
88
502
334
-12
-221
-442
-64
-80
317
711
523
151
-571
-678
-654
425
252
508
-408
69
147
-667
-896
-912
60
840
322
-610
-434
-343
-485
-397
-117
162
255
-337
-256
-368
-208
-98
-126
104
348
237
-445
-582
-172
63
-122
-221
137
275
-168
-47
-336
35
411
-414
-200
394
33
-231
12
236
216
152
-49
-115
131
274
313
-340
55
332
256
-72
-805
-167
154
-154
-564
-118
-84
-463
-559
-611
-282
-548
-414
-326
-393
-415
-693
-680
-394
-459
-158
-292
-16
165
1
-425
-146
116
257
515
472
894
624
880
1107
861
445
1045
1796
1428
1331
1229
1383
1287
1248
1375
1095
1273
1615
1110
1120
566
474
162
168
187
-135
-207
-416
-625
-882
-810
-1082
-1311
-1293
-1328
-1577
-1296
-1479
-1651
-1853
-1756
-1521
-1651
-1567
-1491
-1140
-963
-767
-992
-990
-713
-794
-367
9
-83
-20
84
159
570
404
733
1648
2094
2543
2232
2170
1940
2276
2218
2293
2678
2618
2379
2007
1473
1131
816
736
918
602
661
391
-280
-321
-866
-1093
-998
-1403
-1757
-2084
-1577
-2198
-2268
-2595
-2194
-1876
-2063
-1574
-1804
-1603
-1893
-1798
-1873
-1680
-1939
-1959
-2051
-1724
-1542
-1688
-1421
-1305
-1040
-919
-480
-544
-188
57
266
1382
2747
3038
3017
2883
2780
3177
2772
2274
2881
3884
3930
3495
2951
1829
1377
1155
920
1004
1039
892
259
-499
-1007
-1519
-1543
-1950
-1696
-992
-1095
-1505
-1767
-2174
-2321
-2122
-1399
-731
-693
-392
-575
-738
-844
-1235
-1453
-1239
-1021
-813
-829
-1196
-1224
-1710
-1742
-1311
-1060
-1102
-713
-334
-202
69
-37
451
1019
2737
3780
4577
4226
3751
3102
3021
3468
3321
3787
4093
4324
3414
2631
1384
587
-254
-104
199
643
-368
-891
-1402
-2455
-2881
-3389
-3063
-2644
-1795
-1340
-1017
-1802
-2235
-2678
-2427
-1676
-1108
-478
104
131
-602
-1043
-1612
-2359
-2706
-1816
-1193
-1232
-1439
-1655
-2120
-2467
-2860
-2817
-1890
-1271
-467
154
385
327
89
865
2507
3673
4261
4674
4824
4677
4158
3261
3209
3614
3610
3691
3478
3026
1742
564
-166
-586
-608
-821
-1224
-1133
-1359
-2051
-2691
-3073
-3270
-3261
-2472
-1854
-933
-981
-1312
-1419
-1343
-1207
-976
-663
-439
360
345
-81
-915
-1586
-2243
-2381
-2286
-2063
-1545
-1229
-1330
-1798
-1953
-2170
-2129
-1721
-1119
-254
669
1018
1084
1632
1964
3237
4442
4682
4893
4905
5138
4726
4157
3817
3754
3482
3470
2954
2206
1240
606
-264
-692
-813
-1276
-1649
-1728
-1525
-2215
-2823
-2966
-3072
-2811
-2831
-2293
-1556
-1126
-928
-920
-939
-774
-570
-417
-497
-316
-49
-152
-679
-1576
-1978
-2476
-2521
-2236
-2099
-1648
-1435
-1676
-1845
-2034
-2074
-1812
-1553
-757
369
991
1294
1457
1782
2657
3596
4156
4433
4766
4817
4861
4426
3563
3477
3018
2466
1985
1997
1216
413
-184
-907
-1194
-1580
-1824
-2077
-1905
-1916
-2300
-2510
-2575
-2799
-2774
-2570
-2068
-1331
-626
-336
-186
-102
-9
-112
-320
-302
-172
49
107
-174
-1139
-1490
-1905
-2191
-2279
-1999
-1481
-1336
-1271
-1258
-1406
-1495
-1698
-1694
-555
428
1118
1337
1800
2197
2735
3404
3960
4404
4565
4669
4602
4391
3579
3117
2610
2311
1758
1415
747
124
-333
-917
-1027
-1555
-1797
-2125
-1659
-1785
-2293
-2266
-2438
-2687
-2709
-2357
-1764
-1307
-957
-213
347
265
156
-68
-19
97
-227
-119
-65
-501
-1177
-1646
-1930
-2295
-2665
-2392
-1841
-1387
-1358
-1481
-1715
-1852
-1580
-1448
-904
-99
841
1272
1330
1610
2229
2969
3625
3975
4419
4849
4544
4091
3516
3036
2871
2176
1790
1613
1049
482
-159
-495
-1113
-1320
-1874
-2132
-1803
-1636
-1683
-1982
-2205
-2222
-2177
-2455
-2240
-1718
-912
-562
-30
656
911
333
28
35
-317
-351
-656
-710
-936
-1129
-1401
-1976
-2561
-2679
-2425
-2174
-1834
-1672
-1414
-1604
-1247
-966
-1052
-719
-46
576
1148
1675
1832
2228
3241
3851
4320
4632
4806
4543
3907
3694
3341
2761
2235
2031
1908
1281
584
94
-200
-793
-1097
-1202
-1470
-1578
-1426
-1587
-1670
-1835
-2150
-2207
-2226
-1841
-1350
-1080
-831
-119
103
114
-287
-174
-337
-524
-481
-592
-625
-1136
-1536
-2094
-2414
-2813
-2846
-2497
-2099
-1970
-1755
-1752
-1709
-1707
-1464
-1016
-568
120
783
1433
1842
1867
2405
3170
3684
4069
4708
5192
4762
4319
3843
3474
2941
2328
1791
1769
1612
808
199
-139
-703
-1217
-1501
-1713
-1648
-1574
-1446
-1636
-1929
-2130
-2381
-2472
-2494
-2102
-1686
-1130
-496
148
275
-6
-206
-396
-505
-1107
-1342
-1349
-1321
-1653
-2077
-2338
-2635
-2781
-2898
-2498
-2081
-1661
-1649
-1346
-872
-747
-624
-255
379
1019
1561
1994
2277
2423
2893
3645
4303
4898
5094
5101
4690
4400
3676
2771
2286
1867
1711
1570
1145
527
80
-438
-851
-1481
-1909
-2065
-1785
-1585
-1523
-1732
-2079
-2282
-2659
-2950
-2678
-2283
-1987
-1438
-786
-129
-104
-333
-679
-833
-881
-1107
-1234
-1450
-1638
-1760
-1938
-2122
-2206
-2214
-2100
-1711
-1496
-1322
-1111
-876
-496
-116
134
411
910
1323
1907
2025
2115
2215
2485
3415
4147
4437
4831
4894
4704
4049
3361
2862
2381
1767
1438
1582
1358
760
115
-269
-628
-1167
-1662
-1947
-1954
-1886
-1981
-2120
-2200
-2449
-2676
-2689
-2675
-2702
-2515
-2100
-1516
-839
-270
-7
134
-9
101
-412
-770
-1114
-1486
-1438
-1382
-1232
-1316
-1421
-1436
-1339
-1097
-1056
-1107
-1066
-463
-23
159
415
604
908
1075
1451
1583
1663
1551
1995
2949
3783
4179
4406
4620
4548
3889
3017
2372
1803
1448
930
962
888
517
-123
-511
-915
-1360
-2030
-2612
-2638
-2590
-2603
-2544
-2443
-2453
-2491
-2593
-2707
-2746
-2584
-2286
-1605
-829
-356
216
696
982
656
368
110
-453
-904
-1203
-1227
-1076
-927
-921
-653
-597
-735
-763
-979
-1002
-783
-399
8
379
719
1087
1391
1515
1447
1395
1379
1366
1889
2787
3581
3924
4206
4566
4261
3459
2485
1624
931
437
260
274
142
-158
-481
-786
-1198
-1917
-2639
-2932
-2794
-2594
-2520
-2310
-2041
-2085
-1938
-1896
-1933
-2009
-1792
-1254
-540
174
591
999
1382
1658
1436
1143
824
222
-368
-524
-681
-773
-794
-733
-252
-105
-377
-647
-768
-856
-680
-481
-304
193
575
752
1010
1119
1092
920
794
1159
1574
2124
2620
2844
3279
3610
3295
2562
1976
1227
568
85
-301
-406
-703
-973
-743
-683
-1152
-1696
-2070
-2170
-2380
-2466
-2381
-2089
-1723
-1603
-1325
-1230
-1203
-1503
-1338
-822
-248
370
679
1102
1507
1638
1271
842
386
43
-376
-763
-955
-1099
-1236
-1208
-953
-758
-921
-964
-1025
-994
-1023
-1188
-1102
-843
-299
99
465
913
920
779
585
594
713
1268
1946
2365
3167
3648
3737
3074
2328
1721
1206
480
99
31
-12
-30
24
16
-325
-585
-830
-1078
-1192
-1369
-1471
-1490
-1342
-1328
-1260
-1034
-1021
-934
-831
-605
-349
-143
283
650
1076
1383
1412
1150
780
297
-299
-907
-1310
-1528
-1580
-1389
-1155
-982
-1077
-1069
-1277
-1257
-1226
-1382
-1344
-946
-594
-347
-17
307
553
431
479
418
388
677
1438
2077
2512
3114
3537
3452
2967
2509
1866
1110
637
344
145
261
199
263
441
257
-3
-322
-512
-764
-960
-1091
-1137
-1197
-1368
-1284
-1254
-1097
-1033
-844
-495
-240
174
638
921
1176
1375
1399
1148
705
148
-251
-708
-1178
-1476
-1537
-1539
-1421
-1352
-1301
-1210
-1345
-1315
-1273
-1251
-1274
-1281
-1058
-851
-750
-588
-252
56
201
307
389
896
1472
1919
2222
2629
3145
3040
2613
2348
2026
1640
1148
778
802
681
505
561
709
510
201
26
-162
-411
-715
-965
-1209
-1464
-1653
-1726
-1621
-1448
-1371
-1025
-651
-405
-28
332
705
993
911
726
652
372
-153
-588
-1002
-1343
-1633
-1862
-1996
-2103
-2105
-2074
-1942
-1792
-1733
-1716
-1741
-1744
-1536
-1350
-1231
-1002
-578
-183
145
511
825
1008
1157
1511
2073
2532
2749
3111
3509
3641
3374
3037
2843
2520
2083
1686
1492
1314
989
876
782
571
189
-84
-386
-710
-981
-1420
-1720
-1972
-2016
-1958
-1710
-1498
-1244
-816
-473
-269
10
257
442
574
563
485
276
114
-309
-633
-1026
-1325
-1768
-2029
-2075
-1955
-1868
-1862
-1633
-1356
-1252
-1262
-1067
-1046
-886
-737
-451
-144
200
438
707
1109
1357
1565
1653
1957
2339
2776
2945
3196
3471
3571
3377
3147
2912
2337
1873
1333
974
627
199
-72
-27
-128
-353
-518
-707
-982
-1217
-1391
-1675
-1744
-1837
-1775
-1607
-1329
-1159
-979
-572
-278
-134
-54
9
-12
-71
-21
0
-75
-249
-469
-805
-1209
-1602
-1932
-2164
-2165
-2069
-2070
-1832
-1637
-1426
-1091
-842
-774
-757
-524
-434
-371
-133
140
392
610
973
1102
1207
1234
1355
1578
1966
2166
2277
2643
2843
2687
2366
2132
1671
1236
768
393
172
-115
-160
-20
79
12
-16
45
-175
-448
-754
-940
-1137
-1317
-1322
-1218
-1088
-990
-817
-586
-373
-345
-328
-270
-115
-105
-200
-193
-180
-325
-550
-808
-1131
-1406
-1695
-1797
-1786
-1675
-1577
-1345
-1098
-923
-815
-820
-697
-626
-457
-258
33
396
595
833
943
1058
1010
1024
1001
994
1177
1588
2001
2170
2605
2953
3006
2717
2438
2129
1857
1527
1236
1111
1028
924
892
1004
819
574
384
296
79
-198
-459
-717
-794
-998
-1173
-1279
-1340
-1479
-1411
-1213
-1034
-966
-743
-458
-367
-192
-99
-167
-382
-528
-794
-1063
-1353
-1525
-1648
-1610
-1571
-1479
-1291
-1263
-1152
-1064
-948
-992
-995
-819
-495
-297
-242
-146
-70
-2
-27
-14
14
137
319
545
873
1339
1679
1912
2201
2466
2509
2243
2013
1945
1776
1486
1231
1134
1043
781
673
666
559
339
129
22
-140
-405
-793
-1101
-1281
-1561
-1776
-1888
-1892
-1764
-1511
-1123
-781
-468
-159
49
164
123
130
146
138
10
-127
-236
-523
-894
-1161
-1191
-1272
-1419
-1442
-1240
-1257
-1223
-1117
-910
-919
-884
-717
-618
-640
-592
-552
-540
-463
-342
-53
148
406
531
849
1289
1734
1988
2271
2705
2987
2968
2973
2887
2598
2260
1958
1769
1548
1220
1108
1207
1201
960
737
659
431
126
-128
-386
-741
-1035
-1180
-1209
-1213
-1134
-853
-461
-149
122
236
316
369
391
333
306
229
-14
-279
-517
-914
-1411
-1820
-2076
-2213
-2336
-2390
-2263
-2167
-2121
-2034
-1924
-1837
-1836
-1719
-1614
-1480
-1363
-1239
-983
-742
-445
-160
151
460
665
900
1187
1640
2061
2375
2731
3173
3513
3483
3350
3168
2944
2579
2208
1997
1770
1496
1379
1385
1177
905
664
433
134
-200
-428
-677
-951
-1129
-1222
-1268
-1305
-1309
-1223
-1078
-992
-985
-898
-777
-726
-723
-719
-729
-929
-1197
-1407
-1690
-2097
-2480
-2655
-2792
-2845
-2843
-2762
-2583
-2396
-2193
-1968
-1748
-1577
-1384
-1193
-870
-550
-276
-12
323
617
872
1169
1402
1688
1852
2039
2350
2733
3145
3445
3609
3794
3889
3818
3609
3332
3083
2750
2424
2093
1762
1460
1098
896
720
412
90
-73
-368
-692
-933
-1198
-1398
-1571
-1749
-1919
-2009
-2036
-2030
-1944
-1766
-1547
-1273
-1084
-920
-840
-799
-884
-942
-1015
-1146
-1301
-1469
-1574
-1700
-1838
-1995
-1935
-1881
-1720
-1419
-1117
-846
-535
-236
-21
207
462
600
809
1028
1180
1316
1466
1651
1808
1948
2106
2180
2163
2229
2304
2391
2461
2550
2724
2825
2792
2629
2383
1983
1569
1113
650
324
70
-206
-374
-445
-751
-996
-1102
-1265
-1557
-1701
-1804
-1894
-1936
-2022
-2100
-2104
-1940
-1816
-1688
-1474
-1260
-1040
-847
-618
-502
-351
-230
-203
-320
-450
-543
-823
-1060
-1257
-1417
-1494
-1381
-1232
-1006
-696
-469
-276
-9
151
264
396
606
776
859
967
1040
987
969
1016
987
1010
1087
1153
1200
1229
1306
1428
1575
1641
1658
1777
1716
1495
1238
1022
797
464
161
-9
-139
-317
-419
-393
-452
-610
-661
-615
-732
-891
-928
-1004
-1107
-1187
-1321
-1349
-1236
-1168
-1073
-859
-602
-407
-212
-65
32
99
32
20
-9
-162
-357
-565
-750
-939
-1168
-1279
-1181
-1014
-841
-644
-352
-155
-43
112
251
386
519
611
650
686
678
600
546
605
613
640
677
751
770
735
737
825
1017
1179
1309
1493
1643
1690
1631
1518
1373
1225
1067
944
881
784
635
541
458
334
221
127
-26
-218
-310
-405
-527
-647
-786
-871
-875
-863
-877
-800
-698
-623
-624
-541
-450
-457
-419
-353
-330
-442
-634
-890
-1136
-1381
-1614
-1706
-1665
-1504
-1360
-1203
-1017
-831
-716
-646
-465
-326
-250
-223
-210
-215
-218
-263
-312
-254
-164
-92
-5
140
289
383
490
649
863
1076
1319
1523
1729
1949
2035
2050
2033
1924
1800
1604
1399
1197
914
686
487
339
101
-36
-69
-222
-394
-488
-603
-828
-1042
-1205
-1261
-1286
-1378
-1364
-1200
-1063
-1044
-971
-847
-715
-615
-538
-488
-483
-518
-668
-891
-1099
-1281
-1461
-1564
-1524
-1339
-1179
-969
-593
-254
-60
80
195
261
302
303
309
377
483
671
769
936
1092
1259
1350
1428
1574
1662
1778
1801
1924
2062
2234
2260
2205
2242
2158
2013
1856
1730
1586
1373
1118
828
557
255
-128
-419
-678
-922
-1071
-1150
-1273
-1372
-1424
-1528
-1610
-1673
-1738
-1753
-1720
-1684
-1581
-1455
-1331
-1247
-1149
-1002
-933
-958
-1032
-1017
-980
-1050
-1138
-1113
-1093
-1072
-984
-806
-672
-507
-323
-114
180
376
596
835
1046
1132
1211
1244
1224
1218
1220
1210
1203
1193
1230
1237
1210
1154
1050
1050
1025
926
926
1057
1192
1212
1291
1460
1428
1203
1025
803
505
231
-80
-355
-536
-775
-1013
-1150
-1316
-1460
-1506
-1462
-1429
-1429
-1436
-1431
-1464
-1555
-1675
-1693
-1640
-1650
-1577
-1381
-1200
-1072
-915
-699
-447
-339
-247
-64
-28
-67
-97
-91
-82
-69
18
215
449
603
732
936
1053
1076
1089
1141
1150
1067
1005
969
894
775
771
761
716
707
741
768
818
839
808
825
806
718
708
798
847
807
819
809
704
535
387
251
73
-127
-279
-447
-663
-898
-1063
-1083
-1160
-1246
-1195
-1049
-1043
-1053
-989
-922
-940
-1056
-1074
-1021
-958
-925
-797
-605
-424
-267
-49
125
214
323
421
485
490
413
325
283
191
137
153
207
213
270
352
408
474
471
467
477
450
426
373
232
94
51
61
40
15
48
126
175
191
175
138
107
83
33
-12
23
47
-6
-14
83
84
-12
-32
2
-80
-145
-200
-268
-311
-372
-464
-451
-421
-465
-407
-311
-227
-212
-139
-139
-222
-269
-335
-364
-387
-351
-287
-158
10
149
242
332
397
433
462
426
362
297
230
184
122
62
100
128
163
206
203
209
238
228
166
170
143
48
-17
-113
-201
-233
-214
-169
-93
29
124
168
179
137
29
-41
-89
-179
-180
-70
22
86
180
359
462
474
520
593
554
477
430
348
226
90
-18
-54
-120
-244
-290
-251
-269
-349
-381
-415
-464
-545
-621
-660
-698
-706
-720
-624
-497
-381
-203
-55
49
209
262
202
182
135
40
-34
-93
-100
-73
-133
-185
-141
-135
-164
-147
-57
0
46
115
170
228
247
249
303
352
327
325
344
337
283
239
215
180
121
160
206
222
278
337
424
486
574
621
574
475
403
307
130
-28
-151
-297
-370
-394
-488
-565
-593
-650
-689
-666
-711
-755
-742
-767
-826
-813
-763
-710
-618
-450
-222
-62
15
156
292
363
382
419
464
464
406
375
423
461
381
387
498
516
463
497
531
483
462
450
464
437
391
387
367
315
278
229
215
179
98
26
-21
-99
-226
-275
-317
-351
-366
-401
-403
-403
-379
-366
-296
-251
-247
-214
-201
-221
-285
-341
-380
-400
-452
-492
-470
-468
-474
-476
-454
-403
-372
-321
-243
-143
-57
-22
63
142
210
251
351
496
545
579
671
762
790
823
856
904
895
819
745
701
617
472
351
262
149
51
8
7
-8
-24
-42
-37
-124
-241
-307
-424
-492
-564
-630
-658
-679
-714
-729
-741
-764
-773
-748
-706
-679
-582
-495
-439
-362
-228
-172
-124
-51
30
97
98
143
180
200
219
213
211
174
107
51
11
-29
-46
-40
14
88
144
170
231
310
394
466
550
586
609
633
561
509
477
450
443
443
395
371
322
187
67
2
-89
-178
-243
-280
-350
-442
-503
-539
-529
-547
-509
-479
-464
-449
-451
-447
-424
-387
-367
-310
-294
-277
-226
-180
-125
-58
15
101
155
235
307
382
406
441
502
520
540
526
524
484
419
371
320
282
201
115
69
28
-1
25
51
79
125
163
181
213
255
267
282
307
328
320
278
215
149
102
31
-3
-34
-62
-90
-132
-167
-215
-263
-348
-385
-401
-440
-524
-518
-494
-502
-463
-368
-267
-205
-110
-43
11
73
116
137
185
204
199
220
194
186
172
158
126
79
38
9
-7
-26
-29
-71
-149
-202
-246
-306
-334
-358
-346
-320
-333
-323
-317
-302
-315
-284
-219
-201
-153
-167
-173
-173
-194
-180
-193
-203
-166
-132
-144
-143
-140
-138
-140
-128
-73
-49
-34
21
105
148
212
254
286
338
336
324
344
357
364
406
473
523
557
628
665
657
618
582
536
472
394
312
283
244
157
40
-46
-109
-195
-265
-293
-306
-309
-343
-358
-408
-461
-481
-481
-447
-410
-362
-330
-328
-297
-232
-245
-247
-242
-226
-238
-265
-313
-319
-273
-249
-184
-95
-1
32
99
160
196
242
280
296
339
403
430
478
540
589
664
721
765
803
800
793
771
735
710
656
591
531
470
393
348
312
261
191
148
69
-26
-111
-222
-320
-433
-530
-630
-700
-758
-783
-765
-744
-707
-697
-651
-654
-689
-710
-705
-695
-674
-633
-577
-550
-530
-496
-474
-433
-396
-328
-248
-173
-153
-122
-95
-71
-25
7
56
157
204
231
304
369
403
436
471
499
514
494
496
499
501
517
564
638
670
710
715
710
659
539
451
344
231
120
46
-32
-104
-131
-163
-211
-250
-309
-357
-419
-456
-501
-530
-564
-630
-647
-651
-658
-689
-672
-628
-578
-501
-424
-338
-298
-260
-219
-204
-195
-205
-184
-167
-162
-139
-93
-45
21
74
132
204
238
252
307
362
403
431
474
492
486
495
478
464
442
440
475
484
492
523
533
554
565
547
549
563
562
543
510
483
424
350
322
264
219
172
120
58
28
-18
-47
-45
-73
-107
-138
-175
-215
-258
-276
-291
-311
-341
-368
-357
-346
-352
-332
-286
-256
-253
-236
-210
-216
-244
-273
-304
-345
-370
-367
-384
-389
-341
-325
-284
-243
-229
-213
-173
-164
-149
-114
-117
-150
-205
-223
-247
-269
-288
-267
-216
-217
-218
-216
-192
-179
-143
-98
-22
64
110
155
205
240
248
258
283
300
307
314
335
305
292
324
315
296
286
293
278
258
250
240
227
215
184
154
144
123
92
104
108
85
74
51
49
32
-3
-36
-57
-77
-118
-154
-191
-194
-210
-209
-206
-208
-242
-288
-335
-380
-383
-404
-412
-428
-431
-454
-473
-491
-511
-516
-517
-501
-492
-447
-426
-369
-258
-148
-25
80
189
267
338
439
480
528
587
615
663
687
722
737
745
769
809
847
858
855
852
851
812
743
682
619
543
478
404
327
278
247
239
219
215
205
187
166
125
69
13
-46
-132
-213
-290
-379
-482
-545
-613
-662
-701
-738
-752
-747
-743
-724
-726
-758
-790
-838
-895
-953
-979
-946
-853
-801
-701
-586
-485
-407
-317
-203
-107
-21
45
109
163
185
222
289
373
434
508
563
610
628
633
650
649
669
674
648
635
616
564
507
446
414
375
337
311
284
267
249
232
176
149
123
68
43
20
-18
-67
-162
-230
-285
-348
-390
-453
-502
-524
-574
-627
-667
-648
-647
-660
-647
-642
-598
-582
-590
-579
-569
-560
-523
-494
-435
-369
-315
-272
-236
-208
-183
-148
-136
-92
-53
-17
34
85
139
187
218
288
352
405
441
448
470
516
513
501
497
471
483
502
516
555
590
585
585
587
559
556
533
495
499
477
461
452
421
399
393
365
354
357
328
312
274
221
182
117
39
-1
-31
-67
-111
-136
-167
-201
-219
-280
-324
-328
-335
-337
-333
-319
-342
-389
-410
-457
-495
-505
-498
-513
-497
-476
-495
-493
-460
-439
-397
-338
-281
-221
-191
-161
-135
-112
-112
-109
-97
-93
-91
-65
-17
9
46
107
149
170
209
237
255
278
307
333
342
364
357
341
322
303
266
278
299
273
265
259
246
203
167
130
99
42
-25
-83
-140
-175
-239
-270
-276
-325
-358
-350
-335
-326
-316
-328
-338
-347
-384
-423
-437
-454
-457
-456
-427
-400
-355
-338
-312
-304
-275
-241
-217
-158
-112
-93
-80
-53
-53
-25
19
61
122
182
222
274
323
370
416
461
517
557
603
662
696
712
744
763
780
764
739
710
663
618
563
527
498
467
435
391
337
286
207
117
65
5
-64
-112
-156
-200
-251
-303
-335
-378
-384
-380
-371
-365
-367
-374
-395
-409
-430
-459
-484
-514
-533
-539
-559
-535
-512
-492
-465
-433
-425
-438
-465
-448
-416
-394
-350
-277
-245
-197
-139
-78
-5
61
170
252
344
419
487
543
578
602
617
614
615
619
622
620
606
599
590
567
495
434
365
287
209
119
39
-18
-82
-152
-202
-247
-283
-312
-336
-362
-388
-406
-433
-430
-431
-451
-448
-460
-473
-487
-513
-502
-487
-491
-488
-488
-502
-509
-509
-492
-458
-435
-401
-340
-276
-204
-137
-70
10
67
97
151
209
239
288
340
396
460
520
584
631
681
717
747
788
811
824
818
791
732
670
610
552
512
463
414
367
337
283
207
126
26
-53
-151
-212
-256
-283
-299
-310
-306
-323
-344
-344
-351
-362
-341
-331
-337
-361
-382
-411
-436
-450
-445
-429
-406
-379
-336
-315
-299
-293
-272
-222
-194
-167
-127
-93
-65
-43
-6
55
109
150
181
217
250
266
302
333
356
363
344
323
311
293
303
323
338
358
363
365
333
304
254
197
142
107
73
31
1
-28
-55
-95
-140
-184
-218
-259
-280
-296
-314
-333
-337
-345
-339
-332
-336
-318
-293
-265
-221
-196
-191
-178
-177
-198
-196
-184
-177
-171
-149
-138
-150
-138
-118
-89
-49
-4
32
68
90
91
107
115
132
175
212
243
258
284
297
279
279
287
282
265
249
225
194
170
153
135
119
119
103
108
114
104
99
102
87
53
26
-12
-54
-84
-107
-107
-109
-87
-87
-99
-90
-112
-126
-128
-134
-137
-139
-136
-119
-88
-80
-68
-40
-24
-16
0
20
16
14
17
21
14
-5
-40
-81
-97
-102
-109
-90
-66
-51
-24
1
4
20
39
44
61
59
63
68
44
36
42
30
28
-1
-1
-1
-7
-14
-4
-9
-23
-26
-27
-2
24
46
75
107
117
112
107
109
92
96
115
125
115
115
112
84
81
64
43
33
17
7
5
-8
4
21
1
-8
0
-27
-43
-43
-50
-72
-93
-122
-162
-180
-206
-221
-218
-237
-246
-253
-263
-274
-275
-266
-245
-224
-181
-133
-108
-71
-47
-14
10
56
87
116
151
156
138
130
127
125
118
132
131
119
116
122
127
140
163
186
209
234
242
248
265
270
276
257
270
244
180
160
152
138
128
105
76
53
12
-39
-89
-118
-148
-160
-175
-186
-191
-217
-228
-227
-216
-222
-222
-226
-225
-236
-249
-253
-261
-271
-267
-249
-243
-220
-182
-161
-116
-65
-11
56
101
136
169
189
191
179
156
136
114
114
95
90
93
84
78
87
77
75
86
87
100
115
131
142
169
191
206
198
188
181
163
139
123
107
73
47
-6
-36
-80
-129
-147
-152
-179
-198
-211
-227
-249
-292
-287
-294
-268
-235
-214
-203
-191
-163
-141
-104
-67
-32
-25
-32
-41
-54
-72
-71
-74
-44
-27
1
36
80
116
140
177
196
194
181
162
143
139
130
135
139
137
139
125
94
77
89
83
84
102
117
125
126
121
116
112
110
102
106
111
100
82
54
39
16
-17
-50
-85
-127
-180
-217
-241
-272
-258
-261
-228
-189
-180
-175
-148
-139
-126
-99
-85
-61
-40
-28
-21
2
25
44
52
62
69
55
54
62
54
60
63
48
43
38
41
60
72
104
133
154
148
136
131
123
127
129
135
130
125
118
122
129
144
149
142
135
124
102
89
72
43
20
-11
-18
-37
-43
-45
-61
-63
-59
-78
-98
-118
-155
-175
-200
-211
-209
-210
-204
-197
-173
-166
-154
-150
-143
-131
-133
-133
-144
-125
-110
-118
-103
-87
-101
-106
-101
-108
-117
-109
-98
-83
-59
-36
-24
8
42
80
101
100
101
87
86
89
104
118
137
135
124
136
118
125
140
131
135
145
136
121
103
83
83
53
29
9
-7
-8
-13
-5
-15
-24
-45
-64
-61
-77
-80
-83
-89
-112
-136
-152
-154
-148
-137
-112
-104
-92
-82
-83
-78
-63
-58
-51
-29
-30
3
1
3
0
-12
8
20
34
50
75
91
100
110
113
111
124
99
95
107
113
118
130
139
162
182
176
194
204
180
165
167
164
160
168
188
188
186
198
195
183
182
160
127
96
80
69
49
43
28
14
6
-20
-57
-62
-79
-119
-131
-140
-171
-177
-186
-192
-194
-208
-209
-208
-199
-178
-176
-170
-178
-198
-207
-220
-230
-219
-220
-210
-182
-185
-175
-157
-148
-146
-141
-126
-114
-103
-79
-54
-27
-2
10
22
36
37
32
31
45
64
95
141
172
200
211
211
206
194
180
168
147
120
121
120
109
93
81
72
40
17
-16
-35
-40
-57
-67
-79
-103
-127
-145
-168
-167
-165
-158
-150
-152
-154
-148
-139
-159
-158
-140
-132
-131
-118
-95
-74
-59
-42
-18
5
37
32
30
42
42
57
80
99
120
147
149
159
180
189
197
210
228
237
251
256
263
281
285
302
310
291
276
254
222
224
221
202
191
157
112
78
50
19
-11
-27
-61
-102
-117
-162
-176
-189
-197
-195
-210
-220
-248
-273
-263
-261
-258
-239
-222
-195
-169
-154
-135
-129
-122
-109
-109
-99
-97
-93
-76
-44
-25
2
26
29
39
46
61
68
70
79
81
89
100
114
132
149
158
155
163
155
160
155
137
135
119
90
61
25
-5
-22
-50
-67
-67
-89
-117
-133
-138
-151
-161
-171
-190
-209
-229
-259
-263
-259
-246
-221
-192
-180
-167
-159
-153
-126
-99
-73
-43
-25
-8
3
9
24
41
69
89
112
127
133
123
125
126
132
148
176
197
190
193
197
189
207
221
229
218
204
181
156
132
109
106
105
99
87
63
36
12
-20
-48
-53
-74
-89
-108
-134
-135
-145
-146
-140
-142
-132
-123
-131
-130
-135
-141
-131
-118
-105
-93
-91
-80
-70
-62
-36
-23
-14
-4
1
6
25
38
46
55
61
64
73
82
80
88
91
93
100
114
113
125
126
132
130
125
114
106
116
123
124
124
126
113
95
82
66
50
33
20
13
1
-20
-36
-31
-38
-46
-41
-47
-65
-70
-72
-73
-67
-67
-76
-75
-82
-80
-76
-72
-66
-60
-53
-48
-38
-45
-37
-29
-24
-24
-23
-12
-16
-14
-6
-14
-13
-1
-17
-18
-5
-3
-14
-18
-22
-25
-34
-39
-43
-38
-39
-36
-30
-27
-21
-30
-46
-54
-52
-52
-51
-41
-37
-37
-40
-45
-45
-46
-51
-59
-71
-71
-68
-72
-75
-69
-67
-72
-76
-70
-75
-84
-68
-60
-65
-47
-35
-22
-6
0
-1
11
26
33
32
34
34
18
13
19
24
36
48
58
62
69
66
54
59
66
74
80
72
65
58
52
56
53
71
87
90
83
70
65
48
45
42
35
50
54
51
62
62
68
74
73
82
81
72
64
57
54
50
49
53
70
82
94
110
114
113
104
98
84
66
52
42
48
50
49
62
57
47
30
22
13
-3
-15
-10
-26
-39
-41
-45
-45
-55
-62
-68
-85
-92
-91
-98
-96
-94
-102
-107
-121
-129
-129
-122
-115
-107
-90
-84
-82
-92
-93
-105
-111
-99
-103
-103
-104
-106
-95
-98
-91
-75
-75
-59
-45
-37
-15
-3
6
18
27
19
8
13
12
12
21
25
22
22
16
-5
3
11
7
12
16
10
-2
-9
-8
-21
-16
-14
-24
-22
-10
-14
-15
1
8
7
15
15
2
-1
3
3
7
14
19
21
38
49
45
55
51
34
34
35
44
57
63
65
71
63
53
53
56
69
68
77
80
78
76
66
64
65
66
62
57
56
59
53
56
60
58
55
49
42
31
20
8
-1
-3
-8
-15
-28
-35
-45
-51
-53
-49
-38
-31
-25
-28
-26
-29
-32
-36
-35
-35
-31
-39
-41
-36
-36
-37
-25
-18
-9
-1
-3
3
3
1
-3
3
11
20
29
37
45
43
36
30
25
12
5
2
-3
-7
0
5
-1
5
-2
-7
-9
-14
-19
-17
-16
-25
-37
-50
-59
-67
-66
-70
-77
-81
-90
-96
-98
-100
-96
-93
-87
-94
-101
-116
-122
-111
-98
-81
-74
-61
-56
-55
-45
-41
-36
-22
-11
-10
-3
4
7
18
24
38
37
34
32
32
38
42
51
71
76
81
91
89
96
109
111
116
131
126
119
104
89
85
73
72
71
63
53
47
35
33
29
24
26
32
28
19
14
2
-12
-25
-27
-36
-33
-30
-28
-28
-35
-28
-25
-19
-16
-11
-13
-14
-10
-8
-9
-3
8
2
2
5
-3
5
6
8
16
11
18
26
15
13
11
8
23
17
23
33
27
31
23
27
35
31
30
33
37
26
26
25
27
26
21
13
8
0
-18
-24
-26
-30
-40
-40
-46
-50
-49
-57
-53
-54
-48
-51
-52
-44
-47
-47
-41
-22
-17
-7
4
4
8
1
10
3
2
13
8
9
3
-2
-3
3
4
2
4
-11
-14
-24
-26
-23
-19
-16
-22
-18
-25
-31
-34
-29
-26
-25
-30
-36
-37
-48
-50
-53
-57
-54
-46
-45
-41
-45
-52
-49
-52
-48
-48
-45
-48
-49
-45
-36
-25
-18
0
8
9
2
-4
-1
5
13
23
35
46
47
43
53
53
58
64
72
77
71
67
64
63
59
68
71
68
65
62
59
62
60
57
56
50
43
38
22
15
6
-7
-8
-13
-15
-24
-22
-22
-30
-27
-26
-28
-24
-30
-28
-25
-24
-25
-21
-25
-30
-26
-31
-28
-18
-6
-4
0
7
11
12
14
14
13
23
28
29
24
23
25
20
27
36
38
44
42
37
38
37
35
39
40
41
42
43
42
38
36
25
21
17
3
-13
-18
-21
-23
-24
-20
-23
-27
-34
-41
-42
-43
-42
-43
-46
-50
-49
-58
-59
-58
-51
-40
-38
-38
-40
-37
-41
-31
-25
-22
-17
-16
-15
-10
-8
-7
-5
0
-3
-6
-5
-7
-2
4
17
25
32
29
21
21
18
14
10
5
6
0
1
-1
-5
-5
-11
-10
-8
-4
-5
-10
-16
-23
-31
-32
-32
-26
-20
-11
-13
-14
-14
-21
-24
-31
-38
-41
-43
-42
-39
-38
-27
-21
-16
-7
2
2
8
17
13
21
31
36
41
47
53
53
50
50
48
44
49
55
56
52
50
56
50
50
50
40
40
32
28
30
28
24
24
23
11
12
8
2
2
4
9
5
-2
-7
-11
-18
-22
-26
-31
-34
-38
-42
-41
-35
-33
-31
-27
-31
-37
-43
-44
-39
-31
-25
-23
-18
-12
-14
-13
-5
6
10
13
21
20
29
35
42
51
54
61
58
58
60
53
54
53
50
52
52
43
40
33
25
27
22
22
20
12
9
0
-9
-16
-19
-15
-8
-11
-12
-12
-24
-33
-39
-49
-62
-69
-72
-78
-78
-75
-68
-67
-57
-54
-62
-58
-57
-63
-59
-54
-55
-52
-47
-46
-40
-34
-29
-23
-17
-16
-13
-11
-5
-5
2
5
5
11
16
18
19
30
31
34
37
35
31
30
31
29
27
32
31
25
26
22
22
18
14
11
5
0
-1
2
7
5
13
15
15
14
10
8
1
-1
-4
-4
0
0
-1
-6
-5
-4
-4
7
11
17
15
11
8
4
-2
-3
4
6
13
16
19
21
21
26
22
22
20
14
12
9
9
7
4
3
3
0
2
4
1
5
14
18
23
19
13
8
2
1
-1
3
13
14
13
18
9
5
3
4
7
8
8
7
7
7
9
7
5
-1
-2
-2
-1
1
1
-2
-2
-3
-5
-11
-17
-19
-29
-29
-30
-30
-28
-27
-29
-25
-24
-22
-21
-20
-19
-23
-20
-20
-18
-18
-18
-18
-24
-25
-28
-25
-29
-32
-29
-31
-29
-32
-25
-16
-13
-11
-5
-4
-9
-9
-6
-7
-8
-3
1
4
4
9
7
5
5
2
1
3
10
12
16
21
17
14
14
13
16
17
17
20
24
22
18
17
18
21
21
21
18
16
17
16
16
23
28
25
19
17
11
2
-1
-2
1
5
9
12
11
13
13
14
13
11
9
0
-4
-4
-4
-4
-4
-1
-1
-1
3
3
5
8
10
8
5
3
3
5
3
4
5
6
1
6
4
-1
-1
-2
-3
-7
-5
-8
-11
-9
-4
-4
0
5
8
8
5
0
-3
-4
-7
-3
1
-1
-4
-4
-10
-8
-9
-11
-13
-12
-15
-16
-18
-17
-16
-13
-9
-10
-8
-7
-10
-11
-12
-13
-9
-10
-12
-9
-5
-4
0
0
3
4
1
3
-2
-4
-1
-3
2
3
5
3
3
0
-2
1
0
4
4
3
-1
-3
-5
-11
-13
-8
-13
-18
-16
-18
-19
-18
-18
-16
-14
-14
-14
-14
-15
-13
-11
-8
-4
-3
-3
-1
1
2
6
7
8
12
11
11
10
10
4
4
5
6
8
11
16
19
22
21
20
18
18
18
19
17
18
23
25
29
30
32
31
28
23
19
12
7
3
0
-2
1
3
-1
0
-3
-6
-7
-9
-9
-8
-11
-13
-15
-16
-18
-13
-11
-11
-10
-10
-10
-13
-14
-14
-13
-14
-13
-16
-15
-14
-15
-9
-3
0
-2
-3
-6
-8
-5
-8
-6
-5
-3
0
-2
5
5
5
7
10
9
8
6
3
0
-1
-1
4
8
9
7
9
3
-4
-4
-6
-6
-4
-7
-10
-13
-10
-9
-8
-4
-1
1
3
3
-2
1
1
-1
4
3
2
0
-1
-1
0
2
3
6
3
2
3
4
6
7
12
14
14
14
16
18
18
20
18
19
19
17
14
14
15
13
11
10
6
2
-2
-3
-1
-2
0
1
-1
-1
-5
-4
-1
3
-1
-1
1
-4
-3
0
-5
-3
-5
-8
-13
-13
-13
-14
-11
-11
-10
-8
-6
-9
-9
-8
-6
-2
3
3
6
7
6
7
6
8
9
8
12
10
9
6
0
-4
-7
-8
-10
-10
-10
-8
-9
-9
-7
-3
0
4
5
7
4
-1
-3
-8
-11
-11
-9
-8
-6
-3
-4
-9
-11
-15
-19
-21
-24
-26
-24
-24
-24
-18
-20
-19
-17
-17
-17
-15
-13
-11
-9
-10
-8
-7
-8
-11
-10
-10
-8
-4
-1
4
4
4
3
-1
0
-1
-2
4
10
15
21
23
21
23
20
16
12
12
14
16
19
21
24
22
22
21
19
17
15
15
11
12
11
9
9
9
8
10
12
12
16
16
17
14
12
7
0
2
0
2
2
6
8
9
12
16
18
15
11
5
0
-1
-1
-3
2
-1
0
3
-2
-2
-2
-2
-1
4
8
8
9
8
7
4
3
5
5
1
1
-1
-5
-5
-7
-7
-6
-8
-10
-11
-11
-15
-17
-15
-15
-15
-15
-16
-17
-14
-14
-12
-9
-4
-3
-4
-4
-5
-10
-9
-10
-12
-10
-14
-14
-12
-13
-9
-6
-6
-6
-7
-6
-5
-4
-1
-1
1
2
3
0
-1
-4
-7
-6
-6
-7
-7
-8
-10
-11
-11
-12
-10
-11
-15
-15
-16
-17
-16
-15
-12
-10
-8
-6
-6
-7
-8
-8
-8
-9
-10
-9
-10
-9
-8
-6
-6
-5
-5
-4
-3
-2
1
3
6
10
12
12
12
13
14
17
19
22
22
22
21
20
20
19
20
21
19
17
15
14
13
13
13
12
12
9
7
7
6
7
11
12
10
11
10
7
5
7
6
7
7
5
5
3
2
1
0
2
2
3
3
2
0
2
2
-1
3
1
1
0
2
4
6
10
9
7
7
5
3
1
0
0
0
0
4
9
12
14
14
10
6
4
-1
-1
-1
-1
-1
-1
0
1
1
3
7
7
10
10
7
3
-1
-2
-4
-4
-2
-4
-7
-9
-13
-16
-17
-15
-16
-13
-12
-15
-18
-19
-23
-22
-20
-20
-20
-18
-21
-23
-22
-25
-25
-26
-24
-27
-27
-26
-27
-26
-26
-24
-23
-24
-24
-24
-23
-23
-20
-12
-9
-7
-5
-4
-4
-5
0
6
6
11
14
10
12
11
11
12
12
14
15
15
19
19
21
22
22
26
27
27
26
25
25
25
23
23
23
21
23
24
22
24
23
24
26
24
22
20
17
16
16
17
18
21
19
16
11
7
4
4
5
5
6
5
6
6
8
8
8
6
5
2
-1
-2
-1
2
1
1
0
-1
-2
-2
-4
-3
0
-3
-1
-4
-8
-9
-12
-15
-15
-11
-13
-13
-10
-13
-14
-18
-19
-21
-22
-24
-25
-28
-27
-28
-27
-24
-24
-24
-23
-23
-22
-22
-21
-18
-19
-17
-18
-20
-18
-17
-18
-14
-14
-14
-15
-15
-16
-15
-16
-14
-10
-12
-15
-13
-14
-12
-9
-5
-3
-4
-3
-4
-6
-5
-4
-3
0
2
4
7
6
6
6
7
6
4
5
3
0
0
3
0
2
5
6
9
8
9
8
7
6
4
5
4
4
7
11
12
14
13
14
12
11
11
14
15
15
17
15
17
18
15
14
13
13
15
18
22
25
25
29
28
26
25
23
23
25
26
27
29
30
31
29
27
27
24
24
24
22
20
22
20
19
19
20
19
18
19
19
20
21
19
16
15
9
3
1
-1
-4
0
-2
-3
-3
-6
-8
-10
-10
-14
-14
-15
-18
-19
-21
-21
-23
-22
-22
-23
-25
-27
-28
-30
-31
-32
-32
-34
-34
-34
-33
-32
-30
-32
-33
-35
-38
-39
-39
-38
-34
-33
-29
-25
-25
-22
-20
-19
-18
-19
-18
-19
-18
-18
-19
-20
-20
-17
-14
-12
-12
-11
-10
-8
-9
-8
-3
-3
-3
-3
-4
-5
-4
-3
-1
2
6
6
4
3
-1
-2
0
2
3
6
7
4
4
2
1
4
5
4
4
4
2
4
4
7
9
12
13
12
13
15
16
17
22
22
21
21
20
19
18
19
20
21
22
26
24
25
22
20
20
22
25
26
30
32
34
34
30
30
30
27
26
25
26
23
25
24
25
26
22
21
18
15
16
16
14
17
13
11
13
6
4
3
4
5
5
6
5
5
3
4
2
1
2
0
1
-2
-3
-2
-2
-7
-7
-8
-12
-11
-12
-13
-12
-12
-12
-10
-9
-15
-17
-17
-16
-18
-19
-19
-20
-20
-19
-19
-20
-20
-24
-22
-20
-21
-24
-26
-26
-28
-27
-28
-25
-25
-22
-21
-21
-22
-24
-23
-22
-24
-26
-22
-22
-21
-19
-16
-14
-13
-13
-14
-14
-16
-17
-17
-12
-9
-6
-5
-7
-6
-8
-9
-9
-7
-6
-6
-5
-3
-6
-7
-8
-7
-5
-4
-2
-2
-5
-6
-8
-12
-12
-12
-12
-9
-11
-10
-7
-6
-4
-1
-1
-1
-2
-4
-4
-3
1
3
8
10
9
9
9
13
15
18
20
22
23
26
24
25
25
27
28
32
35
33
34
32
31
33
36
37
37
38
39
37
37
39
39
37
36
33
31
28
27
28
30
30
30
26
23
21
19
18
16
17
16
12
9
7
4
3
3
2
0
1
0
-1
-2
-2
-1
-2
-3
-4
-5
-8
-7
-10
-10
-8
-10
-11
-10
-13
-15
-16
-16
-16
-17
-16
-16
-16
-18
-20
-22
-24
-25
-24
-25
-23
-25
-28
-29
-30
-29
-29
-31
-29
-27
-27
-27
-29
-28
-29
-29
-27
-27
-27
-25
-25
-23
-22
-22
-23
-22
-20
-18
-18
-18
-15
-18
-18
-13
-14
-15
-12
-12
-11
-6
-5
-1
3
4
3
2
2
3
6
9
12
13
12
13
15
14
16
16
14
13
12
9
11
11
10
12
14
13
14
15
15
16
17
16
17
16
14
13
13
13
17
17
19
22
22
23
22
21
19
19
18
17
16
17
17
18
19
17
18
20
17
17
15
13
11
10
9
7
6
7
8
10
10
11
10
9
5
4
2
0
-2
-4
-5
-7
-7
-9
-9
-9
-8
-9
-9
-11
-11
-12
-11
-9
-12
-12
-12
-15
-16
-16
-15
-13
-13
-12
-12
-12
-13
-11
-8
-7
-7
-7
-8
-9
-8
-9
-6
-7
-7
-10
-11
-9
-9
-9
-9
-7
-8
-9
-8
-10
-10
-8
-7
-5
-3
-4
-5
-7
-9
-7
-6
-6
-6
-6
-7
-7
-8
-9
-9
-6
-5
-2
-2
-3
-2
-2
-1
1
6
5
3
0
2
1
1
3
5
5
4
4
2
1
2
3
5
7
6
5
3
1
4
6
8
10
9
7
6
4
3
6
8
11
13
11
10
8
6
5
6
5
7
7
7
6
7
10
9
11
12
14
13
9
8
8
8
7
9
9
8
6
5
4
5
8
9
6
6
3
1
2
0
1
5
2
2
1
-1
-2
-3
-6
-4
-6
-8
-7
-7
-8
-8
-10
-10
-8
-7
-5
-5
-5
-6
-6
-6
-9
-10
-12
-11
-11
-11
-9
-9
-7
-7
-6
-6
-6
-7
-7
-8
-7
-6
-5
-3
-3
-2
-2
-2
-3
-2
0
2
4
5
5
3
3
-1
-2
-1
-2
-2
-2
-3
-4
-6
-7
-6
-4
-2
-1
-1
1
1
1
3
3
3
3
2
2
2
0
1
2
4
5
5
6
6
5
5
7
7
7
7
7
8
6
5
6
7
7
8
7
4
1
-1
0
1
-1
0
-1
-3
-5
-6
-2
-2
-2
-1
-2
-2
-4
-6
-5
-5
-5
-7
-9
-9
-10
-14
-12
-11
-11
-9
-9
-9
-8
-8
-8
-7
-8
-7
-8
-9
-8
-7
-5
-2
-1
-1
0
-1
0
0
2
3
5
6
7
7
5
8
9
10
12
12
9
7
6
5
3
3
4
3
5
5
7
7
10
11
11
9
8
4
2
3
4
5
7
9
11
11
8
8
8
7
8
9
10
8
9
7
7
6
6
6
3
4
3
4
3
4
4
3
5
3
2
6
5
5
4
4
4
4
3
0
-2
-1
-1
-3
-2
-2
-1
0
-1
-3
-3
-5
-6
-7
-6
-7
-7
-7
-7
-10
-8
-10
-11
-11
-11
-11
-14
-14
-15
-15
-17
-15
-15
-12
-11
-12
-12
-11
-12
-13
-10
-8
-9
-6
-8
-8
-8
-8
-5
-5
-7
-8
-10
-10
-9
-8
-4
-3
-3
-3
-3
-4
-3
-3
-1
0
1
4
2
2
2
1
2
5
4
3
4
2
1
1
2
3
2
2
2
2
4
5
6
8
10
10
9
10
8
6
6
6
6
8
9
10
11
10
10
10
11
10
11
12
11
10
9
8
9
11
10
11
9
12
9
9
10
8
6
6
3
3
3
2
3
2
0
-1
-2
-3
-1
-2
-1
-1
-2
-1
-3
-4
-6
-8
-11
-10
-10
-9
-8
-6
-5
-6
-6
-5
-8
-8
-10
-10
-8
-8
-10
-8
-8
-10
-8
-6
-3
0
1
0
-1
-3
-5
-4
-4
-3
-4
-2
-1
-2
0
1
1
-1
0
-1
-1
1
-1
-3
-2
-3
-3
-3
-3
-4
-4
-3
-2
-3
-4
-4
-4
-4
-4
-2
-3
-2
-5
-5
-4
-2
-1
0
0
2
2
1
1
1
5
5
7
5
6
5
5
4
6
8
11
12
12
13
11
10
11
11
11
10
10
8
9
8
7
6
7
7
7
5
5
3
1
3
4
4
4
2
0
-2
-2
0
0
0
1
1
-1
-2
-2
-1
-2
-3
-3
-6
-7
-7
-4
-4
-2
0
1
1
1
1
0
2
2
0
0
-1
-4
-5
-4
-6
-5
-4
-4
-3
-4
-4
-3
-4
-5
-6
-8
-9
-8
-10
-9
-9
-8
-8
-8
-6
-7
-7
-8
-7
-8
-8
-9
-8
-7
-8
-7
-8
-6
-8
-7
-6
-6
-5
-4
-4
-2
-1
-1
-3
-1
-2
-2
-1
1
3
2
3
0
0
1
0
2
3
4
2
3
5
3
5
7
6
5
6
5
5
6
7
6
6
5
6
6
8
10
9
11
10
8
8
7
5
5
5
5
6
6
5
5
5
5
6
6
7
6
5
5
4
3
2
1
4
5
3
3
3
3
2
3
3
3
3
3
3
0
0
0
0
-1
0
-1
-1
-2
-1
0
1
1
-1
-1
-1
-1
0
1
1
1
-2
-3
-3
-5
-7
-8
-6
-4
-4
-4
-5
-7
-7
-9
-10
-11
-9
-8
-8
-7
-6
-5
-5
-6
-5
-5
-5
-6
-5
-6
-5
-6
-6
-5
-6
-6
-7
-8
-7
-7
-5
-4
-4
-5
-4
-1
1
1
3
4
3
1
2
3
2
2
2
2
3
3
3
5
4
3
3
2
1
0
-3
-3
-2
-1
0
2
3
4
6
4
3
4
1
2
1
2
2
1
1
0
1
1
3
3
2
3
2
0
1
1
2
4
6
8
8
8
8
6
6
7
8
9
8
9
10
10
9
11
12
12
10
11
10
8
7
6
5
3
4
3
4
4
5
5
4
2
1
-1
-3
-5
-5
-5
-4
-3
-5
-4
-2
-5
-6
-7
-10
-10
-12
-10
-12
-12
-12
-12
-14
-13
-14
-14
-12
-10
-9
-10
-8
-9
-10
-9
-7
-6
-7
-6
-6
-7
-6
-7
-5
-5
-4
-4
-6
-4
-4
-4
-5
-3
-3
-2
-2
-1
0
1
0
-1
0
0
-2
0
1
2
3
1
1
1
0
0
1
2
1
3
4
3
3
3
4
3
5
3
4
2
4
4
4
4
3
4
4
4
3
1
1
1
2
3
2
3
3
3
5
4
5
4
3
1
1
2
1
3
4
4
5
5
3
3
2
2
2
5
5
7
9
10
8
9
10
8
8
7
8
6
6
5
6
6
6
7
7
8
7
8
8
9
10
7
7
5
5
2
2
2
2
3
3
3
3
3
3
1
1
1
1
1
0
-1
-2
-2
-3
-2
-2
-4
-5
-5
-5
-3
-3
-5
-5
-5
-8
-9
-10
-10
-10
-10
-9
-9
-11
-10
-11
-9
-10
-8
-8
-10
-10
-10
-10
-9
-10
-9
-8
-10
-10
-10
-11
-11
-10
-10
-9
-8
-8
-7
-7
-8
-8
-6
-5
-5
-7
-6
-5
-7
-4
-3
-3
-3
-3
-3
-3
-4
-6
-9
-7
-7
-8
-6
-5
-4
-3
-2
-1
1
0
-2
-5
-5
-5
-3
-3
-2
-2
-1
1
0
2
2
1
2
2
3
5
5
5
7
6
7
9
9
9
10
11
11
10
10
10
11
11
12
14
15
14
15
15
15
15
16
17
17
18
18
17
18
15
16
15
15
14
13
14
14
14
13
11
11
12
12
12
13
12
12
12
10
10
9
8
7
7
7
6
5
3
2
1
0
-1
-3
-3
-2
-2
-3
-3
-6
-8
-9
-10
-11
-12
-13
-15
-14
-14
-13
-13
-13
-13
-16
-15
-16
-17
-16
-17
-18
-16
-13
-14
-13
-11
-11
-10
-11
-10
-11
-10
-12
-13
-13
-13
-12
-10
-7
-7
-6
-6
-8
-8
-8
-9
-8
-7
-8
-9
-9
-8
-9
-7
-4
-3
-3
-3
-6
-6
-7
-7
-8
-7
-8
-8
-7
-7
-8
-6
-5
-3
-1
-1
-2
-2
-3
-3
-1
0
2
3
4
5
5
5
7
7
6
6
6
7
5
7
9
10
13
15
16
14
12
11
10
10
12
14
15
14
15
14
11
11
12
9
8
9
8
7
8
9
12
12
13
11
12
11
9
9
9
9
9
10
10
9
8
10
9
10
10
10
9
8
8
7
5
4
5
5
5
5
5
4
3
3
2
1
1
0
-2
-3
-5
-6
-6
-5
-5
-7
-8
-10
-10
-12
-11
-10
-10
-9
-10
-10
-11
-12
-12
-11
-9
-10
-10
-12
-13
-13
-13
-14
-12
-11
-9
-8
-8
-7
-9
-8
-7
-7
-8
-7
-8
-8
-7
-6
-5
-4
-2
-1
-3
-5
-6
-7
-7
-7
-7
-7
-5
-4
-5
-5
-5
-5
-5
-6
-7
-7
-7
-6
-5
-4
-3
-3
-3
-3
-3
-1
-1
-1
-2
-2
-2
-1
-2
-2
0
1
3
4
5
6
8
6
6
5
5
5
6
6
6
6
6
8
7
8
7
7
7
6
5
6
7
7
7
8
9
9
9
9
9
10
12
12
13
14
13
11
11
10
9
9
11
9
11
11
10
9
9
8
10
9
10
9
9
8
8
9
8
6
6
7
4
5
5
5
4
4
3
1
2
1
2
1
0
0
-1
-1
-2
-2
-1
-3
-4
-4
-5
-5
-6
-10
-9
-10
-10
-10
-12
-11
-10
-10
-10
-11
-9
-9
-10
-11
-11
-11
-12
-10
-10
-11
-9
-12
-13
-15
-15
-17
-17
-15
-14
-13
-12
-13
-12
-11
-12
-11
-9
-10
-8
-7
-7
-7
-6
-6
-8
-6
-5
-5
-5
-4
-4
-2
-2
-2
-1
-2
-2
-1
-1
0
2
2
2
3
4
5
3
2
0
1
2
1
4
7
6
5
5
5
5
6
7
9
10
10
8
8
9
8
8
8
8
8
8
6
8
8
6
6
7
6
6
7
8
5
6
7
6
4
7
6
4
5
6
5
5
6
5
3
3
0
0
0
1
0
0
1
2
1
2
1
0
2
3
3
4
5
3
2
2
-1
0
-1
-1
-1
2
2
4
4
3
2
1
1
-1
1
2
3
6
5
3
3
4
3
1
3
3
3
3
2
1
1
1
0
1
1
1
0
1
1
2
2
3
4
4
5
4
3
5
5
6
4
2
0
-2
-4
-5
-4
-4
-3
-3
-2
-4
-5
-7
-9
-10
-8
-8
-9
-9
-8
-9
-10
-12
-12
-13
-13
-14
-14
-14
-14
-14
-15
-16
-16
-16
-16
-15
-14
-14
-15
-13
-15
-14
-15
-14
-14
-12
-12
-11
-9
-7
-6
-6
-7
-6
-6
-5
-3
-2
-1
1
0
1
0
1
2
3
4
6
6
8
8
10
10
11
11
11
12
11
13
12
11
11
14
11
12
12
11
11
13
11
12
13
13
12
12
11
9
8
9
12
12
13
11
10
9
8
7
8
8
8
7
8
8
9
9
10
10
9
7
7
6
4
5
5
6
6
6
6
5
4
4
2
2
1
-2
-1
1
2
1
2
0
-1
-3
-6
-6
-5
-7
-8
-8
-10
-10
-12
-14
-12
-12
-12
-11
-11
-13
-16
-17
-17
-15
-13
-12
-11
-10
-11
-12
-12
-14
-14
-13
-14
-13
-13
-13
-12
-11
-9
-8
-7
-6
-7
-8
-8
-7
-6
-4
-4
-2
-1
-1
-2
0
1
1
1
3
4
2
3
3
4
5
6
6
6
8
8
7
8
6
7
8
8
12
12
12
12
12
12
13
12
13
11
8
10
9
7
8
9
8
9
8
5
6
7
6
5
6
7
7
7
6
5
4
5
4
4
3
3
2
-1
0
-3
-1
0
0
1
1
0
1
1
0
1
0
0
-1
-2
-2
-3
-2
-2
-2
-1
-2
-3
-5
-6
-6
-7
-4
-3
-3
-2
-3
-4
-3
-4
-4
-4
-3
-3
-5
-5
-7
-8
-8
-8
-9
-8
-9
-6
-6
-3
-4
-4
-3
-4
-6
-6
-5
-5
-5
-5
-4
-4
-5
-6
-5
-4
-5
-4
-4
-6
-9
-9
-9
-10
-8
-7
-8
-6
-4
-5
-5
-4
-5
-5
-6
-5
-5
-5
-4
-3
-1
-1
1
1
0
-1
-1
-2
-1
0
1
3
4
5
5
7
8
8
8
10
9
8
8
8
6
7
8
8
8
10
11
10
11
11
10
10
9
9
9
9
10
8
9
10
8
8
8
6
6
5
4
2
1
-1
0
2
4
4
4
3
2
1
2
2
1
1
2
1
1
0
2
2
1
0
-1
1
0
0
1
3
2
4
3
4
2
0
0
0
0
-1
-2
-2
-3
-4
-2
-3
-3
-4
-3
-5
-6
-8
-8
-8
-7
-6
-7
-7
-8
-8
-8
-7
-7
-7
-7
-7
-5
-7
-7
-5
-5
-7
-7
-6
-8
-8
-9
-11
-11
-8
-7
-7
-6
-5
-5
-4
-1
-2
-2
-2
-3
-4
-4
-3
-1
2
2
3
4
4
5
5
4
4
2
3
4
4
3
3
3
5
5
5
5
8
8
6
6
5
4
4
5
3
2
3
2
3
4
3
3
1
2
1
1
1
1
1
0
1
0
0
0
1
2
2
4
4
4
4
4
2
1
1
1
2
3
5
6
6
6
6
7
6
7
6
5
6
4
3
4
4
6
7
7
6
6
6
5
5
5
3
4
5
3
4
3
3
3
2
2
-1
-3
-5
-7
-8
-8
-8
-6
-7
-6
-6
-8
-8
-7
-6
-6
-6
-7
-7
-6
-7
-8
-7
-8
-9
-8
-9
-8
-7
-8
-8
-8
-7
-6
-7
-9
-8
-6
-7
-6
-7
-6
-6
-6
-5
-4
-6
-4
-6
-6
-5
-5
-3
-4
-5
-5
-6
-7
-6
-4
-2
-1
-1
-2
-3
-4
-5
-4
-4
-3
-3
-3
-2
-3
-1
0
2
2
2
2
2
2
2
4
5
6
5
7
6
6
5
6
6
7
9
10
10
10
10
9
9
9
9
10
11
12
12
13
12
12
11
12
12
11
11
10
10
9
9
8
8
9
8
7
9
9
8
7
8
6
7
7
6
5
5
6
5
6
7
8
8
9
9
9
8
8
7
5
3
1
1
1
1
0
1
0
-1
0
-1
-3
-3
-4
-5
-4
-6
-6
-6
-7
-7
-7
-9
-10
-11
-12
-12
-13
-15
-17
-19
-19
-21
-20
-20
-19
-20
-20
-19
-21
-19
-17
-20
-17
-18
-19
-20
-19
-19
-20
-18
-18
-17
-16
-16
-14
-13
-11
-11
-10
-10
-9
-9
-7
-6
-5
-4
-2
-1
0
1
1
2
3
5
5
7
8
6
7
9
9
10
11
11
11
10
10
10
9
8
7
9
9
9
10
11
12
11
12
12
12
11
12
13
12
14
11
12
12
9
9
10
10
10
12
12
10
11
9
10
11
11
11
12
12
11
11
11
11
12
12
11
12
12
13
12
13
13
13
13
13
11
8
10
10
9
8
10
7
6
5
3
1
3
3
2
4
2
2
1
-2
-3
-6
-6
-7
-8
-7
-9
-10
-10
-8
-9
-9
-12
-13
-14
-15
-17
-17
-18
-17
-18
-17
-17
-18
-17
-18
-18
-16
-17
-20
-19
-21
-21
-21
-20
-18
-16
-15
-16
-16
-16
-17
-16
-17
-14
-14
-13
-11
-11
-9
-9
-8
-7
-6
-7
-7
-7
-8
-7
-6
-4
-4
-3
-3
-3
-3
-2
-2
0
1
1
2
3
1
2
2
3
5
6
8
7
7
8
8
9
8
10
9
8
9
9
9
10
10
10
9
9
9
10
10
12
12
13
14
14
13
13
13
12
12
12
14
16
15
15
15
14
12
13
13
14
14
14
13
14
12
10
11
13
12
13
14
12
14
11
8
7
7
7
6
7
6
6
5
5
6
4
3
2
0
0
-1
-2
-1
0
-1
-1
-2
-4
-5
-7
-6
-5
-7
-7
-6
-7
-6
-9
-9
-7
-7
-8
-7
-9
-10
-11
-11
-11
-12
-11
-11
-11
-10
-11
-9
-8
-8
-10
-8
-9
-10
-8
-10
-10
-10
-10
-10
-8
-8
-9
-11
-9
-11
-11
-11
-10
-11
-10
-11
-11
-13
-13
-12
-12
-12
-11
-11
-11
-11
-10
-11
-11
-10
-11
-11
-10
-9
-7
-6
-5
-4
-5
-5
-3
-4
-3
-3
-3
-3
-3
-4
-2
0
2
3
4
7
6
6
7
7
9
9
9
10
9
11
11
13
14
14
14
13
14
13
10
11
11
12
13
14
17
18
17
16
16
15
13
13
12
12
14
14
14
14
13
14
13
12
11
11
10
10
10
9
8
10
10
8
10
9
9
7
6
6
7
4
5
4
2
3
1
1
0
-3
-5
-6
-6
-8
-9
-8
-8
-8
-9
-8
-11
-12
-11
-11
-12
-9
-10
-10
-9
-8
-8
-8
-8
-8
-8
-9
-8
-11
-8
-7
-8
-6
-6
-6
-6
-5
-4
-3
-1
-3
-2
-3
-4
-4
-2
-1
-1
-1
0
-2
-2
-2
-3
-4
-4
-5
-6
-7
-8
-9
-8
-10
-10
-9
-11
-10
-10
-11
-11
-12
-12
-13
-13
-11
-10
-9
-8
-6
-7
-6
-5
-6
-7
-8
-8
-8
-6
-5
-2
0
1
1
0
2
2
3
4
5
7
7
6
7
9
9
9
12
11
12
12
12
11
12
12
10
11
10
10
11
11
12
12
11
12
10
13
13
13
14
14
13
13
12
12
12
11
11
11
11
11
11
11
10
10
8
8
8
8
9
8
8
6
6
4
3
1
2
1
0
1
0
-1
-2
-3
-4
-5
-6
-5
-7
-8
-8
-9
-10
-9
-9
-10
-10
-9
-7
-9
-9
-7
-8
-8
-8
-8
-8
-8
-8
-6
-5
-5
-4
-4
-4
-5
-4
-4
-3
-2
-1
-2
-1
-1
-2
-2
-2
-2
-3
-3
-4
-5
-5
-5
-5
-4
-7
-8
-10
-10
-9
-9
-7
-7
-7
-7
-6
-7
-7
-8
-9
-9
-10
-9
-9
-8
-8
-8
-7
-6
-5
-6
-5
-5
-4
-4
-3
-4
-4
-3
-4
-2
-1
-1
0
2
1
1
1
1
0
2
3
4
6
8
9
8
9
8
8
9
11
10
10
10
9
11
13
13
15
15
13
13
12
11
12
11
12
11
11
11
9
9
9
8
8
8
8
6
6
4
3
2
1
1
2
2
2
2
2
1
1
0
0
0
-3
-5
-6
-6
-6
-6
-6
-5
-4
-4
-4
-4
-6
-6
-6
-7
-5
-6
-7
-8
-7
-6
-5
-4
-4
-3
-5
-6
-6
-8
-6
-4
-5
-3
-2
-3
-2
-2
-3
-4
-4
-3
-2
-1
-1
-2
-2
-1
-1
0
-1
-1
-1
-2
-2
0
0
0
3
4
6
6
6
5
5
6
6
7
8
7
5
5
4
4
5
7
7
7
7
5
4
3
3
4
3
4
2
2
1
2
1
1
0
-1
-2
-2
-2
-2
-1
-1
-1
0
0
-1
-2
-2
-1
-1
-1
0
1
0
-1
-2
-3
-3
-4
-3
-3
-2
-3
-3
-4
-2
-2
-2
-1
-1
-1
-1
0
-1
-1
-1
-1
-1
0
0
-2
-2
0
-1
-2
-1
-3
-3
-3
-5
-4
-5
-4
-5
-5
-5
-6
-7
-5
-5
-4
-3
-3
-3
-3
-5
-5
-5
-5
-5
-4
-1
-3
-2
0
-2
-2
-2
-3
-4
-4
-5
-5
-4
-5
-2
-1
-1
-1
1
2
1
2
2
1
1
0
0
0
1
2
2
2
3
3
4
4
4
2
3
2
2
2
4
5
5
6
5
4
4
4
4
5
4
3
4
3
3
4
5
5
5
6
5
4
5
3
3
4
4
4
5
3
2
1
1
0
0
0
0
-3
-3
-3
-3
-3
-2
-2
0
2
0
1
0
-1
-3
-3
-4
-5
-4
-3
-4
-3
-3
-3
-2
-3
-1
1
2
2
4
3
5
5
5
5
4
3
2
1
1
0
2
1
2
2
2
1
1
1
0
1
3
3
3
3
3
3
4
4
4
4
4
4
3
2
0
0
-2
-2
-2
0
1
1
2
2
1
1
2
1
1
1
0
-1
0
-1
0
0
0
0
0
0
-1
-1
-2
-3
-3
-3
-4
-3
-2
-2
-2
-1
-2
-2
-2
-3
-2
-3
-4
-4
-4
-5
-4
-3
-4
-3
-3
-4
-6
-6
-5
-7
-8
-8
-7
-6
-6
-4
-1
-2
-3
-2
-3
-6
-6
-8
-7
-7
-6
-4
-4
-4
-2
-4
-3
-2
-2
-2
-2
0
-1
-2
0
0
1
3
2
2
3
2
2
3
2
3
2
3
3
3
3
2
4
4
3
3
3
2
3
3
4
4
4
4
3
2
3
4
3
4
4
2
2
2
1
2
1
2
4
3
3
1
1
-1
-1
-1
0
-1
-1
0
0
1
1
3
0
-1
-2
-4
-6
-5
-3
-1
-1
