SAMPLES:	25160
BITSPERSAMPLE:	16
CHANNELS:	1
SAMPLERATE:	16000
NORMALIZED:	FALSE
2
5
13
13
11
11
8
7
5
2
4
3
-3
1
7
4
6
9
10
6
1
1
1
-4
-5
-9
-12
-11
-12
-12
-7
-2
0
2
-2
-1
-5
-9
-12
-8
-10
-5
-1
-5
-1
4
5
6
11
12
5
4
-1
-7
-6
-5
-1
1
0
2
1
2
7
3
7
4
0
-1
-2
-6
-3
-3
-10
-8
-9
-9
-5
-6
-4
-5
-9
-7
-8
-9
-10
-9
-12
-14
-14
-15
-14
-12
-11
-8
-6
-5
1
3
0
-2
-3
0
-3
-1
2
2
4
2
4
4
10
10
11
11
11
9
5
3
8
7
4
3
0
3
2
1
4
4
4
9
10
6
9
9
8
1
2
-1
-6
-5
-6
-6
-1
5
5
6
8
5
-1
-1
-3
-2
-2
-1
0
-1
2
3
6
9
9
10
7
6
6
6
9
6
-1
-1
-1
-2
6
6
10
9
10
7
8
7
3
2
-3
-5
-6
-5
-4
-2
-3
5
7
9
15
15
7
9
8
4
3
2
2
-6
-6
-11
-13
-6
-1
7
9
8
7
3
-4
-3
-5
2
-1
-1
-2
-10
-14
-11
-6
-7
1
0
-6
-8
-14
-16
-16
-13
-12
-11
-11
-15
-16
-17
-18
-15
-15
-17
-18
-21
-22
-18
-14
-12
-8
-12
-13
-14
-16
-14
-18
-19
-13
-10
-8
-2
-4
-5
-7
-3
0
5
8
8
8
3
3
1
2
6
9
8
12
12
8
7
2
3
4
2
2
0
-1
0
-4
-9
-6
-5
-5
0
5
7
11
11
13
9
7
7
5
3
8
11
11
15
11
12
19
19
16
25
20
14
17
17
18
23
28
23
24
18
15
16
13
15
20
25
29
26
24
19
14
15
6
3
1
1
5
7
8
7
2
-2
-5
-5
-8
-10
-12
-13
-11
-13
-16
-19
-19
-17
-15
-12
-11
-9
-11
-11
-9
-9
-10
-9
-9
-11
-7
-8
-5
0
-1
3
2
-5
-9
-11
-10
-13
-3
1
0
-2
-3
-10
-9
-12
-12
-4
-7
-7
-6
-5
-7
-10
-10
-6
-10
-9
-8
-10
-9
-9
-7
-6
-7
-8
-9
-7
-6
-8
-5
-4
-5
-11
-13
-12
-10
-9
-8
-2
3
4
11
9
7
8
5
4
5
3
-2
-6
-11
-6
-3
-4
-2
-3
-3
-2
-2
0
5
3
-1
-4
-6
-4
1
-1
1
3
-4
-3
0
-4
-6
-6
-4
1
1
6
13
14
19
19
12
13
15
10
13
15
15
19
16
22
21
20
12
14
13
14
15
13
15
12
8
13
12
13
16
11
8
2
2
4
1
5
3
-1
-8
-14
-11
-6
0
-2
-3
-3
-7
-10
-11
-11
-5
-7
-5
1
-1
-5
-7
-11
-11
-9
-7
-2
-3
-3
-2
-5
-4
1
0
-1
3
-2
-1
4
4
5
8
10
6
4
4
3
0
1
-1
-2
-3
-4
-4
-4
-5
-8
-7
-1
-3
-3
-8
-10
-9
-13
-15
-8
-8
-8
-10
-8
-9
-12
-8
-7
-5
-6
-3
-7
-9
-8
-9
-6
-2
-6
-4
-4
-5
-8
-12
-12
-5
-4
-9
-7
-8
-8
-7
-6
-5
-1
-5
-2
3
5
8
11
10
5
3
0
4
0
2
6
7
7
8
8
2
6
5
6
14
14
11
7
2
-1
-3
1
7
11
12
11
10
12
10
11
15
18
14
11
6
4
-2
-6
-4
2
4
-4
2
-3
-4
-2
1
2
-1
-3
2
3
4
9
10
11
14
15
12
11
7
4
3
7
11
9
12
10
4
0
4
4
10
17
18
14
11
8
4
2
6
6
6
11
4
-3
-10
-13
-14
-12
-3
-2
-6
-4
-5
-9
-9
-7
-5
-6
-6
-11
-14
-18
-18
-15
-15
-13
-11
-12
-10
-9
-6
1
-4
0
-3
-12
-16
-17
-19
-14
-12
-11
-7
-4
-8
-11
-13
-15
-17
-16
-15
-17
-22
-23
-25
-24
-25
-22
-19
-17
-12
-12
-6
-6
-9
-11
-12
-18
-14
-15
-13
-8
-3
5
5
6
9
8
12
11
11
14
15
14
17
17
16
16
13
18
22
22
20
22
21
21
21
23
22
23
21
23
22
22
24
23
26
26
22
16
9
9
8
7
10
6
3
2
0
-2
-1
0
-3
2
2
2
3
2
-3
1
2
3
4
1
1
1
1
4
11
11
12
12
10
9
8
4
2
3
1
4
6
9
5
2
0
-4
-2
-4
-3
-3
-5
-5
-7
-7
-4
-5
-1
-5
-11
-15
-18
-17
-23
-20
-16
-18
-17
-17
-17
-19
-18
-13
-11
-14
-13
-14
-17
-19
-17
-15
-15
-10
-6
-8
-3
-3
-5
-2
3
0
0
-2
-7
-7
-9
-9
-1
2
1
6
7
1
-3
-5
-4
-1
-1
3
0
-1
-5
-4
-7
-4
-2
-8
-7
-15
-17
-16
-10
-9
-5
1
-4
-4
-7
-8
-6
-4
-7
-7
-3
-1
2
6
9
12
9
11
13
8
14
11
9
9
11
9
14
13
15
18
14
13
11
14
9
11
8
6
3
3
4
8
13
9
11
11
10
7
12
8
4
3
0
0
-3
-3
-4
-2
-3
4
5
0
3
2
-1
3
3
6
6
0
2
3
0
3
10
7
7
11
11
6
5
8
4
2
3
6
8
7
3
0
-5
-4
-1
1
7
5
-2
-3
-7
-7
-3
-3
3
7
9
6
2
-3
0
-2
-6
1
-4
-7
-2
-5
-4
-2
-1
3
0
-2
-7
-8
-11
-9
-5
-7
-8
-16
-23
-27
-25
-24
-19
-10
-8
-6
-5
-2
-1
-1
3
-1
-5
-9
-11
-11
-10
-5
-6
-6
-8
-9
-9
-10
-14
-8
-4
-4
1
-2
-4
0
-2
2
3
3
7
2
2
1
-1
4
2
-1
-1
-2
-3
-3
-4
-5
-4
-5
-8
-5
-5
-4
-5
-1
6
9
5
5
7
4
7
4
0
2
3
4
5
6
8
8
9
13
13
9
9
9
8
7
10
11
5
12
5
3
7
5
2
9
7
4
10
9
5
5
3
-1
-1
1
-3
-6
-1
1
1
2
6
5
6
9
10
12
12
4
1
0
4
8
7
9
13
12
12
13
14
12
6
6
5
7
8
10
7
7
8
6
5
5
-2
-9
-8
-5
-2
-1
1
2
1
-2
2
2
-4
-2
-10
-16
-21
-24
-24
-23
-23
-20
-18
-12
-12
-10
-12
-10
-11
-15
-11
-11
-11
-13
-15
-11
-12
-11
-12
-13
-8
-13
-10
-8
-9
-11
-11
-11
-13
-12
-9
-8
-7
-6
-10
-12
-17
-16
-12
-15
-6
1
0
7
6
3
-1
0
2
6
9
12
12
-2
-1
-1
0
5
6
11
15
15
19
20
21
17
14
15
17
19
19
19
15
13
10
10
11
14
13
14
17
17
10
9
4
-2
-2
-4
-2
4
5
4
6
4
1
2
2
-1
-5
-6
-7
-10
-6
-11
-6
-2
-2
-1
-6
-7
-8
-5
-3
-1
1
-1
-1
-1
-2
-4
-6
-3
-7
-5
1
3
3
7
4
-1
0
-3
-1
0
-2
6
11
12
16
13
11
9
6
8
8
4
5
3
-4
-3
-2
-1
0
6
13
13
10
4
-1
-8
-6
-4
-1
0
-3
-5
-6
-8
-11
-9
-7
-7
-6
-10
-11
-13
-12
-11
-13
-8
-12
-19
-14
-11
-16
-7
-5
-7
-9
-10
-5
-2
0
-1
-1
-3
-8
-8
-8
-7
-1
-1
7
6
2
-1
1
2
4
14
15
13
11
10
5
3
5
3
5
1
-1
-3
-6
1
3
7
11
12
3
-4
-10
-10
-14
-11
0
1
0
3
-1
-3
-1
3
7
10
7
5
4
-3
-4
3
3
6
8
-4
-4
-4
-4
-1
3
11
7
-2
-9
-6
-12
-13
-7
-6
3
0
1
7
5
4
2
2
-1
1
0
-2
2
-2
0
-3
-6
-7
-5
-8
-4
-3
-9
-3
-2
1
-2
2
5
3
8
14
11
16
18
17
16
13
10
6
5
5
6
12
13
13
13
7
4
2
2
7
10
8
8
5
5
4
-2
-6
-4
-7
-12
-12
-14
-15
-11
-7
-1
-1
-3
-1
-2
0
-2
-3
-6
-11
-7
-12
-12
-13
-13
-9
-8
-5
-7
-3
0
-1
-1
2
-1
-2
1
3
-1
-1
0
3
6
5
7
7
5
4
8
11
11
10
5
2
-1
-2
-2
-4
-3
0
2
-2
1
4
5
7
11
12
2
-4
-7
-10
-11
-10
-8
-7
-1
0
-4
2
-5
-8
-3
-5
-7
-3
-3
-2
1
2
5
10
11
14
4
-2
0
-5
-3
3
1
4
1
-7
-8
-10
-6
-3
3
5
2
-1
-4
-12
-10
-11
-13
-6
-10
-9
-8
-12
-17
-11
-5
-7
-7
-5
-8
-6
-6
-3
-3
0
-2
-5
-6
-3
-4
-3
4
7
4
4
4
-1
-3
-2
0
3
4
-1
1
0
-1
0
4
7
8
17
16
15
13
11
12
11
15
14
15
17
15
15
11
12
7
-2
1
-2
-1
2
6
8
7
7
3
-2
2
1
-6
1
4
4
4
6
1
4
9
6
4
4
3
-3
-4
-4
-6
-5
-3
1
7
15
15
17
14
2
1
-4
-10
-7
-5
-6
-4
-6
-7
-7
-6
-6
-2
-1
1
6
5
3
8
8
8
5
1
-1
-3
-3
-2
-2
-2
0
-1
-3
-4
-4
-6
-3
1
1
-1
-4
-6
-12
-13
-8
-5
0
7
8
6
10
6
2
-1
-12
-13
-16
-16
-14
-9
-10
-6
-1
-2
-9
-13
-16
-18
-19
-16
-13
-12
-14
-17
-19
-22
-19
-19
-17
-13
-9
-8
-5
-1
-8
-5
-9
-11
-5
-7
-5
-1
-2
-3
1
-3
4
10
9
13
14
6
10
13
5
10
8
3
7
8
12
17
18
22
21
16
17
14
4
5
5
5
5
9
11
10
7
7
6
5
3
2
5
-1
-1
-1
-1
2
8
8
8
11
7
1
7
6
6
12
11
5
6
1
-4
4
7
8
10
7
8
7
6
8
6
8
13
10
8
8
7
8
11
7
-2
-3
-11
-19
-20
-16
-13
-9
-10
-5
-4
-8
-10
-12
-13
-12
-13
-12
-8
-11
-7
-3
-3
2
6
3
0
-4
-8
-9
-9
-4
-4
-2
0
3
0
4
5
1
4
7
6
4
1
-3
-1
-3
-6
-10
-12
-11
-8
-7
-7
-5
-3
-7
-8
-8
-9
-7
-12
-7
-1
-2
-1
0
-2
-4
-3
0
3
1
-3
-3
-7
-8
-7
-6
-5
-7
-1
-3
-3
-4
-1
-5
-4
-2
-2
5
5
0
-2
0
-3
-6
0
0
-1
-1
-2
-5
-4
-3
0
0
-1
0
-1
-2
-1
0
3
3
3
6
6
5
7
8
3
10
15
15
18
19
17
14
16
11
10
14
14
13
12
14
11
8
8
7
6
7
6
4
-1
0
0
-4
-2
-7
-3
0
-2
4
-1
-2
2
2
1
8
10
5
3
1
-3
-3
0
2
1
4
7
9
12
12
8
4
0
-1
-1
-1
2
4
6
3
2
2
2
-2
-5
-7
-9
-14
-18
-16
-16
-17
-19
-17
-17
-17
-13
-14
-14
-16
-13
-10
-13
-12
-13
-10
-8
-4
1
4
6
5
7
6
4
4
0
0
8
3
6
6
9
10
10
11
13
15
11
10
7
6
-1
0
4
-3
-6
-5
-3
-4
-6
-8
-15
-22
-21
-21
-22
-17
-13
-16
-18
-17
-17
-20
-19
-17
-17
-16
-18
-21
-21
-21
-17
-8
-7
-9
-6
-6
-7
-3
0
5
5
8
9
8
13
15
15
21
26
25
22
21
22
23
22
27
23
24
19
15
17
17
20
23
31
33
29
29
18
10
6
4
-2
-3
2
1
-1
2
0
-1
1
-1
-3
-6
-5
-5
3
4
5
0
1
-1
-9
-7
-5
-5
-2
-4
-7
-7
-3
-1
4
6
8
6
4
6
7
6
9
12
14
11
9
2
-1
-5
-5
-4
-2
-2
-3
-4
-7
-12
-11
-6
-6
0
-1
1
-1
-4
1
1
1
1
-2
-10
-11
-15
-12
-9
-9
-7
-7
-9
-9
-11
-10
-9
-8
-9
-3
-1
-5
-10
-14
-14
-12
-13
-14
-16
-17
-21
-21
-16
-16
-13
-12
-5
-6
-5
-3
-9
-10
-9
-9
-8
-5
-5
3
-2
-2
2
-1
-2
-2
-5
-6
-5
-6
-2
-4
-3
2
0
-1
4
6
5
8
10
10
5
-3
-4
-5
-2
2
5
4
3
-2
-3
4
7
10
9
11
7
3
4
5
2
3
4
3
9
10
10
13
13
11
9
13
14
15
17
16
15
21
19
19
19
17
15
16
16
20
20
18
23
14
11
9
5
4
6
11
9
14
11
10
9
7
5
5
0
-1
1
-4
-4
-1
-1
-3
2
5
5
3
2
-3
-10
-10
-8
-5
0
0
-3
-7
-7
-10
-9
-5
-7
-4
0
-6
-10
-8
-6
-6
-5
0
-1
-10
-8
-14
-10
-11
-15
-10
-10
-10
-16
-17
-17
-13
-10
-6
-6
-4
-5
-11
-13
-12
-13
-11
-9
-12
-12
-13
-15
-16
-17
-13
-13
-19
-19
-14
-14
-6
-2
1
-3
-8
-11
-23
-23
-22
-17
-13
-8
-5
-8
-8
-8
-10
-7
-4
-3
2
3
4
0
-1
2
0
6
8
5
3
5
4
9
9
5
8
5
4
8
6
9
16
14
16
16
12
13
17
18
20
20
20
26
25
18
18
14
9
16
16
18
23
22
24
26
22
14
9
5
2
5
8
8
12
17
12
13
13
10
12
11
15
17
17
20
19
16
16
12
12
9
4
3
1
3
6
4
2
-3
-10
-14
-16
-16
-14
-13
-14
-13
-16
-13
-13
-11
-11
-16
-17
-23
-25
-30
-26
-24
-19
-17
-21
-10
-13
-18
-14
-16
-17
-16
-15
-17
-16
-14
-15
-9
-6
-5
-5
-2
-1
-5
-7
-3
0
-2
3
6
3
5
2
-4
-1
1
3
4
-1
-7
-11
-9
-7
-2
4
6
-1
-1
-2
-10
-7
-5
-5
-5
-3
-7
-10
-15
-14
-15
-16
-12
-5
0
7
8
8
10
4
-1
1
-1
-1
3
4
4
2
1
-3
-4
-7
-5
-4
0
5
9
9
11
12
7
7
5
7
10
9
10
13
10
11
11
14
17
14
19
22
24
29
24
25
25
21
18
19
19
16
18
13
7
11
10
2
5
8
6
6
5
4
4
2
-2
2
-3
-3
3
1
2
4
-2
-2
-8
-14
-9
-12
-12
-9
-14
-10
-5
-7
-7
-8
-5
-6
-7
-2
-4
-4
-2
-2
-4
2
2
-3
-2
-2
-4
-5
1
3
-1
5
4
-2
4
2
-1
-1
0
-1
-7
-10
-12
-15
-18
-14
-13
-16
-12
-12
-14
-17
-17
-19
-17
-14
-20
-20
-21
-21
-20
-14
-10
-5
-1
-3
0
-2
1
3
6
9
10
10
7
6
-2
1
1
0
2
4
0
-2
-3
-4
-1
0
-5
-2
0
-6
-7
-7
-6
-2
-2
-5
-4
-8
-9
-15
-13
-11
-12
-7
-5
-7
-10
-10
-12
-8
0
5
3
4
6
4
7
11
12
18
21
19
20
21
23
25
28
31
28
26
25
23
25
31
28
32
34
33
29
34
32
27
26
26
27
19
13
9
5
4
4
1
-1
-6
-11
-11
-10
-9
-5
3
4
3
-2
-12
-16
-17
-19
-19
-13
-16
-12
-14
-12
-9
-8
-5
-7
-6
-9
-10
-14
-14
-15
-13
-10
-5
-4
-2
-2
-6
-7
-7
-7
-9
-12
-18
-20
-21
-22
-18
-15
-12
-11
-8
-9
-11
-13
-12
-12
-11
-10
-9
-8
-12
-9
-10
-11
-8
-11
-7
-9
-14
-18
-14
-10
-10
-4
3
5
3
4
3
2
3
0
-4
-1
3
-5
-4
-1
-2
4
8
13
14
12
13
10
14
17
15
19
22
22
17
17
12
5
4
7
8
11
7
3
5
3
2
1
3
5
3
8
11
15
7
10
11
7
6
-1
-1
-3
-6
-5
0
-1
-2
-4
-2
-3
-4
2
1
3
4
-1
-9
-11
-6
-6
-1
2
6
2
-3
-6
-8
-4
-2
3
9
16
15
9
8
4
4
5
9
14
13
10
3
0
-4
0
7
6
8
8
1
-3
-2
-3
-1
2
3
4
1
0
-2
-6
-2
-2
3
2
-1
-4
-6
-11
-11
-6
-4
-3
-2
-6
-8
-8
-13
-11
-7
-9
-7
-9
-11
-14
-12
-9
-11
-3
-2
-1
-1
-5
-7
-9
-12
-11
-7
-1
0
2
1
-1
-1
-5
-7
-5
-6
-10
-7
-9
-8
-3
2
4
3
3
-2
-4
-1
1
3
3
8
7
3
6
4
-1
1
1
6
13
13
9
9
5
0
7
11
13
15
14
14
15
16
19
15
15
13
8
10
11
5
3
2
-3
-7
-5
-11
-13
-4
-3
-1
2
4
0
-1
0
2
0
0
-1
-8
-10
-18
-26
-22
-15
-13
-6
-11
-12
-14
-16
-15
-13
-7
-4
-1
-3
-4
1
4
8
14
15
17
15
9
7
4
1
2
8
12
13
12
8
12
14
15
20
19
16
14
6
0
3
3
5
5
-1
-3
-8
-10
-8
-7
0
0
0
0
-4
-9
-11
-9
-13
-13
-7
-11
-20
-23
-20
-22
-19
-12
-7
-9
-11
-14
-14
-14
-11
-11
-8
-5
-6
1
3
7
5
6
3
2
2
-2
-1
4
10
15
14
12
5
3
0
-3
0
-1
-3
-3
2
-5
-3
-3
0
2
4
6
2
10
8
6
5
8
9
6
7
5
6
0
-4
-5
-6
-5
-9
-8
2
0
2
8
4
2
6
1
2
8
7
5
2
3
-3
-5
-1
-1
7
9
12
10
13
11
6
9
8
3
1
5
1
0
5
7
8
7
5
2
4
6
5
3
4
3
-1
-1
3
-1
1
6
7
5
5
6
3
6
11
10
9
13
13
8
8
4
3
1
-1
-7
-9
-9
-15
-18
-18
-17
-19
-13
-11
-11
-11
-9
-9
-8
-7
-6
-12
-15
-17
-19
-16
-14
-13
-11
-13
-14
-10
-9
-12
-9
-5
-4
-7
-8
-12
-21
-21
-16
-10
-4
2
0
-2
-1
-3
-3
1
1
3
3
8
12
12
16
12
17
10
6
3
-4
-3
-2
3
2
0
2
5
0
-1
2
-1
4
1
4
3
2
5
0
-1
-4
-1
-2
2
6
8
10
12
13
12
12
9
6
6
5
8
13
14
16
18
13
12
16
16
17
16
13
12
6
6
5
4
14
17
21
27
23
16
13
10
10
9
5
5
4
1
-2
1
-2
-1
-4
-4
-4
-10
-12
-6
-9
-13
-12
-17
-17
-17
-18
-20
-20
-18
-19
-18
-16
-17
-18
-20
-17
-22
-24
-19
-17
-18
-14
-11
-16
-17
-20
-22
-18
-13
-17
-14
-12
-12
-10
-6
-4
0
1
-1
-1
-1
-9
-10
-10
-3
0
1
3
5
3
3
6
8
8
10
8
5
7
8
10
12
17
16
17
16
11
6
3
2
1
3
3
4
2
-6
-7
-5
-3
-2
3
5
5
5
5
5
8
13
10
11
8
2
-3
-3
-2
3
11
8
11
13
5
9
17
16
16
19
15
5
8
12
10
16
21
23
24
19
17
15
12
7
6
3
-2
-7
-5
-3
-2
3
10
10
9
12
7
3
0
1
6
4
3
3
-3
-6
-11
-12
-7
-10
-12
-9
-13
-21
-16
-14
-14
-2
1
-1
-7
-12
-13
-20
-20
-12
-16
-12
-8
-15
-18
-15
-13
-15
-8
-5
-11
-11
-16
-25
-23
-22
-20
-14
-11
-10
-7
-10
-8
-9
-9
-8
-11
-13
-16
-19
-21
-15
-10
-6
2
2
0
4
0
2
5
8
8
3
5
0
-2
4
11
12
22
26
25
23
19
16
13
9
10
11
9
9
4
0
-1
0
1
9
10
8
8
0
-3
1
5
5
4
3
2
-4
-6
0
0
2
4
6
1
-5
-4
-5
-10
-4
3
6
9
14
13
7
4
2
5
2
2
4
3
2
4
3
5
10
9
8
12
8
5
0
1
6
9
9
8
12
7
2
2
5
6
6
6
3
-2
-4
-6
-4
-1
-2
-2
-5
-7
-5
-1
3
2
6
4
-1
-1
0
1
-1
2
10
7
7
11
1
0
-1
-7
2
4
5
2
1
-8
-11
-4
0
3
3
3
-2
-3
-10
-10
-11
-10
-10
-12
-10
-12
-12
-11
-6
-5
-5
-8
-12
-18
-19
-14
-18
-18
-16
-15
-19
-17
-16
-19
-14
-12
-6
-3
-3
-4
-5
-6
-4
3
5
1
-4
-5
-5
-11
-11
-8
-4
-5
-2
-1
2
-1
1
3
8
9
7
8
-2
1
5
9
9
12
14
15
15
13
14
11
15
14
13
13
14
15
11
8
9
6
5
6
7
8
11
10
9
8
2
6
3
1
1
-1
-5
-5
-5
-8
-6
-3
0
0
6
3
-1
2
-1
-4
-6
-3
-9
-6
-1
0
-3
1
2
-1
-4
-2
-4
-6
0
-1
0
2
3
-4
4
5
2
7
11
10
8
4
-1
-1
0
1
4
7
12
14
14
16
15
12
5
4
0
-3
-2
-4
-4
-2
-3
-1
-3
-3
1
-1
-2
-4
-4
0
3
0
1
4
2
2
0
-4
-9
-9
-9
-10
-12
-13
-11
-12
-12
-10
-13
-9
-8
-12
-10
-5
-5
-5
-4
-10
-8
-5
-11
-8
-3
0
-5
-5
-4
-5
-2
0
2
-2
-5
-5
-5
-3
-5
-4
0
-2
-4
-4
-3
-2
2
-1
0
4
3
8
5
4
3
-1
-5
-4
2
1
7
5
3
4
2
-1
0
0
-4
0
4
2
3
6
6
4
1
5
-1
-7
-10
-12
-11
-7
-4
-1
3
2
1
4
5
6
7
10
10
8
5
5
5
3
6
9
17
11
8
12
10
8
10
7
5
3
5
7
11
13
10
13
9
6
6
6
5
4
-1
1
7
7
7
12
11
14
13
8
13
8
1
2
-1
-1
-2
-1
3
4
4
4
7
7
4
4
4
-2
-2
-3
-7
-7
-6
-12
-9
-10
-12
-17
-22
-18
-18
-16
-12
-13
-17
-21
-23
-22
-20
-16
-15
-14
-16
-16
-17
-18
-17
-20
-15
-13
-16
-13
-13
-17
-15
-14
-5
0
4
3
-3
-5
-5
-7
-9
-9
-11
-9
-13
-10
-3
4
10
10
11
10
7
3
1
-2
2
6
4
12
13
13
21
22
28
28
21
17
11
2
-2
1
4
8
11
10
8
3
0
4
10
13
20
24
21
19
21
19
16
16
13
6
7
6
4
4
3
3
-1
2
-3
-3
-8
-11
-9
-8
-4
-4
-3
-6
-10
-5
-2
-3
-4
-9
-10
-14
-12
-7
-2
1
7
7
5
9
5
5
7
10
10
10
15
12
13
13
13
14
15
10
8
10
6
8
7
5
3
4
4
5
4
1
2
-4
-7
-10
-15
-17
-15
-16
-15
-9
-11
-11
-11
-15
-15
-13
-12
-10
-13
-19
-26
-26
-31
-32
-26
-17
-12
-9
-7
-9
-6
-6
-5
-9
-10
-11
-15
-12
-10
-11
-11
-6
-6
-11
-13
-9
-6
-1
2
4
5
5
2
-1
3
3
5
7
3
2
-2
-5
-6
-2
-3
1
1
-1
2
-1
0
2
5
10
11
12
15
10
5
4
0
4
6
8
9
8
9
7
13
14
13
12
13
11
14
15
15
11
10
10
7
8
11
11
6
2
4
2
-3
1
-1
2
11
10
15
13
7
7
1
0
2
5
10
6
4
4
-3
1
5
7
7
5
2
-1
1
4
8
7
8
7
2
1
4
5
11
14
18
16
9
4
-3
-7
-8
-3
1
2
2
-5
-9
-10
-9
-8
-2
2
1
-7
-13
-14
-20
-11
-1
0
-2
-2
-5
-9
-10
-6
0
1
-2
-1
-10
-18
-16
-15
-13
-9
-8
-12
-10
-8
-8
-7
-6
-3
-4
-4
-10
-19
-23
-23
-21
-20
-12
-7
-10
-6
-6
-5
-4
-6
-6
-6
-10
-8
-9
-12
-16
-14
-11
-10
-9
-5
-4
-1
-1
-5
-3
-1
0
4
8
8
8
6
6
7
9
9
10
9
13
16
16
16
14
11
4
6
7
8
9
8
6
4
4
4
0
0
0
3
8
7
5
1
2
5
3
4
10
5
1
-4
-4
-5
-3
4
6
12
16
13
18
21
22
19
16
13
8
6
8
10
9
9
14
11
10
16
17
15
12
14
7
4
4
4
5
7
4
-1
0
0
-5
-6
-7
-10
-10
-10
-11
-10
-8
-9
-11
-10
-7
-9
-7
-9
-13
-8
-8
-13
-9
-11
-12
-9
-7
-2
1
3
4
7
6
9
5
1
1
-1
1
3
3
2
3
-2
0
-3
-7
-6
0
-1
-3
-4
-7
-6
-8
-6
-1
-4
-7
-8
-8
-11
-13
-12
-11
-5
-6
-5
-5
-14
-19
-25
-29
-26
-24
-17
-14
-13
-12
-14
-16
-15
-11
-10
-5
-1
1
-2
1
1
-3
-2
1
1
1
2
4
3
7
8
9
11
14
12
16
19
16
20
18
15
15
14
17
18
21
26
23
19
17
14
16
20
18
16
10
9
7
6
9
10
11
9
9
7
2
-1
3
4
3
4
0
-2
-3
-3
1
-1
2
5
1
-2
-6
-7
-10
-4
-5
-1
-5
-11
-6
-12
-5
-4
-4
-3
-6
-12
-16
-15
-14
-9
-6
-5
-2
-3
-4
-4
-4
-7
-8
-8
-11
-6
-7
-4
2
0
0
2
1
-6
-2
-7
-7
-2
1
6
6
9
6
4
3
3
3
3
1
0
0
-3
-8
-8
-8
-9
-8
-7
-7
-6
-9
-10
-11
-9
-6
-4
-8
-4
-3
-8
-5
-4
-3
2
6
5
2
-2
-7
-10
-6
-1
5
6
9
8
1
-2
0
-3
-2
0
2
5
3
3
2
0
-1
7
11
12
17
12
8
11
14
15
15
9
6
3
-1
3
7
9
11
11
8
4
-4
-2
-2
-4
4
8
6
2
4
2
-2
-2
0
-2
-4
-1
-1
-4
4
2
6
2
2
1
-7
-3
3
4
9
9
5
4
2
-2
1
1
-2
-6
-11
-20
-20
-18
-16
-8
-3
1
0
-1
-7
-10
-15
-14
-7
-3
-4
-2
-8
-12
-12
-7
-3
3
2
-2
-6
-12
-12
-9
1
4
11
14
10
8
9
7
12
19
18
13
9
3
1
3
4
19
26
23
20
17
10
5
8
10
21
26
7
5
0
-2
2
1
7
4
1
-9
-14
-9
-11
-9
-2
-5
-11
-13
-23
-19
-12
-7
-2
2
-5
-10
-10
-22
-23
-23
-22
-12
-9
-11
-9
-5
-7
-6
-4
3
8
9
1
-1
-6
-11
-11
-11
-6
-7
-12
-13
-15
-17
-9
-7
-12
-13
-10
-12
-14
-7
-5
-6
-3
-4
-4
-3
-1
-2
-4
-3
3
3
-1
1
2
2
1
4
5
8
3
1
3
3
8
15
17
24
25
24
24
25
25
25
25
25
22
19
14
11
10
10
13
14
16
21
19
19
18
17
21
12
11
8
0
-2
-6
-7
-8
-3
-3
-1
-3
-5
-8
-10
-7
-5
0
8
7
9
11
7
-1
-8
-10
-9
-8
-5
-3
-1
-6
-6
-9
-12
-8
-8
-11
-17
-17
-17
-20
-16
-13
-10
-11
-9
0
-2
-3
-5
-10
-7
-5
-7
-7
-7
-5
-6
-12
-9
-13
-15
-12
-16
-23
-21
-15
-15
-10
1
-2
-2
2
-1
3
5
8
12
11
13
9
6
7
-1
-1
-1
3
4
6
7
-1
-3
-4
-3
-1
5
7
8
10
10
12
10
12
16
14
8
7
-2
-6
-6
-5
4
5
4
5
8
10
14
20
20
19
17
13
9
6
8
4
5
5
3
-1
-2
-5
-5
2
2
3
6
6
5
0
-3
1
2
-1
0
-3
-9
-9
-8
-10
-2
-2
-4
-2
-4
-10
-9
-12
-13
-13
-10
-8
-5
-1
-2
7
2
5
6
3
-2
-2
-2
-6
-4
-5
-4
-7
-6
-8
-5
-3
1
9
8
1
0
1
-2
-5
0
0
-7
-8
-6
-4
-5
-3
-6
-10
-8
-12
-13
-12
-17
-19
-18
-14
-4
2
3
2
4
2
6
17
13
5
2
-8
-14
-10
-6
-4
-2
-1
-2
-8
-2
-3
-3
3
6
7
3
6
6
1
-7
-4
-6
-7
1
3
5
0
-3
-1
-6
-2
-3
-1
5
5
7
9
11
14
20
17
20
19
16
18
15
16
21
19
18
22
23
20
15
6
7
4
7
5
15
20
12
8
14
12
11
11
11
8
-1
-8
-9
-11
-10
-8
-12
-9
-11
-15
-6
-3
-3
-1
-9
-16
-18
-16
-16
-5
5
1
-5
-9
-5
-4
7
3
6
7
-1
-11
-14
-16
-10
-6
4
15
19
24
13
11
10
7
9
18
14
12
1
-16
-29
-22
-24
-16
-6
-9
-11
-9
-20
-29
-32
-38
-32
-31
-23
-17
-14
-11
-8
-8
-17
-9
-10
-15
0
6
7
0
-12
-17
-17
-29
-25
-14
-1
-3
-12
-21
-4
-17
-16
-14
-3
-4
-3
-10
2
0
-3
2
11
12
20
20
18
7
4
7
7
6
9
15
14
15
16
20
22
33
26
26
22
26
20
22
27
24
18
20
9
12
11
12
3
15
22
26
44
27
14
17
-8
-6
22
13
25
18
3
1
-11
-20
-14
-8
1
-2
-1
-2
-9
-9
-1
-6
-15
2
12
22
21
6
-7
-15
-38
-25
-16
-3
17
-3
-15
-12
-21
-31
-21
3
15
1
-4
8
-12
-20
-8
-16
-22
-15
-8
6
19
0
13
-2
-7
-5
-10
17
7
-2
5
-2
-28
-9
-24
-4
-6
-7
4
-2
6
13
0
-22
0
-24
-1
10
34
6
7
8
21
-23
-19
-14
-15
9
-2
-26
9
-27
-27
-11
3
8
-21
-10
29
16
-23
-4
-18
-8
-19
-20
-20
-8
-27
-9
8
-10
-16
-29
-20
5
0
0
21
-25
12
0
-27
-9
0
20
8
21
38
-2
-18
16
-15
19
-1
18
38
-5
-2
21
-43
26
15
-2
44
31
15
33
8
19
27
-16
1
17
16
16
23
13
12
-3
5
21
29
17
24
4
14
1
-17
14
11
-21
50
8
-11
30
-3
-7
20
20
-20
28
-8
-3
-24
-2
23
1
-24
16
-32
-36
-2
1
31
4
8
4
-5
-3
4
-29
1
10
-6
9
16
1
7
-18
8
-32
5
25
-18
8
-1
-47
-20
-39
-1
-14
8
37
-24
-26
-14
-5
-52
-23
25
-23
-42
8
-27
-56
-12
-60
-17
-27
18
9
0
-20
7
-86
-11
0
-10
26
-7
22
8
-51
24
-14
-25
31
-16
12
39
-32
-10
-17
4
-25
16
39
15
1
1
24
-4
9
29
11
24
-35
-31
-19
-9
-1
-27
4
-5
4
-16
23
10
-1
-23
12
18
10
20
1
14
7
20
-13
52
23
14
-20
44
-5
-3
21
52
3
32
44
5
18
51
-4
33
62
-26
6
22
9
-8
-3
-9
2
20
13
31
26
-12
31
5
34
9
5
-33
-2
-18
-22
-22
2
-9
-10
5
3
-32
53
1
-19
15
-10
-16
-3
17
13
19
-33
13
-20
59
-30
19
8
53
-58
48
-36
18
-33
-6
21
2
-43
29
-53
34
-16
-27
13
-10
-39
-17
-60
37
-43
-41
21
-22
-57
-24
-24
-13
-68
-2
-1
16
-22
-30
40
6
-11
-11
15
71
-6
-47
88
-16
17
-29
0
-10
-18
-53
18
-61
37
-77
6
-31
-23
28
52
-64
50
-93
17
-45
-27
34
26
-58
90
-60
25
-16
-34
1
-40
-35
21
29
-56
84
-81
-22
-49
-23
-48
85
-61
45
20
-3
15
-8
25
53
-11
-10
87
-22
61
-45
23
50
1
30
74
-31
41
27
0
11
17
4
-6
-60
-2
100
0
75
52
-13
-16
-80
-8
-11
-17
34
56
-39
53
-5
45
6
-29
-45
65
-29
-19
59
41
19
27
-51
44
31
-22
68
110
43
96
-52
24
7
-68
-5
34
-10
65
-82
59
34
-98
123
-55
26
-17
-33
99
-133
-48
66
-145
24
12
22
100
-65
29
36
-105
30
-9
-55
80
-5
6
-47
-57
-31
23
-81
128
-53
116
-69
-75
31
-83
6
170
-119
145
-51
-119
-39
-59
-20
1
-40
-20
20
-84
13
-32
-90
61
-88
55
-86
11
-39
-64
-123
40
-62
-22
-57
57
-70
7
8
-24
24
-25
-48
-25
-91
-17
-61
-71
115
44
-91
90
0
42
-116
56
20
14
-54
121
-115
3
-58
92
-8
39
99
-41
30
-13
35
-47
40
72
-22
-10
51
-55
94
-61
72
-2
-82
74
-73
25
168
-46
69
3
-38
37
38
-53
163
-2
150
-7
84
44
-3
-89
80
-87
208
62
89
145
-127
174
-181
6
31
-5
-119
154
-87
-13
72
-117
99
-115
52
71
19
-35
156
-78
-36
-13
-40
61
-131
50
9
-108
180
-59
28
-38
71
-61
32
43
-4
59
-50
129
-33
-20
-10
5
-102
59
-92
192
-111
-20
-20
-172
-70
-102
32
60
37
121
38
-30
42
-24
-63
-56
56
-33
30
56
-121
107
-171
-208
139
-198
70
4
-36
5
-129
-149
4
-71
-125
81
-8
-54
16
-56
69
-102
67
30
-153
95
-81
18
-52
171
-90
29
15
21
-163
115
-75
15
-99
146
-127
-77
55
-73
57
-194
202
-22
-49
190
13
99
22
-140
-105
-110
29
108
-84
1
66
-75
-99
278
-52
92
-60
20
-15
104
24
116
-18
182
-235
107
53
-41
164
66
-120
255
-268
184
-199
61
-51
316
-148
363
-105
71
-156
8
48
19
160
97
135
-126
81
-125
211
-212
193
-82
173
-91
-2
-20
102
-56
127
238
-86
37
-22
-175
-66
104
-279
27
-56
-164
169
17
127
279
-78
-48
178
-228
77
68
-102
93
-133
-119
104
31
-111
141
-56
-245
-106
-39
27
113
-81
150
12
-343
132
-65
-71
147
-13
-33
77
18
-103
202
-43
151
-123
101
-60
27
-255
33
-115
-85
-36
-27
-64
43
-70
-86
41
-329
88
-173
-158
25
65
-115
73
-76
-163
294
-254
-178
304
-185
-17
-17
-171
124
-246
131
92
-90
209
-154
-150
-260
22
76
-86
113
311
-124
64
153
-377
113
-79
-213
236
-165
-162
293
-428
126
94
-374
362
59
2
233
44
19
141
62
24
134
-63
-81
-49
157
-86
54
76
15
58
52
79
243
-207
8
137
84
89
264
-4
203
-22
-158
327
210
363
254
-87
312
-147
-208
314
-158
138
38
21
261
-246
290
-33
-178
63
43
-56
109
-174
-152
-18
-262
19
52
-46
-125
108
-289
101
67
-55
-58
-13
-167
-74
-75
-20
13
177
41
-174
43
-202
-65
-63
-189
115
166
-16
-27
153
-205
-83
-280
245
-9
21
111
168
-324
-155
4
-305
-71
-282
11
1
-250
55
287
-331
255
137
-378
110
-396
-35
-5
-320
187
-69
-297
115
3
-183
133
-60
284
150
-202
214
-68
-123
28
114
-52
139
-9
226
-363
61
67
-106
274
-24
112
247
0
104
-104
-1
-112
-27
-46
140
64
27
16
56
60
23
114
104
7
-232
101
-165
-99
138
-135
148
94
276
-106
-153
230
-4
9
-38
68
343
154
-318
67
94
62
-3
4
436
141
91
-182
204
-10
23
-108
154
109
310
-240
116
27
-356
61
-144
131
131
-191
182
323
-441
107
100
14
-383
157
-204
12
-184
-109
77
212
-85
88
-114
-211
141
-385
211
13
29
274
-120
-114
7
-94
35
-15
-43
126
-247
-145
-70
186
-156
-247
-247
-74
-48
112
-4
-77
-94
-226
-201
33
-30
-22
73
-152
-54
0
-161
16
36
-173
162
-90
4
136
90
27
-46
-83
-205
20
77
96
44
98
-50
-68
-151
203
34
-16
222
-65
194
173
-4
72
164
26
35
-100
87
-53
-88
-9
103
10
-11
149
124
-27
-16
-99
112
146
156
234
-11
61
-170
71
-110
202
-1
130
-42
-124
-96
-9
-6
25
115
-37
144
-155
121
16
30
-64
34
126
236
122
232
64
-43
14
-106
-76
-18
-211
156
-147
-182
-114
-97
-21
-116
94
-34
-19
-55
-105
-67
99
-110
-38
-51
-38
-33
-99
39
73
-4
97
39
-5
-52
-72
-54
-150
-131
-26
-74
-68
8
31
26
-7
220
16
139
196
-10
39
79
-85
-100
19
-43
21
-36
-18
-30
-255
-132
-52
-100
-50
-58
-29
-86
-142
-46
-69
-86
20
-57
31
-7
54
46
3
-52
38
-42
-125
41
-146
-76
-14
-102
81
54
85
125
32
133
19
88
147
6
122
102
16
112
103
70
137
47
77
-34
-4
2
-23
-79
-86
-10
-63
8
-4
20
35
-4
22
41
45
38
-4
-24
-52
-24
-34
-25
-17
12
54
-24
-5
41
63
6
86
27
43
71
1
77
8
63
8
50
60
2
13
92
-19
15
19
15
-27
-18
68
52
67
61
22
-13
-18
-39
-22
22
-13
-20
-85
-117
-99
-76
-109
-11
-19
-61
-60
-130
-97
-79
-88
-10
59
9
60
74
0
43
53
44
57
50
13
4
60
61
-11
69
50
74
38
108
52
106
74
52
49
7
66
-20
31
-14
-29
-26
-49
-93
-49
-40
-93
-72
-77
-110
-48
-81
-124
-130
-76
-108
-106
-31
-46
40
-24
-8
10
-3
11
-32
-12
-40
2
-61
-16
-13
-52
6
-73
-46
-29
-6
-4
-19
18
47
25
35
46
-9
0
0
26
32
76
26
-12
27
29
-45
37
73
28
-41
-16
-25
-46
-12
-71
5
9
28
55
57
33
42
4
-1
37
-9
55
8
-12
1
2
-40
1
-33
-37
-53
-69
-14
-28
14
67
31
40
43
10
22
26
19
0
0
38
-5
18
25
5
28
-15
-2
18
28
-2
1
2
69
47
85
73
70
99
38
6
-2
-23
11
-14
0
26
-21
-37
-45
-19
-74
-84
-82
-31
-69
-27
-43
-50
-1
-20
17
-8
39
31
46
5
5
8
18
-15
-7
4
-15
16
-7
-30
-19
-26
-32
-7
-22
45
32
21
40
39
43
23
98
40
96
54
90
42
15
35
-25
2
-23
-14
-49
-38
-17
-77
-24
-31
-66
37
-21
-21
37
14
-3
22
-41
-54
-18
-88
-75
-84
-76
-98
-64
-50
-27
-44
8
-21
-22
-14
-2
2
-15
60
15
-11
9
-42
-37
-42
-70
-24
-36
-18
5
46
8
24
35
-19
66
18
28
41
14
62
31
28
88
65
89
61
90
39
48
40
32
66
20
57
21
42
24
1
15
47
49
30
37
15
9
-18
-15
-12
5
11
21
59
27
14
31
5
-29
-7
3
-25
-16
-35
-93
-48
-107
-88
-70
-57
-28
-21
-45
13
-16
14
-11
-3
10
-30
-13
-35
-9
-29
-11
-39
-46
-58
-31
-11
11
19
18
-14
-7
-9
16
6
-21
22
-5
-8
0
24
7
-15
-2
1
-11
1
-32
-36
-12
-16
-26
4
5
-4
18
-11
9
24
13
13
-14
18
3
-31
-12
37
34
-9
21
-1
-21
-25
-3
-31
-4
-32
-32
-38
-67
-30
-32
-41
-21
7
-64
5
-5
-25
7
-25
8
-1
-1
19
0
29
24
20
20
2
27
18
-9
-12
-7
-2
14
36
26
76
37
40
42
33
21
11
47
14
33
33
53
25
31
51
49
51
59
17
27
-11
9
35
17
49
30
21
22
32
30
43
23
-3
-16
-40
-60
-53
-62
-74
-30
-24
-24
40
27
39
30
-3
-20
-26
-8
-4
-9
-32
-9
-37
-45
-42
-23
-25
-23
8
36
22
39
14
-7
-5
-19
-7
-41
-3
-14
-60
-52
-21
-27
26
44
38
61
37
38
64
70
89
80
26
7
14
-4
37
51
41
29
-2
136
135
-43
-160
-301
-332
-289
-235
-41
-111
564
417
-112
-165
-336
-211
3
174
498
139
-189
182
180
102
51
-291
-184
110
-214
43
-113
-282
-83
-682
-415
-118
-416
13
81
21
-122
-332
89
353
114
250
134
136
148
193
322
183
-88
141
90
205
158
213
159
-34
-341
-420
-281
-171
72
-168
77
-11
-141
75
-100
499
1330
405
322
37
323
398
-160
449
321
231
-322
-523
-275
-352
-378
-588
-624
99
-470
-12
-257
-124
33
-986
-596
-443
-387
-69
-324
-93
76
-142
665
404
529
461
311
493
257
367
382
-200
-45
-132
-78
362
12
677
347
283
471
-345
35
166
-121
289
-333
193
692
-95
102
-419
-14
-10
-726
-176
-115
21
162
-471
-90
47
-95
-88
-597
-65
148
-310
-247
-267
-321
-235
-482
-270
-48
-264
-65
-251
-246
49
-192
-338
56
-69
-76
18
133
552
267
191
452
146
195
306
281
264
286
326
342
384
252
449
299
47
388
190
297
320
5
295
76
73
107
-130
-39
-8
-258
-348
-456
-84
-187
-506
-432
-439
-434
-574
-507
-327
-452
-549
-381
-762
-487
-347
-378
-313
-238
36
-81
-201
39
-16
90
220
44
247
288
520
358
373
636
727
591
664
770
947
860
614
872
854
901
828
652
840
622
314
418
123
220
93
-178
-253
-496
-522
-657
-858
-841
-1056
-1062
-1149
-1272
-1313
-1145
-1046
-1340
-1146
-831
-923
-956
-1058
-786
-464
-711
-371
-361
-56
293
207
527
832
878
1117
973
1126
1362
1322
1536
1465
1657
1767
1704
1581
1632
1608
1663
1572
1369
1128
1068
710
96
-1
-265
-572
-878
-1066
-1132
-1342
-1529
-1763
-2144
-1990
-1998
-2262
-2252
-2073
-2121
-2352
-2340
-2205
-2117
-1908
-1541
-1491
-1159
-884
-716
-683
-474
189
580
642
975
1550
1635
1530
1598
1723
2128
2405
2305
2610
2848
3039
2850
2557
2699
2790
2557
2174
1982
1905
1410
778
439
144
17
-441
-877
-1009
-1318
-1713
-2159
-2383
-2509
-2404
-2535
-2846
-2682
-2610
-2680
-2815
-2735
-2461
-2269
-2211
-1981
-1903
-1768
-1539
-1743
-1749
-1464
-919
-737
-558
242
938
1078
1400
1710
1931
2193
2089
2286
2674
3238
3518
3469
3833
4115
4019
3668
3611
3931
3764
3405
3102
2558
2084
1520
457
-68
-388
-718
-1014
-1596
-1832
-2121
-2599
-3188
-3359
-3210
-2864
-2973
-3133
-2839
-2946
-3124
-3073
-2889
-2671
-2284
-2049
-1951
-1689
-1431
-1700
-1855
-1684
-1552
-1111
-1107
-779
-509
-217
480
920
913
1564
1795
1637
1478
1722
2469
2530
2663
3159
3536
3654
3415
3249
3608
3805
3702
3442
3193
3184
2597
1666
957
442
99
-635
-839
-1159
-1549
-1641
-2260
-2702
-2861
-2823
-3128
-3346
-3062
-2627
-2625
-2793
-2833
-2736
-2428
-2218
-2173
-1644
-1027
-913
-1003
-1075
-1037
-1093
-1157
-1199
-895
-479
-273
-409
-559
-472
-76
478
560
626
1754
2317
1518
1312
2128
2521
2344
2590
3266
3751
3653
3569
3289
3227
3674
3468
2824
2972
3183
2217
967
672
39
-907
-1074
-1416
-1835
-1955
-2141
-2912
-3224
-3174
-3271
-3207
-2924
-2658
-2658
-2552
-2633
-2929
-2887
-2399
-2218
-1757
-1189
-1026
-1109
-1074
-1071
-1561
-1596
-1394
-1381
-1250
-662
-720
-628
422
905
644
1200
1970
1950
1858
2377
2978
3131
3498
3900
4078
3995
4224
3930
3769
4091
4069
3603
3337
3207
2390
1502
1073
294
-759
-1083
-1436
-1998
-2314
-2555
-3089
-3374
-3468
-3319
-3228
-3048
-2772
-2741
-2846
-2944
-2887
-2841
-2664
-2545
-2250
-1774
-1294
-1289
-1185
-1117
-1110
-1141
-1218
-1141
-985
-755
-696
-663
-44
799
1051
1295
2054
2426
2129
2332
2966
3283
3488
3961
4347
4265
4152
4080
3608
3428
3588
3362
2878
2934
2553
1489
636
-22
-868
-1814
-2099
-2261
-2753
-2778
-3013
-3578
-3609
-3469
-3666
-3762
-3240
-3012
-2988
-2762
-2562
-2491
-2526
-2253
-2000
-1809
-1260
-983
-900
-604
-573
-909
-920
-796
-988
-994
-547
-263
-365
296
1329
1271
1428
2434
2417
1929
2332
3139
3229
3414
4088
4303
3935
3906
3741
3153
3199
3629
3138
2764
3057
2313
955
218
-390
-1667
-2288
-2307
-2626
-3023
-2847
-3125
-3696
-3595
-3329
-3272
-3058
-2700
-2357
-2168
-2144
-2332
-2414
-1941
-1714
-1556
-1155
-495
-281
-412
-269
-413
-816
-771
-834
-1060
-774
-357
-473
-594
347
1286
1004
1219
2467
2677
2065
2346
3245
3280
3184
3908
4199
3764
3792
3636
2958
2833
3167
2663
2041
2460
1868
377
-135
-694
-1994
-2722
-2747
-2996
-3460
-3373
-3387
-3601
-3366
-3188
-3110
-2589
-2202
-2231
-1806
-1357
-1546
-1824
-1470
-1165
-1290
-934
-396
-218
-75
50
-354
-699
-559
-789
-1243
-992
-685
-652
-753
-393
540
1112
919
1513
2652
2511
2069
2540
3513
3324
3146
3888
4036
3455
3360
3247
2619
2400
2682
2126
1609
1829
1032
-441
-1094
-1543
-2725
-3124
-2747
-2991
-3417
-3192
-3084
-3422
-3075
-2479
-2439
-1850
-1083
-1101
-1194
-845
-750
-1147
-1066
-689
-523
-363
73
111
-49
67
-306
-1002
-949
-544
-1036
-1359
-956
-684
-954
-672
471
801
583
1553
2493
2411
2038
2653
3462
3353
3528
3666
3758
3653
3291
3013
2517
2463
2248
1523
1197
1103
181
-1079
-1481
-1903
-2954
-3276
-3208
-3450
-3492
-3193
-3180
-3094
-2712
-2189
-1640
-1177
-609
-343
-240
-72
70
-106
-298
-100
152
259
237
225
84
-345
-705
-1100
-1375
-1534
-1518
-1473
-1386
-1355
-1336
-1342
-747
407
727
1045
2442
3122
2396
2242
3182
3500
2933
3458
4101
3682
2993
2804
2426
1638
1596
1496
711
433
584
-401
-1594
-1921
-2685
-3739
-3520
-3030
-3265
-2749
-2087
-2327
-2374
-1531
-902
-823
-149
603
354
339
496
356
250
119
390
34
-404
-222
-645
-895
-1233
-1815
-2457
-2917
-2775
-2942
-2953
-2414
-2161
-2078
-1437
562
2664
3506
4498
6152
6271
4778
4332
5108
4571
3079
3264
3206
685
-1241
-1350
-2464
-4137
-3445
-2207
-2633
-1937
-806
-1697
-2422
-1424
-1743
-2133
-15
1542
1225
1889
3297
2974
2106
2704
2956
1723
999
354
-944
-2208
-3128
-4007
-4654
-4835
-4664
-4144
-3261
-2166
-1196
-440
49
8
-455
-416
-153
-200
273
1336
1567
1211
1191
2044
3796
4707
4772
5270
5026
3129
828
-141
-574
-1679
-1854
-1459
-2475
-3302
-2096
-1508
-1824
105
2703
3247
3536
4132
3060
1260
177
-1337
-2690
-2040
-1481
-2282
-2483
-1687
-1694
-1913
-739
1035
2231
2673
2683
1803
317
-971
-1946
-2719
-3077
-2696
-2418
-2577
-2320
-1901
-1637
-1370
-1338
-1259
-1078
-1205
-1247
-851
-351
-187
-195
-467
-452
1583
4682
5956
6098
6768
5773
2422
-193
-790
-1313
-1992
-1430
-1171
-2750
-3383
-2327
-2348
-1862
1537
4146
4373
5335
5888
3433
829
-447
-2575
-3990
-2745
-1942
-2434
-1568
135
172
545
2576
3902
4279
4041
2562
-48
-2675
-4847
-6585
-7270
-6471
-5134
-3949
-2526
-628
1006
2078
2852
2943
2407
1726
380
-1078
-1751
-2357
-3267
-3925
-4338
-4032
-1167
2803
4615
5622
7211
6573
3606
1603
1614
1267
273
188
-234
-2046
-2759
-1484
-1365
-584
3254
5616
5197
5701
5685
2420
-948
-2207
-4065
-5524
-4077
-2776
-2841
-1879
474
1850
2392
3716
5061
5107
3489
745
-2185
-4684
-6722
-8182
-8188
-6754
-4880
-2926
-1108
687
2481
3548
3285
2321
1255
-145
-2305
-3912
-4081
-4022
-3903
-3638
-3116
-2631
-387
4016
7329
8683
9969
9917
6933
2759
482
-488
-2030
-2652
-1935
-2208
-2803
-1701
-479
170
2723
6031
6608
6078
6042
3664
-962
-4074
-5780
-7488
-7075
-4638
-3115
-2171
58
1993
2996
4301
5054
4572
3641
1552
-2366
-5630
-7064
-8335
-9036
-7472
-4798
-2809
-795
1768
3297
3924
4393
3722
1718
77
-1478
-4169
-5577
-4786
-3984
-3530
-2023
-629
-170
2148
6703
9788
10665
11094
9733
5375
500
-2592
-4066
-4735
-4370
-2890
-2208
-2052
-964
386
1535
3799
6475
6891
5774
4493
1336
-3505
-6775
-8135
-8615
-6937
-3710
-1427
239
2163
3590
4130
4724
4967
4110
2938
435
-3671
-6783
-8247
-9405
-9274
-6971
-3694
-845
1597
3936
5176
5299
5071
3662
1233
-895
-2758
-4960
-6112
-5067
-3737
-2625
-847
647
1301
2609
5941
9753
11308
10936
9399
5689
-67
-4922
-6343
-5960
-5355
-2949
-109
265
43
1435
2503
2965
4953
6536
5134
2849
740
-3106
-7470
-9015
-8245
-6728
-3675
194
2436
3320
3980
4288
4407
4808
4231
2096
-428
-3226
-7077
-10010
-10154
-9046
-7314
-4050
-361
1905
3523
5225
5714
4527
3292
1738
-1042
-3316
-4596
-6025
-6121
-3837
-1523
-395
1101
2663
2749
3857
7655
10591
10496
9419
6875
1542
-3995
-6713
-6811
-5584
-3311
-429
1392
1709
1892
2563
3270
4347
5468
5188
3513
1299
-1706
-5586
-8434
-9005
-7558
-4680
-1550
1007
2715
3252
2821
2605
3151
3132
1853
163
-2036
-5047
-8009
-9504
-9258
-7866
-5366
-1955
1253
3441
5031
6102
5821
4225
2277
-5
-2414
-4022
-4869
-5210
-4128
-1611
735
2080
2951
3402
3063
3830
7082
10104
10585
9052
5650
642
-4511
-7625
-7192
-4678
-2014
692
2451
2067
1044
1103
1647
2287
3358
3841
2645
385
-2466
-5863
-8577
-8888
-6925
-3837
-623
1823
2913
2650
1750
1134
1243
1958
2143
710
-1622
-4205
-6985
-9021
-8764
-6333
-3364
-326
3241
5904
6577
6721
6973
5433
2726
875
-1091
-3213
-4015
-4158
-4139
-2718
-258
1156
1592
1946
1977
1552
2781
6569
9436
8650
6122
2926
-1661
-6267
-7493
-5092
-2357
-451
1692
2201
242
-979
-173
749
1614
2794
2679
442
-2158
-4510
-7371
-9032
-7399
-4039
-1284
1078
3110
3183
2089
1844
2134
2397
3543
3932
1574
-1565
-3668
-5629
-7150
-6315
-3669
-1217
1053
3922
5703
5731
5919
5828
3364
443
-1448
-3303
-4842
-5105
-4494
-3291
-1247
522
1220
1286
1110
768
899
3033
6886
9182
7787
4314
497
-3683
-7280
-7484
-4372
-1431
-52
1006
725
-982
-1496
144
2170
3325
3657
2821
495
-2405
-4756
-6317
-6768
-4830
-1585
555
1564
2312
2315
1881
2110
3306
4370
4897
4069
1483
-1773
-4876
-7019
-7224
-5474
-3025
-654
1589
3680
4654
4596
4859
4467
2286
-60
-2064
-4287
-5395
-4848
-3961
-2717
-876
177
340
535
665
488
727
2779
6669
9178
7785
4444
924
-3164
-6786
-6833
-3582
-916
275
1425
1131
-1048
-1891
105
2226
3120
3753
3392
965
-1701
-3190
-4595
-5260
-3392
-989
102
1126
1953
1275
675
1703
2789
3123
3761
3671
1256
-1925
-4083
-5883
-7196
-6347
-3952
-1962
-241
2442
4688
4779
4480
4410
2354
-703
-2288
-3347
-4535
-4538
-3612
-2733
-1906
-851
-154
262
757
1240
1515
2456
5159
8039
8172
5818
2618
-1022
-4833
-6520
-4541
-1705
-709
19
732
-456
-1700
-609
1673
3333
3959
3535
2079
-41
-2048
-3622
-4533
-4365
-3294
-2053
-1073
-240
430
1144
2034
3003
3790
4287
4054
2290
-532
-2990
-5158
-6736
-6618
-4980
-2822
-703
1515
3417
4327
4575
4640
3510
1225
-619
-2044
-3472
-3971
-3422
-2616
-1912
-1124
-498
-69
266
558
791
1276
3280
6736
8222
6480
3493
263
-3299
-5405
-4155
-1444
-195
269
966
-90
-2046
-1746
400
1976
2873
3041
1785
-164
-1612
-2807
-3910
-3988
-3109
-2212
-1283
-17
885
1461
2375
3510
4113
4304
4457
3639
1179
-1759
-4129
-6078
-7047
-6430
-4560
-2294
-130
2300
4644
5594
5492
4916
3064
526
-961
-1942
-2920
-2955
-2717
-2842
-2959
-2931
-2661
-1665
-286
568
810
949
2578
6088
8538
7386
4062
509
-3021
-5783
-5411
-2504
-714
-925
-907
-1369
-2893
-2558
648
3367
4351
4693
3580
837
-1049
-1713
-2884
-3693
-3108
-2518
-2220
-913
343
639
1535
3110
3911
4552
5416
4791
2466
-308
-3419
-6293
-7465
-6949
-5511
-3275
-675
1651
3280
4331
5099
4649
2949
1237
-474
-2237
-3100
-3478
-4015
-4032
-3714
-3610
-2904
-1559
-598
143
963
2274
5030
8299
8623
5574
1890
-1271
-4333
-5571
-3480
-990
-801
-914
-437
-1086
-1265
1544
4997
6011
5732
4749
1863
-1187
-2056
-2454
-3585
-3518
-2672
-2601
-1890
-136
665
1063
2712
4347
4882
5523
5838
4010
896
-1893
-4918
-7706
-8502
-7356
-5506
-3279
-314
2434
3698
4250
4623
3488
1518
530
-516
-2120
-3065
-3921
-5308
-5759
-5129
-4107
-2474
-719
462
1198
1628
3085
6548
9321
8479
5476
2213
-1646
-4694
-4299
-1521
-31
-199
-54
-252
-1273
-306
3079
5350
5548
4990
3000
-271
-2127
-2013
-2210
-2684
-2372
-2185
-2464
-1602
6
806
1666
3035
3681
3633
4003
3962
2153
-593
-3353
-6297
-8380
-8528
-7028
-4810
-2392
-16
1870
2586
2996
3564
3005
1820
1044
-445
-2462
-3540
-4572
-5525
-5210
-4339
-3386
-1659
-243
585
1453
2133
4084
7920
9735
7801
5005
2109
-1092
-2785
-1500
725
895
-359
-761
-1383
-2293
-315
3293
4229
3302
2350
98
-2286
-2047
-589
-713
-1402
-1560
-2153
-2592
-1239
265
512
1140
2142
2038
1754
2240
2155
751
-1384
-3731
-6137
-7442
-6932
-5174
-3138
-1311
162
1188
1633
2253
3168
3233
2554
1743
210
-1658
-2853
-3712
-4155
-3735
-3027
-2103
-716
380
1195
1989
2630
4492
7949
9563
7797
5213
2760
-71
-1712
-649
893
-133
-2150
-2436
-2702
-3295
-1041
2436
2805
1662
1255
-159
-1703
-362
1535
557
-1117
-1836
-3017
-3570
-1936
-330
-174
36
453
117
369
1681
2148
1228
-388
-2776
-4890
-5553
-4783
-3370
-2268
-1508
-871
-677
215
2146
3219
3355
3029
1641
82
-469
-1442
-2508
-2369
-2353
-2657
-1843
-615
154
973
1515
1914
3984
7413
8677
7124
5218
3348
817
-790
-191
375
-1275
-2980
-2942
-3123
-3106
-751
1469
960
205
127
-819
-963
645
921
-600
-1766
-2995
-4046
-3071
-1169
-525
-524
-309
-211
-184
623
1925
2110
938
-245
-1815
-4004
-4824
-4075
-3361
-3017
-2456
-1397
-686
72
2151
3718
3227
2691
2436
1044
102
65
-647
-1530
-1683
-1696
-1495
-901
-483
-118
231
1724
5437
8388
7906
6252
4724
2493
649
855
1646
319
-2548
-3916
-4031
-4447
-3129
-271
591
-379
-668
-916
-1072
251
1562
646
-1388
-2843
-3446
-3005
-1216
429
158
-704
-678
-403
180
1650
2571
2106
900
-932
-2843
-3463
-3266
-2669
-1974
-1862
-1648
-708
391
2080
3491
3330
2944
2395
1017
737
1173
106
-714
-862
-1850
-2203
-1302
-1264
-1156
-476
-84
2274
6534
8007
6441
5061
3344
1228
706
1825
1798
-778
-3495
-4072
-4593
-4914
-2544
-303
-1157
-1791
-1425
-1944
-1300
991
1246
-517
-1394
-1774
-1784
-158
1494
994
-353
-1066
-1141
-381
1168
2593
3269
2272
-78
-1885
-2329
-2467
-2277
-1139
-671
-1493
-1577
-374
528
1500
2485
2429
1654
1226
1137
1022
502
-127
-742
-1965
-2752
-2328
-1986
-2183
-1805
-1575
-824
2514
6104
5985
4199
3326
2396
1363
1758
2865
1345
-2305
-3966
-3968
-4861
-4009
-1038
-507
-1923
-1630
-1180
-1405
-104
1672
984
-679
-1245
-1014
-272
1033
1815
776
-388
27
1103
1887
2899
3753
3431
1479
-664
-1502
-1694
-2130
-1974
-1335
-1692
-2722
-2261
-390
715
1239
2175
2229
1081
1119
1809
1069
64
-167
-1248
-2777
-3070
-2586
-2421
-2409
-2172
-1974
-456
3431
6082
4791
3433
3474
2443
1897
3725
3858
438
-2595
-2993
-3371
-3775
-1489
720
-983
-2575
-1408
-1692
-2215
424
1834
-393
-1362
-682
-852
96
2294
2057
260
152
1226
1874
2713
3952
3788
1745
-81
-851
-1488
-1900
-2196
-2692
-3372
-3761
-3035
-1503
-600
313
998
466
410
1315
1193
921
959
-137
-1147
-1250
-1708
-2016
-1927
-2487
-2616
-2345
-1954
969
4872
4686
2583
2383
2218
1892
3339
4490
2721
-524
-1962
-1385
-1572
-1367
577
339
-2442
-2421
-1200
-1987
-1023
1477
298
-2074
-1707
-1243
-1153
769
2262
1055
-137
681
2185
3152
3775
3723
2558
860
11
19
-581
-1896
-2934
-3737
-4150
-3639
-2581
-1461
-885
-1033
-976
-488
-133
656
1622
1270
166
-122
-220
-597
-327
-24
-832
-1708
-1799
-1528
-181
2634
3721
1966
711
1090
1648
2443
3770
3492
1010
-918
-216
519
59
699
1278
-875
-2354
-1160
-870
-1086
467
527
-1836
-2598
-1760
-1465
-599
906
736
-455
-63
1742
2856
3718
4526
3358
1424
1182
1058
-37
-840
-1582
-3090
-4300
-4085
-2938
-2673
-2555
-1458
-1717
-2469
-948
347
-114
389
787
-334
-579
-16
-200
-207
-361
-1159
-1592
-1574
-405
2424
3832
2194
1181
1518
1554
2107
3607
3609
1210
-704
85
628
-83
787
1579
-389
-1547
32
252
-298
1225
1587
-931
-2122
-1293
-1181
-1063
226
342
-1114
-959
1026
1952
2342
3360
2962
1298
879
1021
502
-29
-688
-1998
-3422
-3809
-3132
-2984
-2918
-2190
-2660
-3571
-2430
-1425
-1683
-752
-144
-1141
-1145
-346
-710
-621
115
-249
-606
-175
811
2968
4212
2647
1706
2176
2113
2644
4174
3862
1648
261
847
1215
399
743
1504
-97
-1068
480
322
-715
700
1010
-1655
-2368
-1153
-1295
-1070
349
83
-1131
-520
1008
1349
1463
2186
1959
679
326
467
43
-511
-1167
-2353
-3653
-3984
-3279
-2977
-2983
-2351
-2515
-3153
-2136
-1100
-1290
-834
-674
-1316
-930
-229
-396
29
447
-11
164
533
1372
3685
4804
3075
2161
2743
3046
3720
4924
4553
2246
608
1172
1613
704
939
1372
-268
-1139
112
-307
-1441
-654
-616
-2520
-2795
-1599
-1255
-960
-352
-663
-1362
-688
750
1322
1239
1466
1056
-7
-300
-39
-146
-672
-1188
-2132
-3331
-3733
-2860
-2581
-2481
-1849
-1822
-2449
-1962
-1426
-1657
-1640
-1581
-1573
-872
82
617
1138
1144
967
1421
1816
2952
5260
5138
2708
2396
3444
3400
3822
4791
3562
969
308
1621
1458
453
1157
1232
-1013
-1241
220
-999
-2215
-1132
-2010
-4182
-3342
-1817
-1669
-944
-576
-1561
-1709
-264
1263
1812
1466
939
150
-599
-506
1
-286
-1133
-1615
-2419
-3271
-2912
-2034
-2148
-1715
-971
-1455
-1783
-1078
-1339
-1790
-1449
-1726
-1801
-611
455
968
1491
1319
1171
1799
3154
4855
5578
3841
2227
2419
3035
3517
4348
4107
2264
872
1432
1954
1023
984
1535
122
-1353
-737
-1180
-2799
-2709
-2569
-4391
-4929
-3303
-2100
-1489
-746
-1051
-2132
-1549
542
1971
2075
1399
124
-588
-460
-107
-198
-758
-1432
-1934
-2149
-1852
-1434
-1562
-1258
-850
-1182
-1345
-792
-947
-1102
-830
-1419
-2163
-1183
85
682
1525
1655
918
1058
2664
4645
5672
4435
2718
2589
3090
3389
4097
4184
2570
1032
1361
2018
1346
919
1346
416
-1230
-1083
-1152
-2819
-3057
-2359
-3949
-5471
-4257
-2880
-2521
-1613
-1197
-2332
-2420
-555
1110
1745
1939
1145
6
-110
551
870
478
-284
-803
-1094
-1111
-563
-742
-1454
-1293
-1020
-1547
-1289
-578
-654
-711
-705
-1717
-1992
-887
-58
439
1012
838
604
2021
4306
5141
3959
3087
3377
3597
3592
4212
3902
1838
605
1626
1797
433
391
924
-386
-1566
-777
-863
-2394
-2450
-1963
-3590
-5037
-4356
-3586
-3468
-2837
-2528
-3118
-2755
-1003
618
1544
1967
1305
780
1352
1873
1620
1282
479
-550
-729
-192
-120
-542
-923
-1356
-1701
-1644
-1262
-970
-642
-455
-814
-1401
-1415
-1108
-889
-532
40
174
1119
3288
4221
3214
3065
3860
3968
4146
4951
4544
2543
1073
1386
1716
689
288
874
116
-1048
-343
-165
-1541
-1962
-1666
-2899
-3941
-3745
-3802
-4084
-3888
-3910
-4028
-3347
-2119
-609
839
1203
471
703
1765
2431
2470
2257
1363
226
-110
347
390
-106
-304
-298
-887
-1523
-1425
-1224
-1267
-930
-715
-1195
-1279
-895
-902
-1240
-1433
-1336
-16
2307
3378
2657
2500
3303
3900
4411
5312
5324
3743
2379
2451
2330
1070
570
905
178
-767
-400
-474
-1415
-1831
-1952
-2661
-3166
-3291
-3216
-2895
-3155
-4050
-4268
-3653
-2665
-931
488
-13
-796
479
2037
2085
1811
2077
1591
653
874
1460
476
-536
-68
235
-414
-567
-514
-1179
-1472
-1222
-1536
-1735
-1210
-1154
-1347
-1102
-1104
-812
649
1314
727
1378
3179
3984
3893
4223
4334
3762
3520
4211
3844
1942
909
1292
808
-127
-111
-216
-979
-1270
-1551
-2325
-2645
-2804
-2962
-2744
-2814
-3590
-3809
-3172
-2518
-2086
-1984
-2144
-1731
-415
721
838
609
816
748
403
920
1460
858
308
314
-117
-567
-391
-267
-355
-571
-1164
-1738
-1543
-1033
-1053
-1305
-1297
-750
506
1428
850
278
1189
2412
2657
3177
3950
3509
2669
3208
3934
3310
2729
2911
2346
1016
596
608
139
-232
-771
-1799
-2131
-1963
-2358
-2682
-2441
-2885
-3522
-3024
-2182
-1928
-2133
-2402
-2258
-1700
-1401
-1048
-470
-186
-47
244
643
1012
917
650
819
886
475
336
209
-437
-795
-585
-517
-527
-307
-257
-593
-896
-372
1142
1842
885
443
1462
2397
2573
2751
2906
2443
1826
2301
3413
3336
2526
2459
2427
1857
1761
1878
1244
454
-282
-1456
-1943
-1584
-1763
-2230
-2520
-3150
-3753
-3149
-1911
-1446
-2055
-2863
-2694
-1408
-661
-1158
-1420
-1116
-1238
-1326
-548
89
-241
-506
-29
211
-210
-404
-50
174
15
-428
-954
-1047
-517
-104
-231
-322
196
1051
1360
1000
836
1486
2202
2260
2358
2542
2257
1994
2464
2721
2350
2092
2082
1858
1567
1457
1359
1381
1194
341
-563
-868
-1079
-1436
-1807
-2344
-2971
-3238
-2771
-2128
-2116
-2490
-2620
-2120
-1295
-893
-1155
-1275
-1044
-1175
-1353
-958
-630
-778
-1008
-967
-853
-803
-667
-481
-277
-240
-288
-231
109
475
456
54
-143
307
1105
1572
1256
699
1082
2268
2774
2474
2383
2484
2307
2538
3095
3053
2569
2300
1980
1627
1535
1197
699
626
686
268
-240
-479
-563
-688
-913
-1538
-2345
-2392
-1698
-1572
-2269
-2559
-2228
-1802
-1471
-1390
-1457
-1390
-1154
-901
-653
-465
-640
-1036
-1205
-911
-665
-1036
-1403
-1195
-821
-667
-541
-294
-80
59
291
522
777
1366
1866
1430
538
443
1459
2382
2422
2163
2190
2134
2131
2605
2890
2775
2591
2204
1698
1526
1450
948
330
-86
-513
-1006
-1217
-945
-628
-680
-923
-1289
-1379
-984
-674
-1278
-2122
-2242
-2126
-2191
-2038
-1786
-1892
-1886
-1647
-1453
-1255
-818
-470
-679
-1006
-852
-704
-696
-779
-922
-1026
-1113
-1031
-599
-257
-211
-154
27
422
1105
1677
1619
1150
954
1200
1421
1489
1522
1594
1565
1526
1793
2125
2159
2088
1967
1808
1790
1570
1061
739
491
53
-298
-630
-911
-978
-821
-684
-661
-583
-368
-240
-299
-314
-431
-740
-1067
-1207
-1450
-1609
-1427
-1199
-1274
-1257
-1139
-1110
-927
-646
-463
-428
-491
-768
-932
-823
-718
-821
-941
-1022
-915
-647
-233
108
296
449
634
840
1022
1257
1439
1391
1140
941
963
1183
1423
1559
1446
1279
1303
1585
1827
1781
1534
1269
1038
875
683
383
84
-77
-250
-289
-95
-29
-97
-37
158
237
265
251
61
-140
-289
-392
-537
-776
-1015
-1053
-999
-902
-936
-1173
-1263
-1136
-982
-791
-663
-949
-1401
-1525
-1417
-1272
-1188
-1264
-1341
-1246
-1024
-674
-308
-208
-174
-53
79
281
632
875
869
780
805
959
1109
1151
1088
980
944
865
879
994
945
790
671
579
488
531
520
236
-13
78
283
368
451
460
262
249
462
551
464
362
236
51
-44
-9
-25
-248
-469
-497
-518
-701
-937
-932
-851
-909
-1096
-1224
-1285
-1378
-1405
-1413
-1499
-1524
-1270
-1025
-1045
-1129
-991
-652
-313
-129
-71
11
80
308
697
842
700
688
839
850
783
830
904
969
979
957
853
715
809
1083
1029
703
600
488
383
476
454
338
387
462
485
384
346
446
597
655
612
567
485
487
630
610
307
28
-13
5
-119
-411
-791
-1102
-1134
-906
-860
-1090
-1321
-1375
-1273
-1074
-907
-935
-1011
-955
-800
-648
-438
-262
-273
-287
-162
71
214
308
461
540
556
708
851
779
696
722
748
653
588
556
414
331
394
475
440
311
38
-118
-14
127
173
81
-124
-220
-110
-83
-96
-18
-9
-102
-89
-5
57
139
157
42
-91
-142
-155
-168
-229
-375
-590
-732
-683
-616
-690
-874
-1063
-1081
-757
-448
-387
-387
-347
-309
-176
84
272
219
172
214
291
407
636
821
773
586
465
572
643
618
601
449
110
-59
-8
-13
-71
-158
-232
-212
-142
-110
-178
-342
-384
-204
-100
-199
-252
-320
-453
-484
-326
-207
-89
70
40
-72
95
386
519
506
382
274
276
255
113
-79
-241
-436
-531
-408
-397
-420
-310
-171
-94
82
268
270
283
449
522
534
698
720
569
519
574
506
455
460
344
290
355
360
203
82
30
-146
-285
-326
-473
-599
-491
-434
-454
-416
-438
-515
-469
-339
-265
-231
-218
-276
-341
-280
-117
12
71
125
219
293
398
576
661
645
628
542
520
551
514
319
58
-164
-319
-358
-394
-492
-514
-463
-412
-117
228
307
177
122
125
296
754
802
229
-70
94
59
-238
-304
-31
-100
-370
-239
-236
-471
-419
-310
-414
-645
-748
-863
-953
-763
-694
-804
-700
-528
-409
-284
-173
-176
-122
78
142
60
38
125
244
459
546
391
381
599
675
640
776
818
663
585
717
830
697
418
162
31
-88
-199
-286
-234
-112
-9
133
242
206
190
213
213
150
141
227
171
-132
-430
-513
-487
-438
-356
-348
-455
-505
-517
-580
-543
-541
-738
-854
-834
-824
-853
-833
-812
-727
-449
-122
27
116
278
346
418
593
613
517
496
484
442
398
246
165
312
547
584
514
512
574
704
930
1065
1005
932
817
707
649
563
307
-12
-64
86
215
397
501
282
15
6
156
202
158
-24
-266
-486
-597
-598
-615
-684
-770
-744
-663
-599
-566
-666
-805
-848
-832
-720
-635
-713
-925
-1019
-874
-560
-239
-77
-34
49
199
256
203
252
327
279
210
179
75
-71
-90
30
83
102
168
210
272
454
590
625
698
797
910
966
882
701
585
406
234
299
366
289
228
200
38
-91
-108
-125
-91
-47
-70
-20
15
-95
-198
-226
-258
-230
-170
-238
-325
-358
-393
-445
-442
-448
-592
-666
-630
-656
-731
-784
-700
-491
-260
-131
-173
-285
-306
-156
14
110
146
14
-169
-198
-167
-159
-125
-103
-127
-125
-44
17
65
237
412
488
679
900
935
871
753
621
556
482
429
397
354
274
227
161
42
15
24
95
148
178
325
429
363
179
57
33
118
235
211
90
-19
-138
-105
28
41
-63
-201
-265
-307
-319
-300
-335
-330
-353
-429
-437
-434
-424
-406
-376
-282
-209
-204
-197
-287
-438
-538
-547
-460
-395
-356
-424
-408
-317
-136
124
321
440
465
509
567
608
576
523
402
241
203
232
196
172
58
-83
-129
-56
165
327
311
296
284
170
43
25
34
101
176
165
188
211
163
118
171
163
125
101
30
-21
-47
-180
-349
-406
-383
-319
-263
-403
-521
-469
-391
-334
-218
-168
-267
-385
-397
-333
-339
-385
-333
-314
-351
-292
-194
-99
64
281
378
394
411
563
654
595
483
368
233
240
299
180
102
90
23
-84
-56
6
59
130
141
160
134
60
44
110
166
218
189
166
203
192
157
130
79
84
128
88
-26
-169
-347
-434
-429
-436
-434
-524
-616
-611
-539
-425
-346
-297
-181
-103
-104
-56
-60
-149
-183
-98
-30
-94
-60
9
-19
68
204
325
413
455
520
589
651
575
402
275
230
135
87
176
79
-32
0
-19
-162
-106
21
-81
-169
-171
-173
-117
-32
51
128
181
200
235
294
187
103
125
125
141
122
39
-120
-282
-373
-445
-470
-407
-251
-246
-340
-335
-322
-202
8
176
176
126
104
154
249
252
248
185
144
129
144
124
34
11
143
339
382
352
362
313
186
90
72
1
-85
-54
-79
-122
-156
-181
-248
-331
-350
-352
-346
-314
-273
-279
-298
-262
-169
-154
-135
-126
-152
-110
-29
-11
-40
23
49
61
90
-69
-264
-252
-134
-175
-166
-131
-234
-289
-208
-78
-41
88
278
391
406
394
366
351
354
383
342
261
173
119
164
184
205
216
246
226
141
45
47
14
-26
-64
-108
-148
-195
-210
-238
-273
-248
-186
-162
-213
-264
-262
-164
-30
32
-33
-201
-306
-254
-135
-30
-8
-61
-128
-76
110
231
174
88
28
-21
-8
9
16
-109
-153
-109
-113
-133
-134
-106
-41
45
94
171
257
298
251
291
360
461
558
526
400
271
245
238
234
251
233
187
148
143
134
95
54
43
26
-15
-133
-250
-264
-294
-352
-357
-454
-516
-415
-319
-298
-290
-305
-330
-284
-199
-116
-122
-149
-96
-5
35
59
57
-24
-90
-63
12
21
-21
-61
-108
-142
-131
-171
-143
-70
-59
-123
-46
54
122
193
221
257
246
314
421
425
377
339
294
346
451
425
303
276
325
395
353
210
104
44
128
268
252
95
-72
-141
-116
-108
-137
-244
-335
-385
-308
-212
-262
-309
-307
-317
-273
-230
-329
-381
-383
-459
-444
-366
-418
-469
-369
-355
-306
-221
-161
-58
9
0
-34
-61
-46
-12
59
97
-33
-78
-41
134
203
330
351
340
285
492
599
786
707
1384
1841
415
385
-43
-617
-697
-165
464
1165
-348
126
697
-511
-522
120
417
-21
127
137
167
-257
-55
-571
-622
-608
-522
-208
46
315
-35
-329
-514
-323
-513
-574
-724
-516
-795
-946
-909
-660
-440
-349
-347
170
442
238
170
360
338
-103
-420
-406
57
222
7
41
749
521
136
115
676
427
270
39
916
1053
591
788
1229
890
15
653
711
468
-5
732
432
635
-32
433
195
22
-70
-163
-549
-337
-199
-771
-1099
-549
-45
-782
-1388
-265
210
-657
-1070
-829
-286
-270
-1365
-1315
-9
-653
-793
-988
-86
-443
-484
121
-138
-330
873
282
161
-231
-250
1140
-37
-735
1230
495
30
589
57
349
1276
691
150
592
998
1051
148
366
1520
1033
223
223
767
825
496
473
776
447
85
-87
210
689
-459
-462
-284
-131
-824
-1270
-187
-458
-1379
-327
-842
-1261
-589
-1439
-415
-179
-1256
-791
-584
-786
258
-1329
-589
-231
167
-752
-708
-120
1212
-232
-268
509
268
825
-39
403
615
936
-587
587
557
603
-194
1241
807
236
696
866
697
23
1009
391
422
604
363
412
416
559
-312
-3
472
351
-28
-35
236
-197
-313
264
-557
-1403
15
-1100
-32
-1739
-823
-517
-680
-1118
-390
-2041
1038
-1264
-1157
627
-452
-433
-403
-389
-36
532
-1358
959
202
5
6
565
186
694
718
938
219
130
976
347
448
789
138
272
672
99
899
-326
1306
1225
-626
-121
1738
277
-940
509
1607
440
-2469
852
1518
122
-834
11
123
786
-1686
-802
1880
-934
-994
11
-809
-1239
-345
-1677
854
-1613
-1812
-104
-452
-1169
284
-1397
-408
313
-1275
574
52
-1120
866
911
-1541
1298
586
48
699
-575
1770
767
-979
1579
2250
-1372
671
750
938
-787
48
1421
67
-1349
916
884
-442
342
214
430
-740
1068
233
-1610
1532
1028
-1796
-3
279
526
-382
-1684
1084
715
-2385
397
678
-743
-339
24
-1008
12
-346
-1075
-734
-331
-1235
412
-1382
-255
-302
-314
-752
478
471
-526
156
9
1249
-330
-1129
563
2497
-1441
-35
1452
243
254
-64
206
1463
-124
-267
812
258
-46
257
219
-9
566
-135
-532
3
77
-95
547
255
-883
1575
-330
-1576
375
2280
-443
-1435
-244
1954
1275
-3820
-641
3266
-814
-1009
-524
600
1770
-1501
-1559
1890
-771
-126
-1276
-1252
1489
-24
-1923
-512
1242
892
-1660
-555
1620
1372
-665
-1455
1820
1654
-1689
-594
1377
516
-831
-1236
1138
1031
-883
-452
898
-104
-417
-220
143
448
-216
-223
-891
-376
888
-805
551
-485
634
-993
202
-46
2506
-828
-1120
600
1470
245
-1856
1242
1099
-38
-1605
765
-523
323
104
827
-400
89
27
-698
640
43
-1006
-356
529
-300
345
-1034
705
115
-886
276
1432
-1183
1
1011
-307
-107
1159
-767
-448
570
-112
-928
-301
896
249
-1256
-11
1124
-1821
1037
-416
628
-1368
-566
277
1312
-1490
-524
103
433
-914
-719
1884
275
-481
-452
1021
709
-1469
594
973
-105
-51
-748
907
-649
-239
-97
-588
560
1048
-1406
65
77
2083
-2353
-1118
1262
2020
-2433
602
-1318
1381
-1011
-7
638
-457
62
-561
1704
-1530
1122
-194
886
-2075
1074
-621
-376
788
24
-314
-1049
143
899
-5
-970
1419
537
-1007
-1652
2384
-843
757
-334
712
-872
236
-511
1651
-121
65
2062
-1206
142
-1024
2050
1567
-740
-2850
2609
1580
-3585
763
1696
349
-1545
-457
242
2158
-1887
-1138
2735
-751
-1322
-1524
3224
-1469
-1087
121
1980
-833
-2323
388
3202
837
-4721
990
1936
835
-2308
846
486
1186
-1663
-1408
348
510
319
-346
-766
-391
2184
-1552
-715
122
1803
-482
-992
-2257
2591
689
-1540
-60
204
110
162
-1056
1259
2173
-2419
148
1710
6
-1616
772
1065
953
-2133
-519
2100
790
-2960
-919
2919
1009
-1944
-3683
3132
2038
-1357
-3595
1013
2999
-144
-3213
259
2008
-971
-660
-659
1623
-146
-48
-1665
343
2383
-2192
-1797
2072
1925
-2520
-1805
733
2026
-786
-2965
2430
865
-1149
-1069
1456
1405
-1846
1391
-586
712
-1822
540
123
1734
-1297
-401
880
-226
472
-800
989
-603
2555
-1259
-467
828
113
-677
366
275
-655
25
-1316
2557
-160
-2557
184
2695
-1779
-308
719
-720
666
1692
-1122
-1808
588
1505
1669
-4563
-623
4058
840
-4164
-229
3662
1809
-4674
-311
3563
-430
-2905
1800
15
-531
115
723
-464
-968
338
680
1671
-1225
-823
881
924
-990
1707
-1934
124
2704
-1189
-1601
1237
52
-124
397
-651
1669
-1152
-518
630
1402
-698
-552
-1048
2175
-1536
-1375
1785
-754
-204
-304
607
-728
-290
468
1517
-3141
2611
-264
-1164
-160
-797
1525
842
-2877
1533
500
-2393
2928
-1038
-1205
1853
-556
-774
1269
-886
-98
-1612
2198
1390
-3797
-1405
3313
1519
-4450
-1029
3780
1858
-3466
-1042
1281
2544
-2189
-1064
2450
-564
-627
-334
1348
459
-1835
870
1638
-688
-1152
-600
1843
1253
-2700
394
1209
-23
-510
-920
11
1526
-147
-846
-1142
1584
758
-2905
1506
214
-850
-248
1086
49
110
-2807
3094
293
-1816
546
128
-2050
2671
-709
-2241
904
751
-205
-2199
1379
2131
-2235
-3086
2908
2244
-2456
-3021
3138
3325
-2978
-1585
1345
2485
-1602
-872
2157
1381
-317
-2946
814
3222
-736
-1768
362
2857
-818
-461
-2101
4033
86
-2035
-987
4758
-1756
-3282
1606
2674
302
-4050
999
2858
-163
-2267
-26
1929
-758
-2319
2044
1576
-3236
1603
761
-1676
584
-1379
282
1473
-2688
629
622
-2
-2412
1269
-283
-814
-1348
2235
-429
-3004
2329
153
-490
-3986
3415
2435
-3105
-1139
3460
-564
-1976
2211
-267
1088
-1892
861
2359
-3129
942
2763
-2534
-723
2018
-555
761
-2743
2056
2810
-2707
-342
-512
1440
2280
-2921
-1941
2886
514
-859
-3064
838
4607
-3295
-2392
950
2232
1434
-5335
-1223
6472
-2117
-3959
1089
2160
-561
-1439
-2982
4182
-923
-698
457
-456
-1593
3326
-794
-3302
1428
2798
352
-4912
2194
2717
-202
-3712
2522
1254
-74
-1115
2493
-900
1116
1224
-1038
-1838
1790
3670
-1771
-1374
527
2620
-1900
228
-309
1605
-704
167
783
-1577
-733
1552
462
-302
-2955
2059
1519
-1030
-2471
1225
666
73
-1502
-1294
1888
-1188
1997
-3524
-447
1915
2108
-3740
-2155
2747
1313
-1949
-3191
3693
40
-788
-2280
2585
-656
-672
2688
-1532
-2353
2698
1100
-484
-2278
1147
1862
-199
-3406
2687
1984
-1813
193
-40
1882
-1840
2134
-61
-245
-1111
3000
-729
-2783
489
2524
746
-2427
-1899
116
6411
-3351
-5528
3230
5406
-4345
-3488
2042
2228
-562
-2945
1099
1958
-3476
355
3098
-4085
1936
-236
-634
175
1266
-3088
1988
-1144
1505
-1799
-839
3078
-2278
-501
885
1010
-2561
1709
75
1407
-2584
1405
268
-1049
1709
-154
-1255
382
2218
-1941
946
-719
1499
607
-438
82
290
403
1579
-1898
-681
2324
-131
-1565
1778
929
-1349
-857
1907
850
-2217
-348
3076
-331
-3533
1983
1570
-975
-2019
2983
-192
-2382
-2297
3051
1458
-3672
-301
2792
728
-4542
927
1415
1444
-3814
1337
79
1799
-3083
-264
1655
-927
-620
-58
1018
-1023
667
-1288
655
-335
-345
552
702
-1184
-113
1459
-388
-1015
76
760
-516
545
-1044
-94
1570
1827
-3500
784
78
2353
-1268
-1682
2230
40
-30
1248
-3746
904
4966
-3446
-1570
1265
1206
465
-3025
1237
2956
-3198
484
2009
-1471
-3136
4117
1135
-2930
-2101
3427
408
-2255
-534
1029
1366
-2585
352
660
372
-1847
1821
258
-1107
516
-494
20
567
448
-861
661
-1469
1493
628
-1456
636
-271
418
1024
-667
-1546
-91
1784
-731
-300
89
867
-106
615
-1344
618
-384
498
1342
-799
-568
-119
873
-350
-873
1536
14
-136
1633
-2712
-156
3455
561
-1575
-2270
2780
1708
-2812
-826
2615
-313
-390
19
-692
-320
112
1268
-1519
-2113
1528
3025
-3916
-800
1793
927
-2713
-373
1338
-757
313
-532
-518
-1228
1848
747
-563
-2343
1856
535
-1161
485
670
-1946
-117
2259
73
-2939
679
2483
-1290
-2740
564
3694
-1562
-3144
3101
3181
-2938
-2954
2501
3189
-1171
-683
1099
-775
-1158
2663
-883
421
-713
2995
-526
-1613
-2109
2314
1997
-2170
77
347
885
-1459
-1178
-1060
3682
-407
-1647
-1738
901
657
-1504
30
853
385
-31
-809
-1077
469
-691
1787
-23
-1276
567
217
-1086
-428
-11
3003
-550
-1502
-1224
808
279
-671
-11
2006
-82
-2042
1473
11
395
-736
638
885
2047
-1149
-1799
94
3186
-1102
-88
-116
2346
-1605
-1247
642
3312
-1753
-2682
3456
872
-1331
-2458
1251
-55
909
-2546
1993
-483
-482
-2698
20
4223
-1530
-2872
-194
3181
-1088
-1429
-1144
2287
-586
-2075
1245
825
-170
-4258
1288
2498
959
-3355
-1305
916
3161
-858
-2733
484
794
668
-1121
481
-108
-9
-1454
2676
932
-695
-1308
768
1388
1211
-1295
192
623
350
1287
-478
236
174
-12
-86
3001
-691
-1229
-885
3347
712
-1752
-2153
2737
177
-1073
-8
778
415
-2614
578
832
155
-2085
356
-270
1080
-333
-1623
-800
668
1197
-596
-2291
42
-658
2357
-902
-2396
424
722
-128
-992
-403
-446
1563
-1977
581
-1245
1154
-413
-1086
312
1037
791
-1778
-66
1663
1605
-1724
-7
1204
1753
-848
-787
1446
57
195
-412
-420
932
456
390
-1040
-306
966
1542
-905
-1735
1544
220
-305
-799
971
-967
-459
354
806
-1198
-828
1067
-40
-424
83
-777
-233
-981
2024
-491
-1414
-966
1153
-348
957
-1146
-797
898
258
15
-1549
-214
425
733
-512
-231
-1052
599
709
269
142
525
236
-332
783
556
556
-107
721
756
-319
-212
701
238
169
1173
324
-198
-831
707
1126
291
-405
-251
510
691
-332
-432
-362
124
1194
62
-851
-783
879
-28
-136
191
-495
-921
-562
800
170
-906
-745
140
311
-494
-604
-314
-349
539
34
-883
-1365
-910
650
595
-233
-414
-44
-358
-387
-411
-375
212
881
809
262
-508
-120
-474
-117
860
1005
495
-140
673
68
-341
249
1063
644
35
392
150
-365
-778
50
732
50
538
-128
-685
-562
239
694
-247
-174
447
38
-694
-927
-140
173
-352
-325
716
-139
-1168
-1482
-247
98
-200
-852
-288
257
-519
-596
-747
-255
-128
106
31
137
75
-480
538
116
-370
-415
7
707
190
48
911
611
-663
-347
1072
402
-194
687
919
523
342
-195
341
714
765
650
320
564
25
150
202
515
502
246
397
-44
-107
-490
-106
450
69
-105
-290
-327
-705
-671
-486
-131
-535
-764
-308
-623
-1362
-1382
-664
-617
-797
-918
-673
-844
-1196
-942
-571
-350
-771
-99
42
-37
2
233
586
1165
1023
1200
1868
1968
1816
2004
2662
2732
2122
1933
2548
1699
1364
1880
2004
1475
921
937
849
289
-814
-720
-47
-593
-1493
-1389
-1832
-2172
-2278
-2184
-2457
-2300
-2491
-2173
-2214
-2546
-2840
-2962
-1865
-1923
-1818
-1779
-2008
-1903
-1790
-1476
-1328
-1553
-1278
-738
-68
-513
-302
1631
3052
3329
3390
3188
3349
3588
3352
4202
5047
4880
4056
3541
2730
1943
1520
1206
1162
1662
1228
281
-805
-874
-1677
-2540
-2461
-2153
-2471
-2626
-1903
-1759
-1456
-1632
-1490
-1742
-705
-526
-963
-695
-908
-1113
-1392
-2133
-2714
-3013
-2653
-2137
-2620
-2191
-2256
-2924
-2923
-2643
-2826
-2898
-2164
-1425
-1156
-387
1388
3904
4366
4046
4859
5533
5040
4451
5689
6639
6388
5394
4689
4036
1839
1048
873
878
1126
910
-1
-1391
-1583
-3266
-4721
-4549
-3622
-3428
-3579
-2871
-2428
-3106
-3398
-1818
-149
590
1022
1080
1375
702
-40
-63
95
-261
-983
-1206
-1452
-2098
-3252
-3478
-2788
-1970
-2663
-3323
-3175
-2771
-2538
-2602
-2426
-1593
67
2224
4290
4819
4590
4632
5324
5239
5279
6346
7485
6915
5650
4861
3489
820
-742
-170
106
-38
-564
-1701
-1955
-2706
-4821
-5746
-5080
-4248
-4176
-3176
-2019
-2368
-2943
-2592
-924
516
1262
2267
2666
2548
2044
1014
-13
-410
-936
-1161
-1212
-2086
-2607
-3323
-3850
-4222
-3951
-3932
-3917
-3605
-3283
-2704
-2194
-1952
-1616
-334
2032
4242
5116
5720
6569
6587
5367
5673
6522
6912
6790
5834
5105
3787
1278
-1000
-1860
-1835
-1568
-1604
-2190
-2196
-2601
-4506
-5372
-5425
-5307
-4752
-3463
-1575
-1243
-1579
-888
115
573
1024
2598
3278
2857
2415
1893
1074
-48
-1592
-2368
-2251
-2552
-3052
-3725
-3887
-3384
-3578
-4288
-4361
-3953
-3447
-2857
-1791
-633
-104
564
2238
4362
5503
5625
6459
7242
7128
6797
6968
7146
6374
5382
4432
3560
1192
-659
-1209
-1795
-2225
-2614
-2574
-2728
-3162
-3745
-4355
-4679
-4802
-4830
-3995
-2668
-1265
-1445
-1277
399
1306
1535
2053
2967
2692
2689
2354
1338
110
-1229
-2132
-2397
-3270
-3957
-3565
-3416
-3556
-3946
-3520
-3575
-3727
-3681
-2758
-1347
-737
-339
658
1869
2831
4437
5475
6157
6913
7057
6880
6521
6406
6039
5122
4247
3636
2287
-31
-1961
-2287
-2686
-3466
-3510
-3290
-3040
-3279
-3499
-4375
-4822
-4588
-4420
-4089
-2783
-1682
-1139
-717
138
1135
1931
2827
3343
3384
2570
1767
809
-168
-1316
-2277
-2443
-2596
-3196
-3895
-3678
-3640
-3480
-3254
-3277
-3047
-2472
-1638
-978
-631
-149
661
1037
1690
3666
5567
6120
6374
7236
7094
6057
5306
5306
4936
3636
3068
2297
641
-1142
-2138
-2971
-3652
-3781
-3658
-3057
-2902
-2228
-2630
-3425
-3760
-4498
-4156
-3452
-2053
-1343
-470
507
1374
2004
1978
2293
2371
2150
1813
1555
1017
-6
-753
-1988
-2789
-3108
-3947
-3983
-3316
-2706
-2564
-2334
-2249
-2269
-1946
-1767
-1195
-195
435
888
1942
2921
4228
4715
5228
6080
6715
6193
5688
5947
5365
4627
3476
2668
1574
-98
-1533
-2109
-2493
-3301
-3556
-3089
-2628
-2860
-2793
-2620
-2894
-3487
-3956
-3881
-3094
-2448
-2233
-800
216
817
1855
3031
3055
2278
2322
2401
1027
-6
-353
-800
-1836
-2770
-2662
-3057
-3932
-3999
-2807
-2552
-2972
-2696
-1992
-1507
-1464
-1035
-513
104
358
854
1957
3713
4703
5295
6114
6671
6448
5943
5409
4658
4146
3139
2466
1883
552
-1166
-1956
-2269
-3279
-3501
-3331
-2669
-2183
-1901
-1956
-2425
-2842
-3741
-3527
-2980
-2855
-2130
-767
513
1472
2520
2892
2891
2885
2332
1482
1100
251
-400
-1148
-1621
-2003
-2866
-3756
-3980
-3689
-3435
-3296
-3148
-2807
-2198
-1998
-1942
-1717
-1270
-938
-251
337
717
2127
3672
4536
5243
6254
6655
5904
5429
5065
4558
3523
2390
2076
1264
-185
-1061
-955
-1665
-2529
-2524
-2071
-2151
-2163
-1712
-1763
-2303
-2800
-2913
-2907
-2634
-2606
-1409
-360
440
1721
2991
3442
3377
3730
3026
1647
707
-33
-1137
-2068
-2616
-2645
-3124
-3366
-3412
-3172
-3357
-3886
-3850
-3482
-2841
-2905
-2726
-1538
-702
-605
-289
323
1000
2163
3853
4814
5535
6692
7095
6635
6106
5462
4495
3207
2166
1496
482
-386
-656
-1268
-1650
-2029
-2124
-2151
-2168
-1949
-2195
-2479
-2602
-2540
-2868
-2601
-2131
-1711
-605
136
615
1654
3007
3663
3606
3384
3089
2080
615
-728
-1747
-2555
-3566
-3894
-3870
-4139
-4331
-3813
-3515
-3851
-3861
-3557
-3281
-3153
-2602
-1745
-619
-161
472
1050
1948
2870
3717
4816
5808
6577
7114
7232
6753
6037
5029
3645
2234
1454
84
-1259
-1437
-1301
-2142
-2619
-2051
-1952
-2164
-1933
-1886
-2364
-3003
-3190
-2979
-2755
-2226
-1609
-637
436
1268
1861
2608
2703
2521
2365
1883
1025
122
-684
-1760
-2612
-3497
-4340
-4821
-5070
-4646
-4160
-3735
-3435
-3019
-2639
-2539
-2087
-1932
-1481
-641
323
1317
1696
2159
2794
4241
5255
5638
6413
6935
6907
6305
5674
4406
3379
2301
1441
559
-681
-1334
-1640
-1947
-2207
-2217
-1810
-1648
-1823
-1474
-1587
-1831
-2514
-2728
-2396
-2055
-1706
-996
113
614
1024
1835
2303
2208
1957
2006
1847
842
-330
-1365
-2367
-3466
-4311
-4669
-4554
-4198
-3901
-3111
-2502
-2771
-2451
-1780
-1431
-1621
-968
-92
642
1028
1377
1961
2427
3113
4288
5193
5420
6236
6496
6524
5711
5099
4236
3112
1831
845
159
-1085
-1912
-1733
-1626
-2014
-1963
-1340
-1381
-1595
-1194
-1334
-1990
-2555
-2672
-2803
-2723
-2821
-2056
-888
-230
71
795
1588
1395
776
674
189
-809
-1318
-1969
-2646
-3028
-3118
-3516
-3693
-3294
-2791
-2497
-2332
-1867
-1298
-1016
-746
-646
-266
442
988
1280
1437
1912
2103
2353
3073
4003
4565
5381
6274
6266
5824
5228
4344
3108
1736
1066
299
-783
-1298
-952
-1146
-1722
-1495
-1002
-1214
-1621
-1681
-1907
-2614
-3514
-3792
-3844
-3485
-3602
-2893
-1804
-1063
-752
-381
489
766
813
1058
1310
904
277
34
-393
-1201
-1937
-2059
-1957
-1906
-1792
-1203
-796
-846
-760
-145
-127
-295
-56
487
678
625
773
772
965
1236
2048
3178
3992
4416
5459
6096
5641
4770
4312
3622
2292
1411
602
-398
-1313
-1389
-1268
-1626
-1778
-1727
-1701
-2060
-2317
-2390
-3107
-3648
-4148
-4282
-4039
-3758
-3806
-2905
-1410
-852
-195
890
1987
2320
2359
2585
2395
1470
1099
730
3
-627
-913
-1183
-1696
-1750
-1471
-1099
-1330
-1284
-750
-620
-868
-756
-481
-577
-451
-183
-96
-68
175
691
1554
3013
3709
4330
5473
5834
5218
4753
4488
3374
1878
1071
685
-339
-1274
-1561
-1517
-1924
-2107
-1762
-1633
-1911
-2012
-2150
-2731
-3478
-4337
-4680
-4669
-4249
-3574
-2243
-827
260
1288
2277
2651
2398
2440
2407
2047
1502
1225
829
197
-390
-588
-951
-1434
-1646
-1402
-1284
-1313
-1620
-1634
-1386
-1486
-1279
-981
-616
-535
-161
228
293
410
748
1002
1800
3002
3740
4435
5143
5166
5150
5023
4279
3263
2026
1125
263
-945
-1961
-2000
-2043
-2153
-1921
-1556
-1664
-1875
-2035
-2647
-3661
-4075
-4053
-4146
-3942
-3351
-2260
-1212
-306
556
1677
2462
2672
2819
3206
2801
2115
1601
1196
619
38
-273
-863
-1033
-1111
-1345
-1418
-1392
-1500
-1489
-1311
-1322
-1491
-1253
-854
-732
-581
-17
372
455
662
974
1240
1864
2677
3037
3850
4880
5039
4653
4531
4220
3162
1705
807
-258
-1746
-2527
-2470
-2653
-3076
-2788
-2062
-1939
-1958
-1719
-1992
-2553
-3044
-3501
-3629
-3403
-3223
-2564
-1113
198
1076
1989
3125
3703
3809
4097
4086
3236
2281
1673
861
-348
-1074
-1256
-1495
-1617
-1481
-1039
-939
-1089
-1283
-1346
-1678
-2222
-2249
-2352
-2034
-1470
-1025
-584
-206
308
643
724
1305
2142
2504
2967
3769
4227
4128
3786
3645
3034
1709
694
44
-1086
-2359
-2591
-2247
-2351
-2410
-1725
-1131
-1078
-851
-882
-1338
-1777
-2179
-2451
-2626
-2399
-1930
-1204
-211
955
1988
3015
3753
4365
4615
3832
3006
2364
1244
-117
-1030
-1534
-1923
-2276
-2097
-1713
-1541
-1573
-1538
-1594
-1912
-2233
-2496
-2716
-2781
-2413
-1933
-1487
-668
47
533
1007
1174
1165
1658
2196
2308
2720
3534
4019
3824
3678
3557
3002
2054
1113
357
-433
-1167
-1426
-1542
-1662
-1325
-799
-597
-395
-155
-74
-486
-883
-1202
-1780
-2020
-2081
-1889
-1358
-634
121
997
2063
2588
2997
3205
2792
2022
1170
208
-817
-1541
-1853
-2120
-2349
-2255
-1726
-1428
-1562
-1402
-1180
-1373
-1638
-1808
-1617
-1448
-1370
-1278
-606
-119
-159
-21
304
366
203
774
1645
2004
2417
3232
3896
3791
3569
3501
3187
2448
1799
1164
291
-586
-937
-1030
-1196
-1138
-673
-148
-60
51
138
-31
-648
-1381
-1875
-2322
-2766
-2875
-2410
-1881
-1253
-496
364
1262
1739
2144
2256
1897
1493
1012
258
-494
-999
-1425
-1788
-1874
-1866
-1610
-1404
-1056
-834
-776
-552
-539
-758
-999
-1261
-1366
-1472
-1575
-1436
-1131
-719
-330
-64
329
957
1787
2227
2556
3276
3699
3629
3403
3285
2895
2167
1523
1133
495
-138
-104
19
-111
-156
193
376
169
-198
-348
-694
-1517
-2175
-2511
-2764
-3072
-3106
-2924
-2322
-1605
-732
353
1294
2119
2880
3225
3050
2710
2140
1187
246
-511
-1129
-1527
-1745
-1811
-1565
-1162
-880
-801
-886
-823
-994
-1524
-1944
-2194
-2360
-2480
-2396
-2159
-1718
-1139
-681
-138
436
1196
2126
2740
3037
3640
4132
3926
3565
3555
3400
2727
2149
1842
1410
869
648
663
452
296
291
183
-203
-515
-824
-1466
-2130
-2462
-2770
-3181
-3344
-3129
-2748
-2050
-1148
-221
774
1703
2435
2912
3022
2792
2350
1705
810
-87
-781
-1291
-1961
-2269
-2145
-2030
-1995
-1828
-1557
-1712
-1799
-1813
-2078
-2323
-2372
-2326
-2266
-1887
-1407
-1051
-549
25
494
949
1593
2215
2837
3525
3917
4103
4378
4332
3994
3738
3559
2940
2421
2177
1583
870
466
363
-95
-571
-713
-941
-1322
-1624
-1939
-2271
-2526
-2857
-3173
-3125
-2826
-2609
-2134
-1440
-865
-346
306
777
980
1278
1501
1425
1188
969
448
-298
-747
-1113
-1632
-2087
-2250
-2282
-2357
-2277
-2003
-1824
-1794
-1537
-1248
-1154
-1037
-636
-401
-320
-95
257
609
881
1100
1412
1932
2322
2638
3345
4000
4212
4423
4501
4175
3727
3397
2915
2065
1197
738
161
-465
-909
-1150
-1383
-1534
-1448
-1452
-1692
-1877
-1915
-2119
-2382
-2527
-2581
-2500
-2404
-2297
-1965
-1329
-904
-508
222
821
1184
1543
1847
1739
1531
1373
919
226
-288
-558
-1004
-1504
-1641
-1502
-1573
-1501
-1019
-712
-480
-129
106
156
23
141
195
171
298
423
653
866
921
1087
1344
1601
1806
2112
2455
2620
2712
2683
2363
1833
1508
1113
558
40
-242
-555
-1153
-1507
-1494
-1520
-1624
-1647
-1484
-1385
-1326
-1414
-1666
-1784
-1752
-1786
-1815
-1705
-1612
-1384
-1145
-821
-396
226
751
1088
1572
2157
2239
1975
1892
1647
1168
753
298
-194
-651
-900
-951
-1076
-1171
-935
-513
-418
-208
-13
57
-60
-106
-112
-329
-513
-538
-486
-562
-583
-489
-358
-142
-25
271
658
931
1052
1210
1458
1428
1201
1149
1062
679
336
213
-37
-409
-488
-227
-193
-216
-95
34
-25
-146
-254
-337
-510
-692
-855
-922
-1038
-1122
-1038
-851
-624
-323
188
865
1318
1734
2179
2334
2297
2139
1797
1170
611
222
-313
-826
-1163
-1325
-1406
-1469
-1420
-1183
-1062
-1057
-948
-879
-1031
-1171
-1158
-1277
-1517
-1577
-1444
-1452
-1510
-1354
-1013
-701
-411
-99
439
976
1254
1565
2099
2351
2345
2431
2483
2379
2043
1785
1629
1432
1156
1005
1009
941
823
889
740
490
306
44
-294
-667
-1073
-1520
-1653
-1801
-1808
-1602
-1402
-1059
-542
-6
438
924
1523
1873
1900
1725
1521
1072
429
-149
-587
-1025
-1581
-1803
-1839
-1959
-2074
-1797
-1502
-1487
-1425
-1265
-1336
-1408
-1413
-1555
-1707
-1789
-1813
-1765
-1661
-1413
-1011
-500
-23
469
1047
1581
2000
2338
2714
2998
3146
3116
3061
2931
2733
2542
2166
1818
1600
1455
1223
970
709
515
312
45
-301
-745
-1020
-1350
-1663
-1849
-1981
-2072
-1874
-1547
-1265
-1001
-768
-483
-173
117
287
597
1058
1225
1082
1021
900
433
-169
-688
-1125
-1591
-2034
-2237
-2338
-2457
-2295
-2025
-1978
-1823
-1541
-1339
-1302
-1147
-948
-833
-742
-625
-492
-226
-47
173
649
1111
1475
1958
2436
2770
3111
3354
3430
3410
3398
3236
2828
2483
2258
1985
1641
1241
871
620
311
-16
-346
-583
-748
-797
-1005
-1223
-1326
-1490
-1667
-1832
-1834
-1831
-1823
-1724
-1554
-1319
-1075
-877
-710
-507
-188
122
261
361
319
292
260
13
-405
-726
-957
-1329
-1632
-1795
-1776
-1813
-1630
-1334
-1050
-860
-514
-97
117
437
710
798
809
948
1096
1134
1053
1102
1275
1328
1420
1490
1680
1888
1950
2103
2292
2279
2142
2052
1820
1526
1185
841
625
427
174
-38
-190
-482
-661
-756
-988
-1211
-1360
-1554
-1722
-1800
-1880
-2001
-2037
-2024
-1942
-1844
-1768
-1627
-1392
-1137
-892
-666
-277
122
483
711
899
1027
944
798
577
324
87
-146
-372
-523
-700
-759
-713
-607
-428
-199
96
341
518
648
697
664
503
349
297
282
194
170
367
422
494
666
861
1003
1023
1003
1100
1203
1098
887
888
875
589
262
200
176
-18
-67
-128
-148
-257
-379
-448
-714
-1073
-1290
-1178
-1254
-1365
-1145
-885
-717
-590
-494
-383
-274
-250
-209
-43
139
255
358
579
794
936
1047
1009
932
974
826
418
132
-77
-452
-817
-974
-1039
-1177
-1182
-990
-741
-601
-343
44
291
444
538
674
584
433
330
268
177
-13
-96
-121
-261
-285
-210
-188
-153
33
263
442
447
402
376
380
205
94
167
170
230
421
710
838
929
985
1059
873
578
357
187
-135
-341
-326
-372
-474
-515
-560
-591
-597
-613
-621
-624
-604
-632
-631
-609
-607
-568
-327
-2
72
237
549
493
293
248
142
-200
-428
-415
-447
-640
-666
-371
-229
-351
-236
38
39
-72
-90
-177
-480
-723
-932
-1094
-1249
-1298
-1148
-948
-740
-580
-172
198
424
667
1085
1403
1537
1717
1900
1893
1753
1666
1556
1460
1336
1310
1258
1208
1028
772
679
487
175
-148
-261
-471
-753
-922
-1056
-1116
-1170
-1242
-1321
-1309
-1211
-1063
-912
-630
-448
-315
-89
82
161
312
411
435
508
419
303
195
62
-150
-405
-589
-746
-892
-1093
-1161
-1058
-1040
-1015
-812
-602
-470
-314
-148
23
125
212
342
418
445
519
547
554
654
820
1042
1171
1334
1563
1717
1640
1534
1457
1260
994
789
633
445
384
425
445
443
448
417
262
-15
-198
-382
-665
-960
-1022
-1052
-1108
-1164
-1221
-1214
-1190
-1196
-1298
-1233
-1176
-1175
-1072
-1015
-1070
-1051
-856
-737
-505
-159
176
416
686
889
862
797
714
458
282
232
101
11
117
283
343
423
607
753
791
820
837
816
794
619
367
257
188
34
-167
-204
-168
-160
-67
60
164
315
357
266
175
47
-221
-519
-717
-851
-905
-934
-917
-755
-573
-411
-325
-173
-63
-13
-86
-214
-343
-658
-955
-1197
-1384
-1424
-1384
-1259
-930
-552
-267
78
434
592
678
791
833
748
776
929
1005
1191
1561
1768
1952
2233
2333
2262
2070
1812
1406
891
443
115
-251
-649
-775
-784
-910
-914
-647
-409
-282
-76
98
2
-251
-531
-796
-1042
-1293
-1436
-1453
-1433
-1400
-1235
-1038
-862
-700
-504
-326
-342
-371
-406
-483
-494
-451
-381
-271
-64
160
360
494
684
791
820
817
794
737
627
450
266
182
102
40
86
230
360
452
634
805
968
1100
1174
1159
1071
907
736
596
484
486
523
474
557
632
600
482
311
76
-171
-447
-797
-1047
-1325
-1459
-1486
-1499
-1477
-1225
-968
-828
-662
-489
-435
-535
-653
-867
-1066
-1264
-1376
-1426
-1361
-1183
-892
-531
-230
80
361
566
660
628
599
518
345
272
270
247
336
561
789
918
1073
1205
1224
1119
982
896
727
506
294
139
17
-118
-160
-135
-31
154
313
418
531
633
657
679
672
610
531
419
330
230
164
142
70
16
31
79
49
-64
-140
-186
-345
-547
-718
-828
-988
-1115
-1041
-978
-926
-701
-463
-393
-305
-157
-173
-394
-531
-561
-706
-833
-841
-732
-551
-382
-182
10
242
409
398
406
346
255
109
-48
-197
-233
-228
-261
-176
-32
150
234
354
477
497
438
335
182
3
-73
-132
-109
-73
46
196
320
454
611
750
844
907
887
869
792
625
457
362
303
307
397
471
532
685
840
906
914
874
767
511
220
-112
-453
-766
-954
-1075
-1141
-1061
-914
-758
-645
-460
-298
-241
-294
-372
-473
-690
-952
-1161
-1245
-1293
-1250
-1093
-911
-735
-486
-292
-157
-65
-116
-213
-325
-506
-698
-840
-858
-752
-542
-314
-37
279
578
848
1039
1229
1322
1340
1283
1223
1125
992
863
779
733
826
908
964
1103
1258
1359
1296
1222
1107
869
642
440
212
101
1
0
3
-39
-3
4
-104
-162
-111
-216
-345
-522
-692
-855
-1093
-1226
-1229
-1237
-1233
-1167
-1086
-1033
-1016
-958
-933
-953
-988
-1075
-1203
-1240
-1200
-1179
-1101
-959
-714
-467
-283
-129
117
312
370
432
496
520
522
549
550
548
606
713
829
937
1072
1187
1284
1305
1285
1268
1173
1049
923
870
758
662
650
633
614
646
634
659
691
680
574
452
309
86
-128
-303
-383
-526
-609
-663
-741
-792
-820
-887
-898
-932
-1012
-1086
-1195
-1243
-1272
-1265
-1219
-1144
-1010
-784
-614
-513
-395
-309
-221
-129
-31
45
58
62
62
77
32
19
37
143
262
320
364
384
382
405
472
486
524
567
562
558
625
584
622
681
735
791
821
850
813
751
631
540
471
363
217
121
46
-56
-143
-211
-282
-334
-379
-414
-410
-467
-560
-569
-531
-512
-516
-422
-372
-281
-199
-125
-88
-20
83
127
127
111
154
131
110
98
103
107
94
64
32
33
7
-91
-209
-287
-386
-475
-562
-592
-628
-655
-600
-532
-452
-282
-82
88
220
364
484
438
390
382
348
276
125
6
-48
-118
-216
-223
-177
-151
-135
-119
-102
-124
-180
-286
-339
-345
-367
-338
-281
-283
-176
40
169
251
413
627
716
744
779
824
824
764
739
686
617
539
518
468
397
302
239
232
176
119
123
85
23
3
-81
-197
-320
-369
-414
-481
-535
-560
-612
-647
-666
-626
-568
-460
-336
-207
-72
-60
-38
-8
-63
-100
-110
-162
-232
-296
-367
-383
-368
-421
-428
-391
-398
-409
-379
-305
-222
-76
79
143
200
284
325
352
350
390
467
565
673
769
919
1061
1146
1152
1170
1170
1112
1008
820
610
455
284
84
-92
-188
-265
-310
-300
-270
-233
-224
-272
-318
-371
-475
-565
-622
-638
-644
-593
-543
-478
-414
-362
-329
-350
-392
-444
-520
-643
-717
-752
-787
-783
-686
-620
-598
-523
-427
-367
-355
-329
-242
-243
-263
-218
-157
-70
-10
79
233
354
429
531
642
729
805
869
940
919
903
887
863
800
727
711
684
604
486
466
410
261
175
131
13
-132
-212
-319
-408
-404
-431
-437
-395
-340
-278
-214
-164
-110
-43
12
1
-15
-15
-96
-131
-146
-150
-163
-147
-129
-80
-12
32
82
96
59
-15
-115
-221
-335
-396
-415
-410
-317
-284
-207
-116
-31
39
95
132
189
235
212
252
253
297
315
318
329
345
303
277
273
247
204
178
141
75
4
-91
-182
-301
-396
-459
-474
-542
-564
-564
-514
-464
-409
-282
-148
-44
41
172
306
364
400
428
429
391
370
375
354
364
426
476
519
581
593
603
610
539
481
437
311
206
109
32
-99
-191
-222
-256
-282
-328
-348
-369
-375
-408
-421
-442
-469
-467
-462
-471
-474
-458
-437
-399
-405
-362
-293
-288
-351
-379
-449
-506
-567
-621
-624
-661
-645
-586
-536
-478
-357
-225
-148
-39
89
159
221
303
318
310
341
406
491
558
645
782
897
949
995
1062
1067
989
941
913
808
670
569
520
462
420
429
452
481
530
538
504
389
304
229
92
-62
-225
-394
-534
-692
-804
-840
-884
-900
-914
-873
-864
-853
-921
-968
-953
-977
-951
-916
-881
-816
-741
-681
-600
-504
-400
-292
-199
-149
-53
4
22
90
116
123
128
186
195
227
305
338
379
403
436
443
481
532
595
632
689
705
680
680
681
669
660
625
580
594
572
558
589
605
628
623
586
508
426
329
218
131
45
-40
-156
-215
-253
-323
-430
-494
-544
-589
-613
-655
-691
-732
-719
-682
-637
-573
-499
-453
-385
-345
-321
-310
-300
-314
-322
-287
-225
-203
-167
-121
-84
-22
23
62
111
126
109
57
16
-42
-103
-119
-120
-91
-49
13
46
118
183
223
263
329
417
469
508
578
567
521
496
436
392
350
315
276
239
211
170
110
107
99
65
58
17
-72
-144
-209
-249
-222
-222
-226
-172
-109
-85
-63
-101
-135
-158
-180
-183
-201
-198
-203
-184
-180
-157
-166
-138
-116
-133
-116
-141
-214
-263
-262
-275
-291
-325
-264
-224
-192
-144
-115
-47
2
18
63
110
156
156
116
123
181
224
217
266
274
264
202
149
130
86
72
54
9
-53
-57
-89
-120
-88
-42
-7
5
-11
32
83
115
172
231
264
305
326
336
333
313
294
280
305
272
220
196
154
117
113
112
95
66
42
0
-114
-227
-317
-399
-459
-432
-427
-407
-352
-278
-225
-177
-168
-158
-139
-148
-135
-173
-165
-165
-164
-152
-104
-87
-92
-72
-74
-76
-41
-70
-104
-103
-98
-85
-42
-11
12
51
113
154
143
174
222
197
207
233
220
227
236
252
276
317
320
345
377
351
317
297
254
175
114
66
32
-21
-39
-9
-51
-66
-59
-99
-113
-120
-162
-166
-156
-171
-204
-221
-276
-349
-353
-355
-385
-374
-319
-296
-256
-185
-119
-45
28
26
44
69
20
-15
-44
-41
-22
7
53
115
197
227
262
319
337
306
273
251
191
141
95
60
29
21
31
48
67
97
108
109
102
103
71
27
-52
-150
-223
-253
-275
-289
-254
-230
-221
-177
-116
-118
-84
9
37
60
64
16
-64
-138
-250
-310
-320
-356
-344
-355
-334
-286
-262
-206
-144
-121
-37
17
9
114
220
242
300
392
457
536
561
522
547
557
493
438
352
271
188
106
92
100
88
113
114
94
60
20
-31
-111
-162
-220
-222
-230
-270
-282
-262
-234
-229
-212
-195
-158
-154
-178
-168
-126
-97
-134
-128
-167
-200
-192
-201
-223
-222
-162
-123
-89
-63
-27
-67
-97
-106
-123
-93
-29
24
72
154
204
238
262
270
345
447
502
540
598
639
660
654
650
616
542
485
383
279
254
234
129
108
116
17
-83
-178
-337
-469
-499
-519
-542
-498
-471
-442
-419
-423
-392
-363
-334
-311
-313
-275
-265
-293
-312
-335
-340
-304
-231
-220
-196
-167
-212
-235
-244
-264
-278
-265
-270
-261
-230
-187
-120
-76
-6
43
69
121
163
180
242
314
329
384
449
464
462
515
535
553
597
612
602
553
510
447
407
382
361
319
248
170
113
52
-25
-107
-141
-179
-255
-317
-340
-336
-331
-355
-339
-341
-382
-397
-385
-347
-324
-231
-144
-87
-24
4
-1
-54
-80
-127
-181
-200
-238
-276
-267
-243
-262
-219
-156
-109
-30
33
67
96
117
151
167
159
172
162
178
234
258
338
446
503
550
592
578
523
508
475
398
344
299
213
132
82
29
-44
-67
-92
-87
-90
-78
-57
-76
-103
-129
-157
-220
-239
-260
-296
-319
-324
-332
-317
-290
-275
-235
-197
-163
-127
-133
-93
-67
-101
-109
-125
-145
-144
-152
-159
-163
-134
-73
-43
-42
-26
-33
-97
-100
-68
-21
33
84
123
166
208
210
222
229
250
237
266
262
231
224
155
59
-5
-31
-84
-128
-126
-137
-141
-134
-105
-93
-69
-56
-67
-90
-96
-88
-67
-33
-16
19
16
20
22
11
39
14
-16
4
-10
-25
1
36
14
29
49
5
-36
-56
-82
-69
-6
31
61
92
79
32
-8
-21
-38
-28
-43
-72
-101
-129
-157
-171
-116
-77
-22
31
102
132
144
177
166
127
103
59
3
-15
-52
-72
-59
-33
-19
-19
-25
-5
17
49
41
51
72
88
73
69
47
27
23
-10
18
60
104
103
104
119
133
146
165
183
191
195
175
151
156
167
147
140
138
141
128
103
49
30
8
-58
-78
-75
-91
-92
-138
-160
-153
-189
-190
-205
-213
-195
-191
-216
-173
-156
-162
-103
-100
-62
-2
37
56
40
34
19
-2
11
21
9
6
-14
-68
-100
-130
-131
-137
-127
-111
-90
-76
-96
-84
-71
-64
-51
-18
-23
-23
-27
-11
32
63
114
178
207
209
193
153
193
194
186
166
137
105
24
-32
-58
-76
-79
-87
-114
-131
-193
-228
-266
-264
-228
-251
-223
-230
-238
-226
-205
-142
-103
-66
-31
18
53
88
132
177
211
245
262
243
213
169
131
75
79
73
64
44
42
64
64
69
85
93
124
111
71
61
54
28
14
81
89
103
139
110
82
101
72
76
85
88
66
16
-15
-84
-120
-154
-189
-192
-182
-190
-218
-226
-229
-239
-220
-166
-116
-94
-30
17
17
26
54
52
70
113
148
152
157
172
175
200
240
274
299
283
240
201
147
97
53
18
-5
-1
-26
-60
-62
-98
-119
-91
-85
-82
-65
-62
-77
-94
-110
-103
-78
-74
-37
-40
-66
-69
-74
-88
-77
-71
-108
-115
-141
-184
-191
-211
-227
-231
-252
-269
-245
-231
-214
-156
-123
-70
-38
10
77
138
182
221
272
266
274
272
267
281
283
260
256
268
228
221
253
212
168
140
103
50
0
-25
-46
-53
-58
-78
-91
-73
-98
-141
-142
-150
-134
-137
-134
-116
-127
-118
-143
-149
-154
-153
-132
-77
-84
-95
-69
-95
-107
-137
-151
-155
-165
-168
-178
-166
-176
-176
-184
-182
-187
-190
-182
-153
-112
-41
52
103
146
187
212
205
195
188
186
208
236
244
272
289
278
283
269
261
242
207
163
135
92
66
63
44
21
-14
-24
-49
-41
-23
-25
-33
-34
-44
-74
-93
-101
-70
-25
3
45
61
68
70
74
64
59
63
55
59
55
64
47
81
95
97
105
90
79
44
45
34
12
3
-22
-32
-51
-79
-96
-90
-78
-61
-22
13
-2
-55
-97
-133
-137
-138
-134
-145
-150
-129
-149
-159
-145
-139
-157
-202
-224
-202
-220
-230
-199
-183
-173
-158
-125
-112
-101
-49
7
48
108
136
103
90
98
96
119
169
179
192
213
213
226
260
301
339
380
376
347
312
279
239
217
205
155
112
86
37
-11
-10
-36
-77
-81
-99
-155
-216
-246
-271
-268
-252
-266
-272
-258
-286
-298
-284
-274
-279
-288
-309
-338
-332
-305
-288
-254
-193
-143
-110
-84
-83
-73
-26
-7
18
79
103
91
105
114
145
153
156
167
184
196
217
229
233
255
260
261
284
283
284
288
300
313
297
258
205
171
97
67
52
23
27
10
20
15
-9
-23
-59
-102
-111
-174
-231
-244
-285
-289
-256
-234
-190
-154
-174
-165
-172
-171
-159
-151
-148
-137
-148
-143
-138
-130
-99
-50
-6
16
58
59
94
107
115
113
123
139
101
109
133
179
213
226
231
239
225
229
253
262
275
283
264
249
241
239
230
237
211
199
169
125
101
71
37
8
27
11
-14
-45
-84
-118
-161
-212
-241
-278
-292
-308
-291
-265
-288
-300
-291
-295
-319
-317
-320
-290
-296
-285
-257
-242
-202
-182
-140
-102
-82
-63
-65
-37
-38
-27
5
-7
-13
12
-8
-20
-5
5
18
25
33
58
81
94
125
145
168
182
232
291
327
328
323
286
206
161
126
96
70
42
34
36
-17
-57
-72
-98
-121
-135
-139
-188
-234
-234
-270
-262
-225
-185
-139
-114
-83
-88
-80
-90
-98
-49
-7
21
36
24
27
36
27
38
74
94
95
117
140
148
162
166
171
174
167
176
174
179
188
212
227
207
196
195
164
170
162
175
189
183
167
141
118
93
77
45
40
-12
-43
-65
-96
-99
-128
-120
-130
-136
-151
-192
-217
-273
-314
-289
-280
-257
-202
-161
-120
-104
-88
-41
4
36
79
97
85
67
53
35
4
23
12
-2
14
10
-1
5
6
20
26
33
34
29
40
13
18
39
45
57
80
69
55
28
13
23
5
0
13
25
14
-22
-43
-78
-120
-121
-120
-87
-82
-78
-76
-99
-104
-124
-165
-175
-206
-232
-229
-241
-225
-198
-170
-129
-84
-25
-12
23
38
18
22
22
26
32
48
38
50
71
71
103
132
139
155
154
150
147
145
175
173
152
154
114
64
72
72
76
88
99
89
92
75
64
78
80
88
79
75
47
32
3
-8
-12
-8
0
-31
-39
-47
-71
-78
-104
-96
-101
-137
-129
-124
-128
-95
-87
-99
-100
-118
-115
-90
-63
-18
40
70
66
53
51
32
18
40
66
74
80
102
100
71
70
74
74
102
102
75
58
27
15
16
15
-4
0
33
5
4
39
40
53
52
21
-2
-13
-47
-75
-64
-50
-33
-30
-44
-45
-54
-74
-71
-74
-51
-33
-46
-39
-32
-3
-5
4
18
44
56
56
71
53
66
77
72
82
100
84
71
76
56
42
39
1
-12
-10
-29
-42
-28
-35
-47
-48
-23
-17
-44
-39
-13
-16
-42
-41
-60
-72
-72
-97
-74
-52
-60
-75
-84
-86
-93
-103
-81
-51
-51
-79
-97
-104
-96
-82
-86
-74
-78
-72
-76
-75
-42
-42
-24
16
13
25
19
-10
-3
13
34
65
88
86
76
60
49
78
86
82
93
109
97
89
72
52
27
6
-9
-28
-36
-26
-56
-59
-40
-55
-45
-23
-19
-26
-19
-22
-35
-44
-7
3
-28
-28
-12
-3
-9
18
45
43
43
34
16
17
19
24
34
37
44
27
35
29
54
70
73
49
45
68
35
57
70
80
85
81
65
65
73
67
69
61
36
39
50
59
49
53
51
26
17
28
12
-19
-24
-27
-27
-38
-34
-52
-46
-26
-31
-33
-14
-36
-58
-52
-60
-53
-37
-22
-33
-39
-29
-13
-28
-25
-8
-29
-24
-13
-12
-19
-24
-40
-35
-35
-34
-9
6
21
20
21
9
9
2
10
14
18
26
23
23
26
36
32
27
41
48
34
33
23
4
-3
-7
-19
-44
-50
-65
-63
-59
-66
-60
-70
-78
-68
-76
-82
-58
-83
-76
-57
-71
-70
-59
-66
-77
-77
-80
-61
-72
-71
-64
-72
-60
-54
-46
-19
-6
-17
-5
9
13
17
23
32
19
35
44
47
57
64
53
55
59
58
66
88
105
116
117
124
120
100
99
84
77
79
57
46
41
17
10
0
4
-6
-13
-22
-36
-60
-70
-80
-77
-54
-56
-62
-62
-61
-49
-26
-7
9
24
24
21
27
23
36
41
51
52
54
50
43
37
39
62
67
69
66
60
57
51
53
55
62
54
48
34
35
27
25
16
3
-11
-7
-5
-15
-16
7
3
-14
-13
-25
-39
-54
-54
-63
-62
-73
-74
-74
-71
-80
-73
-50
-55
-64
-70
-83
-98
-94
-82
-63
-58
-41
-12
-11
9
32
46
63
53
54
58
36
19
23
27
44
65
74
61
44
34
34
31
26
34
31
23
22
15
3
5
-2
2
6
7
-3
-16
-25
-36
-42
-44
-54
-62
-64
-75
-70
-48
-28
-17
-16
-18
-26
-42
-39
-38
-45
-45
-39
-43
-44
-35
-40
-27
-13
-13
-17
-4
-6
-3
6
29
36
29
32
22
32
48
59
60
66
59
63
48
57
46
33
35
34
43
42
40
9
1
-7
-11
-13
-18
-30
-40
-50
-56
-58
-59
-64
-66
-68
-79
-72
-55
-53
-37
-32
-39
-32
-41
-47
-42
-33
-37
-30
-12
-1
17
33
29
59
53
39
56
47
42
54
66
74
86
94
96
82
85
86
90
106
109
106
98
96
72
64
74
65
64
66
69
55
52
54
58
44
33
22
1
-12
-32
-37
-43
-45
-35
-42
-64
-78
-87
-103
-116
-106
-91
-105
-108
-108
-122
-121
-116
-103
-94
-68
-61
-63
-64
-56
-43
-34
-28
-16
-25
-35
-31
-23
-15
7
14
4
10
16
13
17
28
33
40
55
59
65
53
47
45
32
37
45
46
39
31
15
10
8
-4
-2
-4
-14
-16
-27
-40
-32
-38
-46
-36
-40
-50
-55
-55
-59
-55
-42
-41
-52
-61
-62
-62
-54
-49
-25
-6
2
7
11
11
10
22
30
36
55
58
63
82
76
83
97
106
107
108
109
99
87
95
89
88
95
87
85
67
58
57
48
57
54
44
33
7
-8
-7
-3
-3
13
18
3
-2
-8
-16
-34
-33
-38
-56
-67
-80
-93
-99
-85
-94
-88
-76
-72
-64
-55
-49
-50
-48
-57
-65
-55
-44
-46
-41
-19
-8
-5
4
7
7
2
14
20
15
11
4
8
7
8
22
34
31
27
22
6
1
-2
8
19
21
31
27
19
9
3
-1
-7
-5
-2
3
1
5
2
-9
-4
-8
-8
-8
-11
-8
-9
-13
-11
1
-2
-4
-2
-5
-5
-9
-16
-28
-28
-44
-37
-35
-38
-26
-21
-17
-10
-11
-13
2
5
0
4
4
-1
9
18
32
37
44
39
31
33
22
10
14
12
7
15
14
13
20
5
3
11
10
7
0
-4
-6
-9
-18
-20
-17
-14
-16
-10
-5
4
20
18
13
11
-1
-8
-5
-1
7
17
16
5
5
4
4
6
9
0
-6
-11
-31
-36
-39
-47
-34
-21
-24
-22
-10
-9
-13
-4
16
20
13
9
11
8
13
5
4
8
6
7
-8
-2
-1
-6
4
19
12
9
11
11
10
15
29
31
39
39
27
26
22
9
9
18
16
20
14
5
8
5
7
14
24
32
39
49
50
35
25
24
15
12
22
25
23
23
22
21
15
6
5
8
5
0
-4
-1
-7
-15
-15
-23
-39
-36
-32
-36
-38
-33
-36
-42
-43
-56
-61
-71
-79
-62
-57
-55
-46
-49
-53
-54
-52
-49
-45
-44
-46
-36
-33
-25
-14
-8
-6
0
-6
-11
1
0
-5
-3
-5
-3
7
13
10
11
10
12
20
23
20
16
19
21
14
22
31
21
26
28
26
20
18
13
9
16
16
10
6
4
-6
-6
-11
-12
-7
1
10
4
-1
-15
-22
-22
-21
-10
2
9
7
9
4
14
21
14
24
32
29
36
44
43
45
52
54
50
51
45
48
52
55
59
55
46
49
33
23
24
12
9
8
8
-1
-2
-14
-16
-15
-14
-11
-8
-10
-16
-16
-15
-12
-5
2
5
6
-6
-15
-22
-29
-28
-16
-15
-12
-9
-17
-31
-39
-38
-34
-33
-22
-24
-26
-18
-17
-15
-4
1
0
-2
-7
-9
-7
-8
-10
-9
-3
-4
4
13
9
11
15
12
6
9
4
-7
-12
-18
-24
-16
-6
-4
-6
-8
-13
-25
-33
-39
-39
-38
-28
-25
-25
-28
-32
-44
-58
-57
-60
-64
-52
-41
-39
-36
-28
-33
-35
-33
-27
-27
-20
-7
-4
4
5
8
10
16
18
18
21
28
34
40
47
49
55
52
38
36
39
36
38
44
58
63
63
61
57
48
41
43
36
31
28
20
2
-1
-3
-7
-1
8
1
0
3
-3
2
2
1
-1
-6
-8
-11
-16
-17
-11
-17
-15
-17
-25
-11
-7
-8
6
18
16
20
23
7
2
-4
-6
0
9
17
21
18
22
21
16
21
14
11
18
27
28
28
20
8
3
0
4
3
4
5
5
3
4
3
-5
-7
-14
-11
-5
-10
-6
-5
-11
-22
-30
-34
-37
-40
-37
-27
-31
-24
-24
-26
-22
-19
-27
-25
-19
-17
-6
-2
3
1
2
-4
-6
-3
-8
-7
-7
-10
-7
-8
-9
-3
-6
-10
-18
-16
-15
-11
-7
-1
-2
-8
-3
-16
-20
-9
-1
3
12
11
6
2
-4
-8
-10
-11
-6
2
4
7
4
0
-2
-4
-3
1
9
14
21
15
7
10
6
5
13
12
8
12
18
14
22
30
33
29
24
19
4
5
9
8
19
28
22
18
12
0
6
6
4
3
0
-6
-13
-13
-16
-12
-9
-13
-20
-20
-19
-20
-17
-11
-10
-8
-12
-11
-15
-19
-15
-10
-4
-6
-12
-18
-19
-24
-24
-3
4
1
3
1
-2
-3
0
-4
1
3
-1
3
0
-1
-2
4
10
18
20
20
19
10
14
16
13
21
22
21
17
14
10
7
14
19
21
18
26
23
8
3
11
13
14
10
3
0
-9
-16
-13
-8
-9
-4
1
-3
-5
2
0
-2
1
6
2
4
-1
-4
-4
-11
-7
-5
-8
-6
-7
-10
-6
-8
-2
-3
-2
-5
-12
-16
-16
-10
-8
1
8
6
5
1
-2
2
2
8
11
8
11
11
9
9
9
4
5
7
4
1
-1
0
4
7
6
8
9
4
0
-9
-10
-9
-15
-12
-9
-10
-9
-5
-12
-14
-14
-16
-18
-18
-22
-22
-26
-31
-24
-25
-20
-14
-14
-9
-4
-9
-15
-14
-17
-16
-19
-18
-20
-19
-16
-15
-9
-7
-4
-11
-8
-9
-4
3
6
8
14
10
3
3
10
17
21
28
23
15
14
7
6
8
9
10
12
15
19
17
16
18
11
11
9
2
5
1
2
1
0
6
4
2
1
2
4
4
-3
-1
0
-7
-4
-2
-4
-1
0
1
8
12
18
27
26
31
32
24
22
18
11
13
18
21
25
20
15
17
8
6
9
11
14
19
18
13
13
11
9
14
9
11
9
3
4
6
3
4
7
3
5
4
1
-3
-7
-12
-15
-17
-20
-19
-21
-24
-28
-30
-29
-31
-28
-30
-26
-22
-22
-21
-15
-11
-15
-13
-12
-17
-23
-23
-23
-22
-19
-16
-15
-16
-7
-3
-5
1
4
6
5
7
8
5
-2
0
1
1
6
7
2
3
2
-7
-7
-7
-11
-11
-10
-9
-9
-11
-12
-14
-10
-5
-3
4
4
2
0
-2
-8
-16
-18
-19
-15
-10
-5
0
-1
-6
-8
-7
-10
-5
-1
2
3
-5
-5
-7
0
9
14
17
15
11
5
2
2
6
9
9
7
8
13
14
16
19
24
23
21
22
23
19
14
15
14
13
15
16
19
19
19
15
11
7
3
2
3
7
11
12
10
11
13
21
27
29
30
20
17
14
16
18
17
22
23
20
20
18
18
19
17
12
13
7
3
3
-3
-2
-3
-3
-1
-2
-2
1
-3
-6
-14
-17
-20
-22
-25
-27
-30
-33
-37
-34
-32
-34
-31
-34
-39
-36
-37
-42
-40
-41
-41
-39
-39
-35
-28
-25
-17
-9
-10
-6
-8
-12
-10
-13
-14
-9
-7
-6
-6
-2
1
4
4
4
4
7
8
9
13
11
15
17
14
5
4
3
-1
2
3
6
2
1
-1
-3
-5
-6
-4
-2
-2
-4
-7
-11
-7
-9
-8
-5
-4
-5
-3
-3
-1
4
5
13
19
23
27
27
25
26
23
19
19
17
12
9
14
15
18
22
25
28
27
24
20
13
9
4
5
7
11
12
13
14
12
9
6
2
1
7
8
14
13
6
2
-1
2
5
4
5
5
2
0
-1
-1
2
2
4
5
2
-3
-6
-4
1
2
5
6
2
1
-1
3
2
8
12
1
0
-3
-6
-8
-5
-6
-11
-6
-8
-9
-8
-6
-6
-10
-11
-13
-14
-15
-18
-15
-16
-16
-20
-20
-24
-26
-22
-20
-19
-18
-13
-10
-13
-14
-11
-11
-15
-14
-13
-16
-14
-9
-13
-9
-8
-13
-11
-6
-9
-7
-2
-2
-3
-4
0
-2
-1
-4
-5
-6
-2
-3
0
3
2
6
5
4
2
0
-6
-8
-9
-9
-9
-7
-4
-2
0
5
7
4
6
7
1
3
2
0
3
6
7
11
13
9
10
9
4
6
5
9
10
7
10
10
10
12
13
14
15
16
17
18
17
19
15
16
18
17
19
18
14
14
13
11
12
14
8
8
4
3
4
7
7
10
9
10
7
8
10
9
12
17
17
12
10
1
-1
-4
-4
-5
-3
-3
-5
-6
-7
-7
-3
3
2
3
2
-2
-5
-1
1
-2
-5
-7
-10
-11
-10
-7
-4
-3
-2
-2
-4
-4
-6
-5
-3
-6
-10
-8
-5
-7
-7
-11
-8
-8
-12
-11
-9
-9
-9
-9
-12
-11
-16
-19
-18
-17
-13
-13
-11
-6
-4
-7
-9
-12
-16
-14
-11
-9
-8
-6
-3
0
-1
3
5
6
5
6
13
14
12
11
11
7
4
1
1
2
2
2
3
-1
-1
-3
-4
-3
-4
-5
-7
-5
-6
-10
-7
-9
-13
-13
-13
-15
-18
-15
-16
-15
-12
-11
-12
-9
-10
-14
-17
-19
-13
-7
-4
4
8
9
7
8
6
5
10
13
14
19
18
17
15
11
13
12
13
15
15
14
11
11
17
17
17
19
18
17
16
19
17
11
7
7
0
-5
-3
-5
-5
-2
0
-2
-5
-4
-3
-2
1
2
4
2
3
4
4
11
14
17
18
18
15
16
17
16
16
17
14
11
10
7
9
14
19
24
27
21
14
7
2
0
-2
0
-1
-4
-6
-11
-12
-10
-9
-8
-10
-14
-16
-20
-25
-28
-24
-23
-24
-22
-23
-21
-24
-23
-24
-25
-25
-24
-25
-25
-24
-18
-13
-9
-5
-8
-8
-6
-5
-4
-5
-3
-5
-5
-1
-2
3
7
12
15
12
9
10
4
1
3
2
5
4
2
3
2
2
2
-1
0
1
0
-5
-8
-9
-11
-8
-6
-6
-6
-5
-9
-11
-7
-2
-1
4
6
5
4
4
5
5
5
5
10
14
13
13
11
8
6
7
9
7
8
4
6
3
1
6
8
8
12
15
12
11
9
5
1
-1
-3
-2
-2
-3
-4
-5
-3
-3
-2
0
4
5
6
5
4
-1
-4
-7
-7
-8
-2
1
3
3
6
7
2
1
0
-1
-5
-2
0
4
7
8
13
14
10
6
8
7
9
9
7
7
3
2
0
3
3
1
4
2
2
0
-2
-3
-4
-3
-4
-3
-4
-7
-9
-7
-6
-6
-5
-3
1
2
0
-4
-6
-8
-7
-7
-4
-2
-3
-8
-8
-10
-12
-9
-5
-5
-3
-3
-8
-6
-6
-7
-1
2
-2
1
2
-2
-5
-8
-6
-7
-7
-4
-3
-4
-2
-3
-1
1
-1
-2
-1
-2
-5
-6
-5
-6
-5
0
-2
-3
-2
-1
0
4
3
5
7
4
4
4
4
6
8
11
10
5
2
-5
-7
-7
-4
0
2
5
5
5
2
1
2
4
4
4
4
1
-1
-1
0
0
-1
0
2
0
1
0
-2
-3
0
2
1
2
0
-1
-1
-2
2
4
3
4
7
3
-1
-1
-3
-3
0
1
2
3
5
7
6
8
9
8
9
12
10
6
3
1
-1
-2
0
0
-1
-1
1
0
2
1
0
2
1
0
-1
-2
-2
-1
2
-1
2
2
2
2
5
5
4
4
1
-2
-4
-6
-6
-5
-5
-4
-3
-3
-4
-3
-1
2
0
1
4
0
-2
-3
-2
-1
1
3
4
5
1
-3
-4
-7
-6
-4
-2
-2
-2
0
-2
-2
-2
-4
-4
-2
-2
-1
-4
-5
-8
-8
-7
0
2
4
2
2
3
0
1
0
-1
0
0
-2
1
1
1
2
2
5
3
-2
-4
-4
-7
-5
-5
-5
-5
-4
-3
-3
-3
1
1
0
2
-1
-3
2
3
3
7
7
5
4
0
0
0
-2
-2
-1
0
2
-1
-1
0
0
-1
1
-1
-1
1
2
3
8
7
6
5
1
1
-1
-3
-5
-6
-6
-4
-5
-4
-4
-5
-4
-3
-5
-6
-5
-7
-5
-6
-3
0
-1
-1
0
2
1
2
2
0
2
3
3
4
6
8
9
7
12
14
14
15
15
14
12
9
8
8
10
10
11
13
14
12
12
10
6
6
10
7
9
11
7
4
-1
-3
-2
-3
-2
0
0
0
-3
-3
-5
-7
-10
-12
-13
-16
-15
-13
-12
-12
-12
-15
-16
-17
-18
-16
-14
-18
-15
-16
-17
-18
-15
-15
-13
-6
-5
-3
-5
-3
-6
-2
2
2
3
4
4
5
6
7
8
7
7
5
2
1
1
4
5
7
8
7
6
5
5
6
8
9
9
8
7
2
2
1
0
-1
3
-1
-3
-3
-5
-7
-11
-11
-10
-11
-11
-9
-9
-8
-5
-5
-6
-4
-4
-7
-5
-3
-4
-3
-1
-4
-6
-6
-6
-5
-5
-3
2
5
8
9
8
8
8
7
5
5
4
5
8
7
7
9
5
5
4
5
6
6
5
6
7
6
9
7
8
7
6
7
5
6
6
7
4
4
3
0
2
0
0
1
0
1
1
3
-1
-3
-5
-5
-1
1
4
6
8
9
8
10
9
9
8
7
6
6
4
4
3
2
0
2
2
-1
-1
0
-1
0
1
0
2
-1
-3
1
2
3
6
4
0
1
-2
-1
0
0
2
-1
-2
-7
-9
-10
-10
-10
-11
-9
-5
-10
-10
-10
-11
-12
-11
-13
-13
-11
-10
-6
-2
-3
-2
0
-2
-3
-5
-4
-3
-3
0
2
1
-1
0
-1
-3
-1
-2
-5
-4
-7
-6
-9
-10
-8
-6
-3
-3
-2
1
2
-2
-3
-6
-7
-7
-6
-4
-4
-6
-9
-12
-13
-10
-8
-8
-4
-4
-3
-2
-3
-4
-3
-3
-4
-3
-2
-2
2
1
-1
2
6
8
10
12
9
6
7
5
6
9
12
13
15
15
15
12
13
15
14
15
12
8
8
7
7
9
13
10
9
9
6
4
4
4
5
7
6
7
8
9
11
11
9
9
6
2
1
-1
-1
-3
-2
-1
-3
-3
-5
-1
0
0
0
-1
0
0
2
2
4
6
7
9
6
2
0
-5
-7
-5
-4
-3
-3
-2
-3
-5
-5
-6
-5
-4
-6
-6
-7
-6
-6
-7
-5
-3
-5
-3
-5
-5
-5
-5
-7
-5
-5
-5
-4
-2
-1
-2
-1
-1
-2
-3
-5
-5
-5
-6
-6
-5
-3
-6
-4
-5
-5
-9
-8
-7
-9
-7
-4
-5
-2
-3
-5
-4
-8
-9
-8
-9
-7
-5
-4
-5
-4
-3
-2
-6
-2
-1
-3
2
1
-4
-2
-3
-3
2
4
4
0
0
-3
-2
1
1
3
2
0
-2
-4
-1
1
2
7
8
5
3
2
0
2
6
8
7
8
7
5
6
7
8
8
9
9
9
9
7
5
7
9
7
8
9
5
7
7
9
9
9
9
10
9
10
12
9
13
11
8
6
3
1
2
-1
0
2
-1
-2
0
2
3
4
5
3
2
0
-4
-6
-6
-5
-6
-7
-7
-8
-7
-6
-7
-4
-5
-6
-7
-5
-5
-4
-4
-5
-3
-3
-4
-5
-2
-3
-5
-4
-4
-3
-1
-2
-2
-2
0
-2
1
0
0
-3
-5
-3
-4
-5
-1
-1
0
1
-1
-1
-3
-6
-5
-6
-7
-5
-5
-5
-4
-1
-2
0
-1
-2
-3
-4
-2
-3
-3
-3
-4
-2
-1
1
1
1
1
-1
-3
-2
-3
-2
1
-1
-3
-2
-2
-3
-1
1
0
0
2
2
3
2
-1
-3
-4
-1
1
5
5
4
2
3
3
7
13
13
14
11
9
7
8
7
9
9
6
3
2
4
1
1
2
0
-1
-1
1
0
4
5
7
7
7
5
3
2
2
0
-3
-2
-4
-6
-9
-9
-9
-6
-3
-2
0
0
-5
-6
-5
-7
-7
-4
-3
0
3
3
4
3
2
0
-4
-4
-5
-5
-3
-3
-2
1
1
0
2
2
1
1
1
1
1
4
4
2
1
2
-1
0
-1
-5
-4
-4
-4
-2
0
0
0
-1
-3
-5
-6
-8
-6
-7
-6
-5
-3
-2
0
-1
-3
-4
-2
-1
-1
-2
-1
-1
-4
-1
0
2
3
4
2
0
0
-3
-1
0
2
5
6
5
3
0
0
2
4
5
4
3
0
-3
-3
-2
-4
1
2
1
2
2
1
0
2
1
3
3
6
5
2
4
4
3
5
9
7
6
5
2
3
2
2
6
4
3
3
1
1
2
4
5
5
2
-2
-3
-3
0
-1
2
5
4
2
4
2
-2
-4
-4
-4
-7
-8
-9
-11
-10
-5
-3
1
2
3
-1
-3
-2
-2
0
0
0
-1
-2
-5
-6
-2
-2
2
3
2
2
-2
-4
-4
-3
-2
-4
-3
-5
-4
-4
-2
0
-2
0
1
0
2
0
-1
1
2
3
4
1
-1
-1
-4
-2
0
3
3
3
3
3
3
5
5
3
7
7
5
4
4
2
-1
0
1
1
3
2
1
0
-3
-1
-3
-2
-3
-4
-5
-7
-8
-8
-6
-6
-5
-4
-4
-3
-1
-4
-2
-2
-1
1
3
3
3
3
5
4
5
6
4
4
4
2
3
5
4
3
2
1
-1
0
2
3
4
3
2
-2
-6
-7
-4
-3
0
1
1
2
1
-1
-1
-3
-5
-5
-6
-5
-5
-6
-4
-2
1
0
-3
-3
-5
-4
-2
0
0
1
1
-1
-3
-4
-3
-1
2
4
6
6
3
1
0
3
1
3
2
2
0
0
-1
-2
-2
-1
-1
-1
0
-3
-4
-3
-6
-5
-3
-4
-4
-6
-7
-6
-4
-3
-3
0
1
-1
1
3
4
6
4
3
1
0
0
0
3
7
9
8
8
6
5
3
4
5
5
8
10
10
7
7
10
10
10
12
12
9
8
5
5
5
4
4
4
6
6
5
6
2
0
-2
-5
-6
-8
-8
-6
-6
-2
1
0
2
-1
-3
-1
0
-2
-2
0
-3
-2
-2
-5
-6
-8
-8
-7
-8
-8
-8
-9
-8
-8
-8
-6
-7
-6
-6
-3
-1
-2
-3
-3
-4
-6
-7
-8
-6
-5
-5
-5
-6
-4
-5
-5
-4
-3
-2
0
-2
0
-2
-6
-3
0
0
2
1
1
1
3
1
3
3
2
2
1
1
-1
0
2
3
1
3
3
0
-1
0
-1
-1
1
0
1
4
3
3
4
3
5
6
5
4
3
2
1
3
5
4
1
1
-1
-2
-2
1
2
4
5
4
5
6
5
5
6
5
2
1
-1
-1
-1
2
6
8
9
9
8
4
3
2
2
5
3
2
4
3
2
3
2
0
1
-2
-3
-4
-3
-2
-2
-2
0
-1
-1
-2
-1
-1
-2
-4
-2
-5
-4
-5
-6
-5
-8
-8
-7
-6
-6
-3
-4
-7
-9
-8
-8
-7
-8
-8
-6
-9
-9
-7
-5
-4
-4
-3
-3
-3
-1
0
0
1
3
5
4
4
4
2
1
3
7
4
2
2
-1
-2
-1
-1
2
3
4
3
1
2
2
4
7
7
4
2
0
-1
-2
-2
-1
0
0
-2
-1
1
-1
-1
1
2
2
0
2
1
2
2
0
0
1
3
3
4
3
4
3
3
4
6
6
3
4
4
0
0
0
1
2
2
3
3
3
3
2
1
1
2
2
2
4
3
2
3
2
3
2
1
1
-2
-5
-3
-3
-2
-1
1
1
2
3
1
0
1
-3
-4
-2
-5
-5
-5
-4
-1
-1
3
3
0
-1
0
-1
-1
-1
1
1
1
0
-1
0
-2
-1
1
-1
-1
-1
-1
-2
-4
-1
0
-1
0
0
-1
-2
-2
-1
2
0
-1
1
-1
-1
0
0
1
2
1
-1
-3
-3
-1
-1
-1
1
-1
-4
-4
-4
-2
-2
0
-1
-1
-4
-5
-4
-3
0
1
1
-1
-2
-4
-3
-3
-3
0
0
2
0
-1
2
3
4
4
3
0
0
-2
-1
-2
-3
-4
-3
-4
-4
-3
-2
-1
-1
0
1
2
3
2
3
3
2
3
0
1
2
1
0
2
1
1
1
-1
0
-2
-2
-2
-1
0
-1
0
-2
-1
1
3
3
3
4
2
1
1
2
3
3
3
4
4
2
0
0
1
1
0
-1
-1
-2
-3
-5
-4
-2
0
0
2
0
-1
-1
1
1
1
-2
-3
-5
-7
-6
-3
-2
2
3
1
3
2
0
2
2
1
2
2
1
1
0
1
0
1
3
1
3
3
0
1
1
1
3
3
4
4
6
6
6
7
6
2
4
4
4
4
4
2
1
-2
-2
-3
-3
-1
0
1
1
2
0
-1
0
-1
1
2
2
2
2
-1
-1
0
2
3
4
3
0
-1
-2
-3
-1
1
1
-1
-1
-3
-4
-4
-4
-3
-2
0
-1
-4
-3
-4
-4
-1
-2
0
0
1
1
2
1
1
2
2
2
-1
-1
-2
-3
-3
-3
-3
-4
-5
-8
-7
-9
-10
-9
-7
-4
-4
-6
-4
-3
-2
0
-1
-3
0
-2
-4
-2
-3
-3
-1
-1
0
0
-2
-2
0
-2
-3
-2
-1
0
1
2
3
3
2
2
2
2
1
2
0
-3
-3
-4
-3
-3
-4
-4
-3
-5
-4
-4
-5
-5
-4
-4
-4
-2
-3
-2
-2
-4
-3
-2
-3
-2
1
2
3
4
2
3
6
9
10
12
13
13
13
12
10
7
7
5
5
7
10
10
10
9
7
6
3
5
7
7
8
7
5
5
6
5
4
6
7
8
10
8
8
3
0
1
-2
-1
-1
-3
-3
-1
-1
-1
0
1
2
4
2
3
3
3
2
0
1
0
-2
-3
-1
-2
-2
1
1
2
1
-2
-3
-6
-8
-6
-6
-7
-8
-9
-10
-11
-11
-11
-10
-9
-10
-10
-11
-11
-13
-14
-12
-13
-11
-11
-9
-8
-6
-6
-5
-4
-5
-5
-5
-5
-6
-5
-8
-7
-5
-4
-4
-4
-3
-4
-4
-3
0
0
-1
-1
1
1
1
2
4
7
5
6
7
7
6
5
4
0
1
0
-1
0
0
0
3
5
4
4
4
5
3
4
6
6
6
6
5
6
7
6
6
8
7
5
4
3
1
-1
-1
0
1
3
2
2
3
4
5
5
7
5
3
2
1
1
1
3
4
3
2
3
3
5
5
6
5
4
4
2
-2
0
2
3
4
5
6
6
2
3
2
-2
-3
-4
-6
-5
-6
-7
-5
-3
-2
-2
-1
0
-3
-5
-3
-4
-3
-3
-3
-4
-4
-4
-3
-3
-2
-2
-2
-2
-1
0
-1
-1
-1
2
1
-1
0
1
0
2
2
0
1
3
2
2
2
-2
-6
-4
-5
-5
-3
-2
-2
-2
-1
-1
0
0
1
-1
-1
-2
-4
-6
-5
-5
-4
-3
-4
-2
-2
-3
-3
-5
-4
-4
-4
-3
-2
0
1
0
0
-2
-1
-2
-4
-2
-2
-6
-5
-5
-6
-4
-4
-3
-2
-3
-1
1
3
3
3
2
2
2
0
2
0
0
-1
0
0
1
0
0
2
1
1
1
0
-1
2
4
5
7
8
7
6
6
5
2
1
1
2
2
2
2
1
2
1
1
2
-1
1
2
3
5
4
1
1
0
0
1
3
5
6
3
3
3
2
2
3
3
2
3
4
3
3
3
2
3
4
4
4
5
6
5
7
5
3
2
0
0
-2
-2
-2
-3
-2
-1
-2
-3
-2
-2
0
2
5
6
4
4
2
1
-2
-1
-1
-2
0
1
1
0
1
0
0
2
2
0
-2
-3
-2
-1
1
2
1
1
-2
-2
-1
-1
-1
0
-1
-4
-5
-8
-11
-10
-10
-11
-10
-11
-10
-9
-8
-9
-7
-7
-7
-10
-8
-9
-10
-10
-9
-8
-7
-2
-6
-1
0
0
-2
-2
0
-1
-1
0
0
1
3
3
4
4
2
2
3
3
2
4
3
2
1
1
2
4
3
3
4
5
4
3
4
3
1
2
3
0
-1
-1
-2
-2
-1
-1
0
1
0
-2
-2
1
1
1
1
2
1
1
2
2
2
3
4
2
2
2
0
1
0
2
1
1
2
2
3
4
3
5
4
4
3
3
4
6
6
6
5
3
2
1
1
1
0
3
3
3
4
3
4
5
4
5
2
5
4
1
4
6
4
7
6
3
3
1
-1
1
0
1
1
0
0
-2
-1
-1
-2
-1
-3
-4
-5
-5
-6
-6
-4
-6
-3
-4
-6
-8
-8
-8
-10
-8
-6
-5
-5
-5
-3
-4
-3
-5
-5
-3
-3
-2
-1
-1
-1
0
0
-1
-1
0
0
0
1
0
2
2
2
-1
0
0
0
0
-2
-2
-2
-4
-4
-5
-5
-4
-5
-4
-2
-3
-2
-1
-2
-2
0
-1
0
0
1
3
1
-1
-2
-3
-3
-2
-2
-1
0
1
2
1
3
1
1
1
3
4
6
6
5
6
5
6
6
4
5
3
2
2
4
3
3
3
2
-1
0
-2
0
4
5
5
4
1
0
-1
-2
0
1
1
1
0
1
2
2
4
3
3
2
1
2
1
3
4
3
2
1
0
-2
-2
-4
-3
-3
-4
-3
-2
-3
-1
0
1
3
2
0
0
-1
-3
-3
-1
-2
-2
-2
-2
-1
2
3
2
1
2
0
-1
-1
-3
-2
-2
0
-1
0
-1
-2
-3
-2
-2
-2
1
2
2
2
1
0
-1
0
1
2
2
-1
-1
-2
-3
-4
-5
-5
-6
-5
-4
-2
-1
1
2
0
0
0
-1
-2
-3
-3
-3
-4
-3
-3
-3
-3
-2
-2
-2
-1
0
1
2
3
2
2
2
1
0
-2
-1
-4
-5
-3
-2
-2
0
-1
0
-1
0
0
1
3
3
5
5
4
3
3
4
3
3
3
1
-2
-2
-2
-2
-3
-2
-2
-2
-2
1
1
3
5
5
3
5
1
-1
1
-1
0
2
1
2
5
3
3
4
2
1
2
2
3
3
4
4
2
4
3
4
5
3
2
0
1
1
1
-1
-1
-1
0
1
4
4
5
3
3
3
2
1
-1
0
0
-1
1
2
2
2
3
3
2
3
2
1
0
-1
-2
-2
-2
-2
-1
-1
-1
0
-1
0
0
1
2
1
0
-2
-3
-5
-4
-4
-4
-4
-4
-4
-4
-4
-6
-3
-3
-6
-6
-8
-9
-8
-6
-6
-5
-3
-2
-5
-6
-7
-8
-7
-6
-6
-5
-5
-4
-4
-2
0
1
1
1
1
1
1
0
1
1
1
0
-1
0
0
-1
0
0
-1
0
-1
1
3
2
4
4
5
3
2
3
1
-1
-1
-1
0
-1
0
-3
-1
-3
-5
-4
-3
-4
-2
1
2
4
6
6
5
5
6
4
3
3
3
1
1
2
1
1
2
4
5
8
8
5
4
4
2
1
3
2
2
3
3
3
5
5
5
4
3
2
2
2
1
2
4
3
1
2
0
0
3
3
4
6
7
7
6
4
3
3
6
7
8
8
5
2
1
0
2
3
3
3
4
4
3
3
3
3
3
1
-2
-4
-4
-6
-5
