8.210810
8.111833
7.511436
7.431225
7.168334
6.368188
5.988053
5.936765
5.929960
5.928814
5.928555
5.928487
5.813721
5.080431
4.986943
4.942817
4.893982
4.800938
4.750823
4.741375
4.737057
4.734889
4.733686
4.732702
4.732056
4.731322
4.730366
4.729237
4.728413
4.727819
4.727373
4.726953
4.726578
4.726136
4.725579
4.724940
4.724060
4.723112
4.722253
4.721230
4.719877
4.717784
4.715092
4.711181
4.705652
4.697949
4.686567
4.669619
4.646629
4.623094
4.601653
4.583172
4.566814
4.554631
4.546824
4.542655
4.540750
4.539993
4.539644
4.539482
4.539397
4.432498
3.888088
3.810815
3.773997
3.757411
3.748148
3.742220
3.737776
3.733631
3.729774
3.726095
3.722611
3.719288
3.716555
3.714324
3.712600
3.711302
3.710204
3.709103
3.708042
3.706925
3.705645
3.704280
3.702842
3.701515
3.700238
3.699055
3.697882
3.696866
3.695970
3.695253
3.694709
3.694283
3.693998
3.693779
3.693624
3.693522
3.693464
3.601215
3.103234
3.024562
3.002149
2.993929
2.988778
2.984084
2.976776
2.967541
2.959333
2.952672
2.947506
2.943559
2.940595
2.938172
2.936295
2.934919
2.933819
2.932971
2.932241
2.931489
2.930722
2.929976
2.929202
2.928373
2.927565
2.926940
2.926428
2.925913
2.925355
2.924820
2.924286
2.923754
2.923144
2.922477
2.921706
2.921032
2.920475
2.920030
2.919739
2.919629
2.919555
2.852217
2.609632
2.509414
2.446925
2.417432
2.404920
2.398454
2.393543
2.388836
2.383913
2.379234
2.375515
2.372363
2.369323
2.366524
2.363737
2.360974
2.358501
2.356378
2.354672
2.353240
2.351979
2.350933
2.350082
2.349369
2.348834
2.348368
2.348004
2.347731
2.347498
2.347281
2.347084
2.346904
2.346747
2.346620
2.346486
2.346351
2.346239
2.346157
