2.153687 0.365473 0.955001 1.069298 0.010940 -0.114591 0.027852 -0.106120 -0.169855 -0.138736 -0.158881 -0.139937 
2.048520 0.580896 0.948331 0.912373 -0.077429 0.051491 0.169463 -0.145536 -0.174205 -0.098080 -0.041880 -0.088363 
1.840851 0.761289 0.909505 0.574554 0.178011 0.081490 0.101743 -0.041260 0.018458 -0.044629 -0.007562 0.007489 
2.148516 0.626761 0.583566 0.287288 0.017508 -0.056765 0.033057 -0.031535 -0.080889 0.032645 0.106847 0.055474 
1.814592 0.255163 0.957298 0.766119 -0.126797 -0.017390 -0.246862 -0.229785 -0.026846 -0.212807 -0.196947 0.027104 
2.241292 0.247456 0.970468 0.652289 -0.295633 -0.022099 -0.107224 -0.135950 -0.131304 -0.191753 -0.068575 0.113601 
2.420697 0.278052 0.491119 0.683452 -0.315448 -0.110351 0.159140 0.094171 -0.008577 0.021524 0.060517 0.023135 
2.424690 0.018125 0.493796 0.140228 -0.446095 -0.128641 -0.142060 0.077087 -0.105918 -0.003273 0.094831 -0.074354 
1.615004 -0.258798 0.573323 0.884865 0.019994 0.439442 0.486524 -0.158940 -0.145986 0.191494 0.239297 0.005430 
1.869007 -0.419438 0.477465 0.706429 -0.115125 0.478117 0.585357 -0.038153 -0.237434 0.081237 0.125112 0.042706 
1.707813 0.058739 0.521517 0.385814 0.257530 0.412660 0.382390 -0.016723 -0.027087 0.091388 0.104950 0.075476 
1.717211 0.078806 0.243545 0.192774 0.303289 0.230135 0.129155 0.158197 0.048252 0.014721 0.109832 0.062380 
1.830747 0.431121 0.630753 0.276645 0.034714 0.300360 0.353528 0.087718 0.175453 0.201445 0.004447 -0.005452 
1.082512 0.510514 0.466258 0.091771 0.095609 0.107562 0.262905 0.187391 0.148843 0.153855 0.042219 0.026099 
1.491952 0.688357 0.637376 0.258927 0.232798 0.216942 0.275270 0.164733 0.152740 0.075775 0.072869 0.056359 
1.223952 0.517445 0.442642 0.095951 0.126245 0.127278 0.227572 0.136387 0.089301 0.024287 0.170968 0.062922 
1.062011 0.580845 0.476982 0.172033 0.159282 0.160433 0.271684 0.249010 0.235464 0.115048 0.159697 0.066426 
1.252332 0.578874 0.499117 0.136744 0.086966 0.075305 0.157939 0.127581 0.194844 0.154943 0.171453 0.086973 
1.172871 0.477925 0.475235 0.102532 0.073429 0.128420 0.235212 0.163355 0.243289 0.016924 0.071189 0.054855 
1.033358 0.404820 0.396392 -0.000651 -0.013640 0.027642 0.122673 0.076004 0.126477 0.025353 0.052790 0.066905 
-0.331203 0.907723 0.788214 -0.099134 0.153056 0.167478 0.041484 0.238302 0.197112 -0.012385 0.175997 -0.065474 
0.756226 0.519901 0.350136 0.099807 0.055322 0.208002 0.208909 0.258282 0.196090 -0.020539 0.173127 -0.038197 
-0.302772 0.554218 0.287252 -0.009438 0.169531 0.055698 0.135628 0.261658 0.270684 -0.035253 0.092524 -0.070217 
0.393986 0.315618 0.295059 -0.138339 0.060370 -0.018789 0.155240 0.222104 0.145950 0.075874 0.034644 -0.021248 
2.307190 -0.251604 0.457064 0.212480 -0.319182 0.272203 0.268109 0.080355 0.012948 -0.021626 -0.125455 -0.102206 
2.141190 0.108191 0.041361 0.103913 0.039917 0.081697 0.093029 0.146689 0.251930 0.058329 -0.048197 -0.078730 
2.044852 -0.146545 0.388662 0.451800 0.002823 0.428081 0.467187 0.009262 -0.140640 -0.015328 -0.015793 0.001795 
2.371728 -0.448378 0.344683 0.306564 -0.068905 0.377088 0.178380 -0.087902 -0.121602 -0.096021 -0.108015 0.014072 
2.166900 0.136709 0.910516 0.275883 -0.369633 0.174236 0.024034 0.051076 0.150403 0.034536 0.021459 0.069807 
2.469321 -0.059979 0.332852 0.014203 -0.326247 0.116191 -0.133485 -0.121431 0.092082 0.074445 -0.021372 0.061166 
1.855693 0.481816 0.411846 0.035617 0.039641 0.140104 0.221393 0.059537 -0.016979 -0.042738 -0.029283 -0.015457 
0.219007 0.011987 0.336540 -0.371268 -0.198036 -0.187255 0.279258 -0.043931 -0.083910 0.045396 -0.140388 -0.075260 
